0 0.17421875 0.35859375 0.34609375 0.0671875
0 0.175 0.50234375 0.35 0.0796875
0 0.09140625 0.6546875 0.17109375 0.10859375
0 0.2625 0.6125 0.18046875 0.0890625
0 0.5796875 0.171875 0.14140625 0.0453125
0 0.82890625 0.18671875 0.2609375 0.05390625
0 0.80078125 0.50078125 0.25234375 0.0984375
0 0.575 0.46875 0.19921875 0.071875
0 0.58828125 0.6296875 0.22265625 0.109375
0 0.80546875 0.703125 0.1671875 0.0953125
0 0.55859375 0.76796875 0.1296875 0.08671875
0 0.80390625 0.88359375 0.13203125 0.0703125
0 0.68359375 0.82421875 0.10703125 0.08046875