12 0.19947916666666668 0.665625 0.06770833333333333 0.06458333333333334
12 0.33697916666666666 0.6375 0.07916666666666666 0.04479166666666667
12 0.4427083333333333 0.6244791666666667 0.059375 0.04791666666666667
10 0.8609375 0.34270833333333334 0.20104166666666667 0.090625
16 0.39166666666666666 0.21666666666666667 0.22604166666666667 0.2635416666666667
16 0.24635416666666668 0.2203125 0.13645833333333332 0.23333333333333334
21 0.5869791666666667 0.23802083333333332 0.15104166666666666 0.12291666666666666
21 0.5755208333333334 0.14010416666666667 0.146875 0.08958333333333333
20 0.2947916666666667 0.4348958333333333 0.08854166666666667 0.07083333333333333
12 0.21770833333333334 0.6177083333333333 0.078125 0.046875
20 0.66875 0.8807291666666667 0.225 0.228125
20 0.3125 0.4921875 0.06041666666666667 0.04583333333333333
1 0.19166666666666668 0.46770833333333334 0.11979166666666667 0.06145833333333333
1 0.24270833333333333 0.503125 0.090625 0.04791666666666667
1 0.13489583333333333 0.5109375 0.10416666666666667 0.051041666666666666
1 0.17916666666666667 0.4171875 0.07291666666666667 0.051041666666666666
1 0.103125 0.4296875 0.075 0.058333333333333334
20 0.24375 0.4203125 0.06354166666666666 0.035416666666666666
7 0.8135416666666667 0.8291666666666667 0.16354166666666667 0.1375
9 0.3463541666666667 0.6682291666666667 0.2520833333333333 0.059375