17 0.7333333333333333 0.3453125 0.05572916666666667 0.10885416666666667
5 0.7354166666666667 0.24166666666666667 0.075 0.0453125
5 0.8484375 0.23125 0.08697916666666666 0.03125
11 0.8442708333333333 0.8020833333333334 0.071875 0.09895833333333333
6 0.6046875 0.7380208333333333 0.06875 0.03958333333333333
7 0.5671875 0.5817708333333333 0.071875 0.0421875
10 0.4390625 0.5328125 0.057291666666666664 0.029166666666666667
10 0.4390625 0.4921875 0.0578125 0.049479166666666664
21 0.6234375 0.41458333333333336 0.051041666666666666 0.049479166666666664
16 0.43645833333333334 0.2864583333333333 0.058333333333333334 0.10729166666666666
21 0.5911458333333334 0.4125 0.040625 0.04739583333333333