16 0.9088541666666666 0.7546875 0.15520833333333334 0.3145833333333333
16 0.7927083333333333 0.7151041666666667 0.0921875 0.2755208333333333
21 0.43385416666666665 0.2515625 0.03125 0.0640625
15 0.16458333333333333 0.5104166666666666 0.0734375 0.17708333333333334
3 0.35 0.5296875 0.04791666666666667 0.0640625
9 0.3333333333333333 0.4661458333333333 0.0328125 0.049479166666666664
20 0.4786458333333333 0.5296875 0.051041666666666666 0.05260416666666667
3 0.6276041666666666 0.5145833333333333 0.04479166666666667 0.04114583333333333
20 0.4239583333333333 0.5546875 0.0421875 0.0390625
20 0.3932291666666667 0.5479166666666667 0.027083333333333334 0.0375
20 0.3984375 0.5052083333333334 0.0234375 0.030208333333333334
3 0.3494791666666667 0.49375 0.041666666666666664 0.03854166666666667
10 0.33489583333333334 0.3614583333333333 0.078125 0.049479166666666664
17 0.6078125 0.28229166666666666 0.030729166666666665 0.1328125
21 0.5229166666666667 0.30052083333333335 0.05416666666666667 0.09375
21 0.3307291666666667 0.24322916666666666 0.06614583333333333 0.07708333333333334
21 0.32864583333333336 0.18489583333333334 0.05625 0.043229166666666666
16 0.6755208333333333 0.2578125 0.057291666666666664 0.1875
7 0.35520833333333335 0.8609375 0.08541666666666667 0.0734375