19 0.3307291666666667 0.409375 0.2109375 0.06354166666666666
3 0.4864583333333333 0.4119791666666667 0.07604166666666666 0.058854166666666666
3 0.28072916666666664 0.7052083333333333 0.09322916666666667 0.059895833333333336
10 0.27291666666666664 0.2421875 0.14114583333333333 0.043229166666666666
10 0.28072916666666664 0.31145833333333334 0.13229166666666667 0.044270833333333336
12 0.6458333333333334 0.5020833333333333 0.06875 0.0375
12 0.5541666666666667 0.5130208333333334 0.06875 0.03697916666666667
6 0.6541666666666667 0.6729166666666667 0.11770833333333333 0.04791666666666667
7 0.7473958333333334 0.8145833333333333 0.08802083333333334 0.05260416666666667
18 0.409375 0.7229166666666667 0.06302083333333333 0.04479166666666667
18 0.3484375 0.7197916666666667 0.059375 0.041666666666666664
18 0.3796875 0.6911458333333333 0.05 0.0265625
18 0.38645833333333335 0.6645833333333333 0.0578125 0.026041666666666668
1 0.46041666666666664 0.6880208333333333 0.049479166666666664 0.043229166666666666
1 0.4890625 0.7203125 0.05520833333333333 0.0359375
20 0.8317708333333333 0.5260416666666666 0.15260416666666668 0.05677083333333333