12 0.8057291666666667 0.0640625 0.1296875 0.07604166666666666
12 0.7140625 0.1296875 0.08385416666666666 0.090625
14 0.7869791666666667 0.11822916666666666 0.09375 0.065625
14 0.9484375 0.12395833333333334 0.09895833333333333 0.0859375
14 0.8447916666666667 0.23020833333333332 0.13333333333333333 0.06927083333333334
12 0.7489583333333333 0.20104166666666667 0.10520833333333333 0.1
12 0.8463541666666666 0.153125 0.1109375 0.084375
12 0.93125 0.2046875 0.10364583333333334 0.08177083333333333
6 0.5411458333333333 0.6572916666666667 0.18541666666666667 0.12395833333333334
20 0.18541666666666667 0.49947916666666664 0.0890625 0.0609375
20 0.26875 0.5026041666666666 0.08020833333333334 0.075
20 0.19322916666666667 0.46458333333333335 0.09270833333333334 0.0453125
3 0.7635416666666667 0.5125 0.1234375 0.10729166666666666
3 0.8322916666666667 0.4395833333333333 0.140625 0.1234375
3 0.8208333333333333 0.38229166666666664 0.12239583333333333 0.0546875
3 0.7046875 0.3671875 0.0828125 0.04739583333333333
9 0.9026041666666667 0.3625 0.19479166666666667 0.13177083333333334
10 0.8265625 0.6557291666666667 0.18020833333333333 0.14010416666666667