10 0.35104166666666664 0.36666666666666664 0.0578125 0.027604166666666666
16 0.909375 0.4161458333333333 0.11822916666666666 0.1515625
19 0.4583333333333333 0.45364583333333336 0.08854166666666667 0.034375
19 0.4546875 0.4890625 0.09114583333333333 0.027604166666666666
12 0.584375 0.5630208333333333 0.035416666666666666 0.023958333333333335
12 0.5588541666666667 0.5796875 0.034895833333333334 0.0171875
12 0.6421875 0.5786458333333333 0.033854166666666664 0.018229166666666668
12 0.59375 0.5807291666666666 0.03333333333333333 0.014583333333333334
18 0.6833333333333333 0.5713541666666667 0.0265625 0.019791666666666666
18 0.5494791666666666 0.5619791666666667 0.0265625 0.019270833333333334
18 0.6338541666666667 0.5625 0.028125 0.0171875
18 0.6140625 0.5729166666666666 0.025520833333333333 0.019270833333333334
17 0.165625 0.2942708333333333 0.0484375 0.10416666666666667