16 0.7848958333333333 0.8463541666666666 0.19479166666666667 0.2864583333333333
16 0.6854166666666667 0.8140625 0.13125 0.228125
21 0.7536458333333333 0.5385416666666667 0.15208333333333332 0.15104166666666666
15 0.6536458333333334 0.4921875 0.08958333333333333 0.18958333333333333
21 0.1765625 0.21927083333333333 0.09791666666666667 0.09479166666666666
21 0.4203125 0.22447916666666667 0.08020833333333334 0.065625
5 0.23645833333333333 0.21041666666666667 0.058333333333333334 0.035416666666666666
5 0.246875 0.23854166666666668 0.0625 0.028125
6 0.24114583333333334 0.6958333333333333 0.10833333333333334 0.09375
13 0.41770833333333335 0.8885416666666667 0.11354166666666667 0.1
9 0.3614583333333333 0.946875 0.246875 0.06041666666666667
3 0.28854166666666664 0.9776041666666667 0.07916666666666666 0.04479166666666667
3 0.19895833333333332 0.9552083333333333 0.07708333333333334 0.059375
3 0.2375 0.8822916666666667 0.05520833333333333 0.0375
9 0.309375 0.875 0.04375 0.023958333333333335
16 0.30833333333333335 0.56875 0.09479166666666666 0.096875
16 0.23385416666666667 0.5796875 0.09791666666666667 0.09791666666666667
20 0.196875 0.37604166666666666 0.04479166666666667 0.025
20 0.225 0.3958333333333333 0.035416666666666666 0.028125
19 0.3963541666666667 0.37604166666666666 0.09375 0.05416666666666667
4 0.421875 0.396875 0.1 0.03333333333333333
12 0.25729166666666664 0.39739583333333334 0.04375 0.03958333333333333
12 0.35104166666666664 0.39479166666666665 0.040625 0.035416666666666666