16 0.7661458333333333 0.8609375 0.18072916666666666 0.27760416666666665
16 0.66875 0.8234375 0.1203125 0.221875
21 0.7510416666666667 0.5515625 0.14427083333333332 0.14322916666666666
15 0.6536458333333334 0.5 0.0796875 0.18541666666666667
21 0.19166666666666668 0.20260416666666667 0.09322916666666667 0.09010416666666667
21 0.4348958333333333 0.22083333333333333 0.07760416666666667 0.06145833333333333
5 0.2520833333333333 0.196875 0.05625 0.0328125
5 0.2609375 0.22552083333333334 0.06145833333333333 0.025
6 0.23125 0.6817708333333333 0.10364583333333334 0.08802083333333334
13 0.39739583333333334 0.8838541666666667 0.10885416666666667 0.09479166666666666
9 0.3380208333333333 0.9390625 0.24427083333333333 0.04739583333333333
3 0.2635416666666667 0.9703125 0.07708333333333334 0.050520833333333334
3 0.17552083333333332 0.9390625 0.07447916666666667 0.05520833333333333
3 0.21770833333333334 0.8682291666666667 0.05364583333333333 0.034375
9 0.29010416666666666 0.8645833333333334 0.0421875 0.021875
16 0.30520833333333336 0.5588541666666667 0.09010416666666667 0.0921875
16 0.23020833333333332 0.565625 0.09322916666666667 0.09322916666666667
20 0.20364583333333333 0.36041666666666666 0.04375 0.022916666666666665
20 0.23072916666666668 0.38177083333333334 0.034375 0.026041666666666668
19 0.403125 0.37083333333333335 0.09114583333333333 0.049479166666666664
4 0.4276041666666667 0.3927083333333333 0.0984375 0.028125
12 0.2630208333333333 0.3848958333333333 0.041666666666666664 0.0375
12 0.3567708333333333 0.38697916666666665 0.0390625 0.03333333333333333