10 0.5223958333333333 0.32760416666666664 0.121875 0.046875
21 0.5020833333333333 0.46979166666666666 0.12604166666666666 0.06770833333333333
3 0.48333333333333334 0.5953125 0.11354166666666667 0.10416666666666667
3 0.38177083333333334 0.5854166666666667 0.1125 0.109375
19 0.13697916666666668 0.6052083333333333 0.10416666666666667 0.08125
12 0.5010416666666667 0.8270833333333333 0.06979166666666667 0.058333333333333334
12 0.5010416666666667 0.8916666666666667 0.07604166666666666 0.06458333333333334
12 0.371875 0.8994791666666667 0.071875 0.07604166666666666
12 0.4348958333333333 0.8927083333333333 0.06458333333333334 0.06354166666666666
12 0.4421875 0.8322916666666667 0.04895833333333333 0.058333333333333334
18 0.378125 0.8317708333333333 0.09479166666666666 0.06770833333333333
7 0.3078125 0.30052083333333335 0.1 0.053125
7 0.2171875 0.29739583333333336 0.09270833333333334 0.03854166666666667
20 0.1359375 0.7630208333333334 0.065625 0.04895833333333333
20 0.3385416666666667 0.7546875 0.16458333333333333 0.09479166666666666
20 0.16822916666666668 0.7453125 0.13333333333333333 0.09375