16 0.2171875 0.34791666666666665 0.14583333333333334 0.23125
18 0.7130208333333333 0.25416666666666665 0.06145833333333333 0.04583333333333333
18 0.7697916666666667 0.2598958333333333 0.057291666666666664 0.04583333333333333
18 0.6619791666666667 0.2703125 0.04375 0.03854166666666667
18 0.6953125 0.2911458333333333 0.051041666666666666 0.042708333333333334
18 0.7432291666666667 0.29635416666666664 0.04375 0.042708333333333334
18 0.6255208333333333 0.284375 0.05416666666666667 0.03333333333333333
0 0.26979166666666665 0.7619791666666667 0.08229166666666667 0.06875
0 0.3489583333333333 0.7578125 0.07708333333333334 0.06979166666666667
0 0.40572916666666664 0.7083333333333334 0.08020833333333334 0.057291666666666664
0 0.4328125 0.7546875 0.08229166666666667 0.07083333333333333
20 0.7869791666666667 0.71875 0.11041666666666666 0.06770833333333333
1 0.6880208333333333 0.7322916666666667 0.109375 0.0625
21 0.5552083333333333 0.34739583333333335 0.09583333333333334 0.052083333333333336