1 0.5734375 0.5333333333333333 0.05520833333333333 0.03333333333333333
1 0.5286458333333334 0.5244791666666667 0.0375 0.03125
1 0.6046875 0.5130208333333334 0.03333333333333333 0.029166666666666667
1 0.5880208333333333 0.5229166666666667 0.04375 0.028125
1 0.5640625 0.5083333333333333 0.0375 0.01875
4 0.66875 0.48020833333333335 0.07291666666666667 0.04895833333333333
4 0.6661458333333333 0.51875 0.06354166666666666 0.027083333333333334
10 0.8078125 0.6125 0.04583333333333333 0.03333333333333333
10 0.8026041666666667 0.6697916666666667 0.03958333333333333 0.03125
10 0.80625 0.64375 0.035416666666666666 0.029166666666666667
9 0.5729166666666666 0.6041666666666666 0.06041666666666667 0.042708333333333334