3 0.328125 0.553125 0.13333333333333333 0.10416666666666667
3 0.35208333333333336 0.4864583333333333 0.11145833333333334 0.040625
19 0.490625 0.48385416666666664 0.11927083333333334 0.08489583333333334
9 0.3265625 0.415625 0.0328125 0.09895833333333333
9 0.40572916666666664 0.4276041666666667 0.058854166666666666 0.08958333333333333
9 0.3848958333333333 0.4005208333333333 0.10572916666666667 0.12135416666666667
4 0.5072916666666667 0.3697916666666667 0.11197916666666667 0.10052083333333334
4 0.615625 0.3671875 0.10729166666666666 0.103125
6 0.45989583333333334 0.66875 0.09947916666666666 0.09791666666666667
7 0.203125 0.9135416666666667 0.1078125 0.04583333333333333
7 0.2828125 0.16770833333333332 0.18645833333333334 0.18333333333333332