16 0.8713541666666667 0.878125 0.2203125 0.24375
5 0.3963541666666667 0.15729166666666666 0.08020833333333334 0.0359375
19 0.4203125 0.5458333333333333 0.0921875 0.046875
3 0.328125 0.7 0.07447916666666667 0.0484375
0 0.17291666666666666 0.7869791666666667 0.0640625 0.052083333333333336
0 0.2520833333333333 0.7697916666666667 0.0703125 0.05
0 0.20364583333333333 0.7302083333333333 0.06614583333333333 0.041666666666666664
0 0.2078125 0.6947916666666667 0.059375 0.034375
0 0.14739583333333334 0.7098958333333333 0.04895833333333333 0.03958333333333333
0 0.24739583333333334 0.6994791666666667 0.0421875 0.036458333333333336
20 0.2921875 0.5885416666666666 0.14739583333333334 0.08020833333333334
4 0.15520833333333334 0.6046875 0.08854166666666667 0.06302083333333333
7 0.08958333333333333 0.3421875 0.14635416666666667 0.071875
7 0.10729166666666666 0.3875 0.125 0.025
15 0.6479166666666667 0.4161458333333333 0.08697916666666666 0.17083333333333334