15 0.9052083333333333 0.4432291666666667 0.13645833333333332 0.13333333333333333
1 0.709375 0.45364583333333336 0.1 0.04479166666666667
5 0.6119791666666666 0.2828125 0.0875 0.065625
2 0.465625 0.5557291666666667 0.15625 0.04583333333333333
9 0.39947916666666666 0.5473958333333333 0.03854166666666667 0.020833333333333332
9 0.24791666666666667 0.484375 0.042708333333333334 0.01875
8 0.31666666666666665 0.5557291666666667 0.125 0.052083333333333336
13 0.49895833333333334 0.453125 0.17291666666666666 0.078125
4 0.35052083333333334 0.46458333333333335 0.07083333333333333 0.04375
6 0.43802083333333336 0.37916666666666665 0.17083333333333334 0.034375
5 0.3328125 0.38125 0.05625 0.034375
5 0.275 0.38177083333333334 0.058333333333333334 0.035416666666666666
17 0.2989583333333333 0.2911458333333333 0.05625 0.04895833333333333