18 0.6203125 0.7229166666666667 0.246875 0.0859375
13 0.37916666666666665 0.7098958333333333 0.2557291666666667 0.13229166666666667
17 0.11197916666666667 0.640625 0.12135416666666667 0.1125
14 0.26145833333333335 0.6229166666666667 0.0640625 0.0359375
0 0.39427083333333335 0.609375 0.10572916666666667 0.05677083333333333
0 0.4901041666666667 0.6109375 0.08697916666666666 0.043229166666666666
0 0.5828125 0.603125 0.090625 0.050520833333333334
2 0.4942708333333333 0.584375 0.1921875 0.0453125
2 0.6515625 0.6020833333333333 0.09895833333333333 0.04114583333333333
3 0.6828125 0.565625 0.11822916666666666 0.078125
1 0.6526041666666667 0.453125 0.07447916666666667 0.0359375
21 0.340625 0.4661458333333333 0.1421875 0.0546875
7 0.45625 0.5010416666666667 0.12916666666666668 0.022395833333333334
15 0.425 0.45625 0.15572916666666667 0.0484375
5 0.471875 0.3453125 0.08697916666666666 0.022916666666666665
5 0.7119791666666667 0.328125 0.11822916666666666 0.0578125
8 0.2703125 0.3104166666666667 0.21875 0.04895833333333333
7 0.27291666666666664 0.3484375 0.15833333333333333 0.03229166666666667
9 0.2786458333333333 0.225 0.128125 0.023958333333333335
9 0.5088541666666667 0.22291666666666668 0.15416666666666667 0.021875
18 0.23125 0.21458333333333332 0.09322916666666667 0.04583333333333333
14 0.171875 0.2234375 0.05677083333333333 0.028125
17 0.5229166666666667 0.19322916666666667 0.08958333333333333 0.046875
4 0.3859375 0.19583333333333333 0.14479166666666668 0.07916666666666666
6 0.6734375 0.20208333333333334 0.21458333333333332 0.06145833333333333