18 0.3640625 0.7223958333333333 0.246875 0.15625
3 0.18333333333333332 0.7098958333333333 0.18177083333333333 0.0859375
9 0.6427083333333333 0.7921875 0.165625 0.035416666666666666
20 0.4453125 0.55625 0.09895833333333333 0.0515625
10 0.5619791666666667 0.5364583333333334 0.16770833333333332 0.10625
7 0.7536458333333333 0.5255208333333333 0.20208333333333334 0.05572916666666667
16 0.22864583333333333 0.5192708333333333 0.178125 0.0890625
0 0.25364583333333335 0.4479166666666667 0.128125 0.06614583333333333
0 0.375 0.46770833333333334 0.121875 0.06041666666666667
6 0.2140625 0.3546875 0.22291666666666668 0.09010416666666667
17 0.3859375 0.35104166666666664 0.12083333333333333 0.090625
1 0.4588541666666667 0.375 0.1046875 0.06510416666666667
14 0.6864583333333333 0.4 0.09635416666666667 0.05416666666666667
21 0.5807291666666666 0.35989583333333336 0.16510416666666666 0.11979166666666667
2 0.6791666666666667 0.2234375 0.2484375 0.06041666666666667
0 0.4786458333333333 0.2 0.1640625 0.0828125
0 0.8682291666666667 0.21354166666666666 0.16510416666666666 0.0921875
13 0.7739583333333333 0.35 0.2828125 0.14947916666666666