5 0.08020833333333334 0.5583333333333333 0.15989583333333332 0.0828125
5 0.16666666666666666 0.5609375 0.11458333333333333 0.05572916666666667
2 0.834375 0.41770833333333335 0.21927083333333333 0.04635416666666667
7 0.5942708333333333 0.43802083333333336 0.06875 0.0140625
7 0.6317708333333333 0.5484375 0.11354166666666667 0.019791666666666666
7 0.6614583333333334 0.6416666666666667 0.12708333333333333 0.027604166666666666
9 0.86875 0.65 0.1328125 0.034895833333333334
7 0.7046875 0.75625 0.07916666666666666 0.03177083333333333
7 0.6885416666666667 0.7234375 0.16302083333333334 0.03802083333333333
8 0.8765625 0.7515625 0.19791666666666666 0.06354166666666666
4 0.7619791666666667 0.5338541666666666 0.1 0.05364583333333333
17 0.7067708333333333 0.5203125 0.043229166666666666 0.050520833333333334
15 0.7036458333333333 0.4973958333333333 0.058854166666666666 0.06927083333333334
11 0.9463541666666667 0.5411458333333333 0.09322916666666667 0.03177083333333333
13 0.8161458333333333 0.4984375 0.17708333333333334 0.0875
6 0.7588541666666667 0.40572916666666664 0.12291666666666666 0.03854166666666667
21 0.9182291666666667 0.3963541666666667 0.08333333333333333 0.057291666666666664
14 0.8776041666666666 0.32395833333333335 0.0703125 0.030729166666666665
5 0.7416666666666667 0.32447916666666665 0.11614583333333334 0.046875
14 0.5630208333333333 0.3421875 0.04791666666666667 0.025520833333333333