21 0.4270833333333333 0.5708333333333333 0.13020833333333334 0.09895833333333333
0 0.18541666666666667 0.503125 0.1390625 0.07708333333333334
18 0.06041666666666667 0.49583333333333335 0.12083333333333333 0.0625
9 0.06927083333333334 0.5526041666666667 0.13854166666666667 0.08020833333333334
18 0.559375 0.5479166666666667 0.06197916666666667 0.0328125
0 0.6729166666666667 0.5171875 0.06770833333333333 0.0359375
13 0.7598958333333333 0.4276041666666667 0.1796875 0.09583333333333334
6 0.5953125 0.4484375 0.12135416666666667 0.049479166666666664
5 0.6578125 0.45625 0.0875 0.03333333333333333
2 0.5161458333333333 0.4739583333333333 0.08333333333333333 0.025
14 0.5802083333333333 0.4713541666666667 0.046875 0.025520833333333333
20 0.459375 0.47552083333333334 0.03177083333333333 0.035416666666666666
20 0.6666666666666666 0.3390625 0.06822916666666666 0.034895833333333334
18 0.4786458333333333 0.35625 0.06510416666666667 0.036458333333333336
5 0.34427083333333336 0.23958333333333334 0.14895833333333333 0.084375
1 0.4479166666666667 0.25677083333333334 0.0625 0.0328125
3 0.6635416666666667 0.22864583333333333 0.1171875 0.05677083333333333
5 0.6427083333333333 0.3265625 0.06041666666666667 0.053125
15 0.5739583333333333 0.3177083333333333 0.090625 0.0859375
17 0.4171875 0.34739583333333335 0.0328125 0.052083333333333336