16 0.6734375 0.784375 0.13541666666666666 0.19166666666666668
11 0.8015625 0.6583333333333333 0.24166666666666667 0.13645833333333332
11 0.6817708333333333 0.42291666666666666 0.15729166666666666 0.19166666666666668
16 0.7828125 0.5135416666666667 0.19583333333333333 0.12291666666666666
15 0.5578125 0.353125 0.09479166666666666 0.09270833333333334
2 0.4453125 0.3729166666666667 0.12291666666666666 0.030208333333333334
21 0.1921875 0.33177083333333335 0.090625 0.0625
6 0.23958333333333334 0.4328125 0.13854166666666667 0.04375
20 0.1609375 0.45677083333333335 0.06458333333333334 0.034375
9 0.51875 0.4901041666666667 0.041666666666666664 0.022916666666666665
18 0.37083333333333335 0.46979166666666666 0.03958333333333333 0.034375
18 0.3541666666666667 0.4635416666666667 0.034375 0.029166666666666667
14 0.2755208333333333 0.553125 0.041666666666666664 0.028125
14 0.22916666666666666 0.5546875 0.05 0.030208333333333334
4 0.23541666666666666 0.625 0.057291666666666664 0.052083333333333336
0 0.28802083333333334 0.6390625 0.06666666666666667 0.046875
0 0.321875 0.621875 0.059375 0.036458333333333336
0 0.36666666666666664 0.640625 0.06979166666666667 0.05
3 0.44166666666666665 0.6416666666666667 0.084375 0.06354166666666666
13 0.4239583333333333 0.5484375 0.22916666666666666 0.096875
8 0.25052083333333336 0.46458333333333335 0.11458333333333333 0.03958333333333333
1 0.48333333333333334 0.3651041666666667 0.06145833333333333 0.03333333333333333
7 0.3625 0.25885416666666666 0.06979166666666667 0.025
5 0.8109375 0.303125 0.15208333333333332 0.06458333333333334
7 0.16927083333333334 0.6276041666666666 0.09166666666666666 0.058333333333333334
5 0.27291666666666664 0.33489583333333334 0.07083333333333333 0.03854166666666667
5 0.2682291666666667 0.35833333333333334 0.07604166666666666 0.023958333333333335