9 0.446875 0.3859375 0.19270833333333334 0.0484375
4 0.2 0.31927083333333334 0.19270833333333334 0.09270833333333334
2 0.2635416666666667 0.3640625 0.2989583333333333 0.049479166666666664
7 0.8015625 0.4 0.3578125 0.06875
17 0.3411458333333333 0.13072916666666667 0.14895833333333333 0.109375
17 0.8515625 0.15416666666666667 0.11458333333333333 0.11354166666666667
15 0.7583333333333333 0.4979166666666667 0.225 0.07708333333333334
3 0.5520833333333334 0.4921875 0.15052083333333333 0.07916666666666666
1 0.46197916666666666 0.5583333333333333 0.13072916666666667 0.06041666666666667
20 0.3692708333333333 0.5296875 0.1078125 0.053125
18 0.26875 0.5135416666666667 0.0953125 0.050520833333333334
21 0.4125 0.484375 0.12864583333333332 0.09270833333333334
7 0.428125 0.6947916666666667 0.2390625 0.09947916666666666
8 0.25625 0.8692708333333333 0.30052083333333335 0.14114583333333333