20 0.75 0.3536458333333333 0.10260416666666666 0.051041666666666666
20 0.4921875 0.35520833333333335 0.11145833333333334 0.05260416666666667
0 0.6192708333333333 0.3463541666666667 0.1078125 0.065625
0 0.7895833333333333 0.5083333333333333 0.11145833333333334 0.06875
0 0.5265625 0.5229166666666667 0.11354166666666667 0.0625
5 0.27447916666666666 0.17083333333333334 0.11458333333333333 0.10208333333333333
5 0.6916666666666667 0.178125 0.06510416666666667 0.07552083333333333
15 0.4921875 0.29010416666666666 0.1203125 0.09739583333333333
14 0.8526041666666667 0.3536458333333333 0.071875 0.0453125
14 0.8234375 0.34791666666666665 0.05520833333333333 0.044270833333333336
11 0.5927083333333333 0.48489583333333336 0.27239583333333334 0.051041666666666666
3 0.2859375 0.5046875 0.13125 0.07708333333333334
4 0.39010416666666664 0.49166666666666664 0.08802083333333334 0.06822916666666666
9 0.31875 0.6552083333333333 0.14114583333333333 0.0484375
2 0.48385416666666664 0.646875 0.26666666666666666 0.07447916666666667
6 0.7354166666666667 0.6432291666666666 0.19375 0.07864583333333333
8 0.6208333333333333 0.8203125 0.28020833333333334 0.13385416666666666
13 0.2838541666666667 0.30572916666666666 0.2791666666666667 0.14739583333333334
7 0.7671875 0.159375 0.08541666666666667 0.1
7 0.8010416666666667 0.8447916666666667 0.09427083333333333 0.05625