3 0.7489583333333333 0.196875 0.18541666666666667 0.13125
20 0.5760416666666667 0.2140625 0.109375 0.0375
20 0.484375 0.203125 0.125 0.06770833333333333
0 0.3151041666666667 0.21614583333333334 0.1625 0.096875
21 0.11041666666666666 0.21041666666666667 0.20729166666666668 0.14791666666666667
0 0.8364583333333333 0.3984375 0.12395833333333334 0.06875
8 0.17708333333333334 0.42552083333333335 0.26145833333333335 0.090625
17 0.78125 0.3729166666666667 0.13229166666666667 0.09895833333333333
18 0.6953125 0.4197916666666667 0.13229166666666667 0.075
15 0.5260416666666666 0.3567708333333333 0.14479166666666668 0.14479166666666668
17 0.4114583333333333 0.39791666666666664 0.109375 0.10208333333333333
18 0.6661458333333333 0.5661458333333333 0.10104166666666667 0.052083333333333336
18 0.21614583333333334 0.615625 0.0625 0.041666666666666664
18 0.11875 0.6588541666666666 0.08645833333333333 0.06875
18 0.8005208333333333 0.7567708333333333 0.09479166666666666 0.06354166666666666
2 0.5932291666666667 0.6119791666666666 0.16041666666666668 0.08229166666666667
5 0.3182291666666667 0.6421875 0.19479166666666667 0.08020833333333334
9 0.15625 0.6526041666666667 0.17395833333333333 0.140625
13 0.37604166666666666 0.5682291666666667 0.29270833333333335 0.13125
7 0.27447916666666666 0.475 0.46041666666666664 0.08854166666666667
6 0.38229166666666664 0.85 0.471875 0.1375
0 0.6833333333333333 0.7692708333333333 0.13645833333333332 0.09375
14 0.5244791666666667 0.7640625 0.08125 0.053125
14 0.43697916666666664 0.75 0.08020833333333334 0.04583333333333333
5 0.28489583333333335 0.4015625 0.07291666666666667 0.10208333333333333