3 0.4765625 0.3328125 0.153125 0.08645833333333333
20 0.6005208333333333 0.3458333333333333 0.10520833333333333 0.052083333333333336
9 0.346875 0.353125 0.11354166666666667 0.036458333333333336
16 0.3151041666666667 0.31354166666666666 0.19375 0.06458333333333334
6 0.30885416666666665 0.5052083333333334 0.184375 0.0875
17 0.4276041666666667 0.46927083333333336 0.09270833333333334 0.065625
21 0.5927083333333333 0.4421875 0.06145833333333333 0.053125
10 0.5921875 0.5 0.14166666666666666 0.06770833333333333
0 0.7026041666666667 0.5078125 0.1 0.06770833333333333
0 0.8015625 0.49583333333333335 0.1 0.06979166666666667
8 0.43645833333333334 0.65625 0.22916666666666666 0.13229166666666667
18 0.4046875 0.7677083333333333 0.22604166666666667 0.06979166666666667
16 0.21458333333333332 0.9213541666666667 0.23854166666666668 0.14583333333333334
11 0.1015625 0.6802083333333333 0.203125 0.175
13 0.6921875 0.7479166666666667 0.30520833333333336 0.07395833333333333
11 0.6515625 0.42291666666666666 0.09375 0.07604166666666666
7 0.6880208333333333 0.46510416666666665 0.14791666666666667 0.03333333333333333
2 0.7588541666666667 0.34427083333333336 0.203125 0.0375