16 0.1234375 0.5375 0.13541666666666666 0.15520833333333334
18 0.18125 0.6572916666666667 0.07291666666666667 0.04583333333333333
18 0.16927083333333334 0.7036458333333333 0.08645833333333333 0.053125
18 0.24010416666666667 0.6322916666666667 0.07916666666666666 0.04791666666666667
18 0.2578125 0.6770833333333334 0.078125 0.046875
11 0.3151041666666667 0.6338541666666667 0.08333333333333333 0.10729166666666666
11 0.45364583333333336 0.5994791666666667 0.09791666666666667 0.10833333333333334
11 0.2890625 0.821875 0.20520833333333333 0.10625
2 0.8135416666666667 0.32135416666666666 0.12604166666666666 0.034375
4 0.9015625 0.29635416666666664 0.08125 0.05416666666666667
6 0.6114583333333333 0.43020833333333336 0.10520833333333333 0.04583333333333333
14 0.6848958333333334 0.42864583333333334 0.05625 0.03229166666666667
1 0.7369791666666666 0.4197916666666667 0.04791666666666667 0.036458333333333336
3 0.7875 0.40520833333333334 0.10104166666666667 0.06041666666666667
21 0.715625 0.3958333333333333 0.078125 0.040625
15 0.8901041666666667 0.365625 0.078125 0.06979166666666667
20 0.7364583333333333 0.53125 0.057291666666666664 0.035416666666666666
20 0.7848958333333333 0.5213541666666667 0.04375 0.03229166666666667
0 0.8322916666666667 0.5229166666666667 0.06458333333333334 0.04375
0 0.8453125 0.496875 0.05416666666666667 0.019791666666666666
0 0.8932291666666666 0.5098958333333333 0.06875 0.046875
8 0.6734375 0.5286458333333334 0.13333333333333333 0.04791666666666667
10 0.3453125 0.38958333333333334 0.08854166666666667 0.03958333333333333
17 0.12135416666666667 0.3984375 0.103125 0.07395833333333333
8 0.603125 0.35520833333333335 0.09375 0.03229166666666667
5 0.9338541666666667 0.353125 0.042708333333333334 0.059375
9 0.8875 0.4036458333333333 0.06354166666666666 0.041666666666666664
5 0.9359375 0.390625 0.040625 0.022916666666666665
5 0.9364583333333333 0.4083333333333333 0.04583333333333333 0.020833333333333332
13 0.7244791666666667 0.5947916666666667 0.18541666666666667 0.09895833333333333