14 0.7010416666666667 0.4734375 0.041666666666666664 0.051041666666666666
15 0.7140625 0.3958333333333333 0.08541666666666667 0.11145833333333334
10 0.9494791666666667 0.23802083333333332 0.10104166666666667 0.057291666666666664
17 0.5739583333333333 0.18072916666666666 0.10833333333333334 0.08541666666666667
6 0.26614583333333336 0.12708333333333333 0.15 0.06666666666666667
20 0.23802083333333332 0.259375 0.084375 0.052083333333333336
1 0.31302083333333336 0.2713541666666667 0.075 0.051041666666666666
18 0.3776041666666667 0.28802083333333334 0.0875 0.05
18 0.3807291666666667 0.26666666666666666 0.06666666666666667 0.021875
18 0.471875 0.30104166666666665 0.08333333333333333 0.052083333333333336
18 0.5833333333333334 0.29270833333333335 0.11041666666666666 0.075
3 0.5666666666666667 0.4390625 0.10833333333333334 0.065625
0 0.4479166666666667 0.2838541666666667 0.078125 0.05625
9 0.5302083333333333 0.296875 0.08020833333333334 0.036458333333333336
21 0.3807291666666667 0.25416666666666665 0.07395833333333333 0.034375
17 0.3234375 0.240625 0.06770833333333333 0.040625
5 0.5765625 0.33125 0.14375 0.042708333333333334
10 0.18958333333333333 0.3958333333333333 0.12083333333333333 0.058333333333333334
4 0.18541666666666667 0.3567708333333333 0.10520833333333333 0.06041666666666667
13 0.4015625 0.37395833333333334 0.2 0.0875
8 0.39791666666666664 0.4192708333333333 0.18125 0.06145833333333333
20 0.4822916666666667 0.43072916666666666 0.03958333333333333 0.03229166666666667
9 0.49270833333333336 0.44375 0.04895833333333333 0.023958333333333335
9 0.5088541666666667 0.43020833333333336 0.01875 0.0125
7 0.3734375 0.5208333333333334 0.15625 0.06354166666666666
5 0.6661458333333333 0.7098958333333333 0.17916666666666667 0.13854166666666667
5 0.6770833333333334 0.6260416666666667 0.16458333333333333 0.08541666666666667
16 0.5817708333333333 0.8609375 0.203125 0.209375
16 0.5239583333333333 0.7697916666666667 0.10104166666666667 0.196875