8 0.63125 0.5666666666666667 0.13958333333333334 0.059375
2 0.3145833333333333 0.5145833333333333 0.15833333333333333 0.040625
6 0.5109375 0.4765625 0.15104166666666666 0.04375
9 0.5744791666666667 0.45677083333333335 0.04895833333333333 0.029166666666666667
4 0.6588541666666666 0.45416666666666666 0.10208333333333333 0.057291666666666664
5 0.43385416666666665 0.34375 0.10833333333333334 0.036458333333333336
5 0.4484375 0.36041666666666666 0.13854166666666667 0.051041666666666666
21 0.5265625 0.32760416666666664 0.11041666666666666 0.08333333333333333
1 0.6546875 0.32916666666666666 0.09583333333333334 0.052083333333333336
9 0.3104166666666667 0.2713541666666667 0.053125 0.019791666666666666
2 0.6109375 0.22864583333333333 0.09791666666666667 0.028125
17 0.5203125 0.21875 0.07708333333333334 0.06979166666666667
13 0.37864583333333335 0.45364583333333336 0.20208333333333334 0.08958333333333333
5 0.05572916666666667 0.265625 0.11145833333333334 0.10208333333333333
7 0.3020833333333333 0.3848958333333333 0.16875 0.04583333333333333
6 0.690625 0.4078125 0.029166666666666667 0.03125