3 0.8364583333333333 0.17239583333333333 0.21770833333333334 0.13958333333333334
21 0.6395833333333333 0.1671875 0.20885416666666667 0.15729166666666666
7 0.371875 0.22760416666666666 0.14114583333333333 0.03802083333333333
0 0.21875 0.19322916666666667 0.1703125 0.10989583333333333
0 0.128125 0.18645833333333334 0.0734375 0.08854166666666667
6 0.6651041666666667 0.3828125 0.221875 0.11927083333333334
9 0.16145833333333334 0.39114583333333336 0.19375 0.07604166666666666
14 0.33125 0.4046875 0.0984375 0.05520833333333333
14 0.2989583333333333 0.3875 0.08385416666666666 0.0453125
1 0.5046875 0.39739583333333334 0.11041666666666666 0.07135416666666666
11 0.5109375 0.3572916666666667 0.3484375 0.11927083333333334
5 0.8546875 0.4114583333333333 0.15416666666666667 0.040625
5 0.840625 0.3546875 0.15885416666666666 0.07604166666666666
5 0.8114583333333333 0.30520833333333336 0.096875 0.10572916666666667
7 0.1984375 0.5390625 0.14270833333333333 0.1296875
8 0.3921875 0.5239583333333333 0.1953125 0.05364583333333333
8 0.38385416666666666 0.5651041666666666 0.19375 0.053125
4 0.5515625 0.5317708333333333 0.12552083333333333 0.07291666666666667
2 0.65 0.546875 0.17395833333333333 0.11458333333333333
20 0.7067708333333333 0.5697916666666667 0.10364583333333334 0.059895833333333336
20 0.8135416666666667 0.5697916666666667 0.10729166666666666 0.05677083333333333
20 0.7770833333333333 0.525 0.10677083333333333 0.0484375
18 0.4869791666666667 0.6828125 0.20729166666666668 0.125
18 0.3651041666666667 0.709375 0.09322916666666667 0.0578125
18 0.6057291666666667 0.6703125 0.0765625 0.044270833333333336
18 0.653125 0.7088541666666667 0.10572916666666667 0.06041666666666667
18 0.7588541666666667 0.703125 0.1015625 0.058333333333333334
13 0.32395833333333335 0.84375 0.296875 0.178125
7 0.06666666666666667 0.23697916666666666 0.13333333333333333 0.034375
17 0.49583333333333335 0.1875 0.08385416666666666 0.09583333333333334