8 0.4354166666666667 0.28177083333333336 0.309375 0.084375
5 0.2125 0.2953125 0.12395833333333334 0.03229166666666667
14 0.7989583333333333 0.30885416666666665 0.075 0.03958333333333333
9 0.23802083333333332 0.43125 0.1375 0.034375
6 0.4046875 0.43802083333333336 0.190625 0.053125
3 0.5484375 0.42083333333333334 0.15416666666666667 0.08333333333333333
0 0.6572916666666667 0.4203125 0.08541666666666667 0.05625
17 0.8036458333333333 0.425 0.090625 0.08333333333333333
20 0.45625 0.5364583333333334 0.08229166666666667 0.042708333333333334
14 0.63125 0.603125 0.06875 0.042708333333333334
9 0.7510416666666667 0.6208333333333333 0.16875 0.053125
1 0.7802083333333333 0.5869791666666667 0.07916666666666666 0.04479166666666667
13 0.7348958333333333 0.27291666666666664 0.24375 0.10729166666666666
11 0.27760416666666665 0.51875 0.12395833333333334 0.07291666666666667
15 0.32395833333333335 0.5432291666666667 0.10833333333333334 0.04791666666666667
20 0.4354166666666667 0.5578125 0.08541666666666667 0.027083333333333334
21 0.5671875 0.38697916666666665 0.11979166666666667 0.04895833333333333
2 0.5994791666666667 0.3078125 0.128125 0.03125
18 0.5921875 0.2864583333333333 0.05 0.025
7 0.628125 0.590625 0.23020833333333332 0.05625
7 0.3609375 0.8083333333333333 0.103125 0.04791666666666667
7 0.5859375 0.846875 0.18333333333333332 0.09895833333333333