5 0.11822916666666666 0.459375 0.1515625 0.0453125
5 0.18645833333333334 0.571875 0.11770833333333333 0.07760416666666667
5 0.6005208333333333 0.46875 0.057291666666666664 0.016666666666666666
11 0.13229166666666667 0.2760416666666667 0.2265625 0.051041666666666666
11 0.25364583333333335 0.7479166666666667 0.10729166666666666 0.11510416666666666
11 0.29375 0.725 0.11145833333333334 0.11666666666666667
11 0.3453125 0.5104166666666666 0.08802083333333334 0.10520833333333333
21 0.41458333333333336 0.6963541666666667 0.08541666666666667 0.0828125
1 0.41875 0.2869791666666667 0.05260416666666667 0.029166666666666667
9 0.5255208333333333 0.29270833333333335 0.07760416666666667 0.021875
14 0.5614583333333333 0.2864583333333333 0.0390625 0.01875
14 0.7302083333333333 0.3453125 0.041666666666666664 0.024479166666666666
4 0.6494791666666667 0.2671875 0.05364583333333333 0.03229166666666667
18 0.63125 0.2760416666666667 0.0546875 0.025
18 0.6916666666666667 0.26666666666666666 0.05625 0.030729166666666665
18 0.621875 0.35572916666666665 0.05 0.0296875
6 0.4479166666666667 0.37552083333333336 0.15208333333333332 0.034375
3 0.5546875 0.35520833333333335 0.078125 0.0484375
0 0.6776041666666667 0.3458333333333333 0.058854166666666666 0.034895833333333334
15 0.6796875 0.3203125 0.078125 0.05260416666666667
0 0.4734375 0.47552083333333334 0.059375 0.03229166666666667
18 0.42083333333333334 0.48125 0.046875 0.027083333333333334
20 0.5432291666666667 0.46979166666666666 0.05625 0.026041666666666668
2 0.4895833333333333 0.5510416666666667 0.09166666666666666 0.03229166666666667
8 0.5953125 0.5354166666666667 0.12708333333333333 0.04114583333333333
0 0.6895833333333333 0.5223958333333333 0.059895833333333336 0.03697916666666667
0 0.6640625 0.6125 0.0625 0.036458333333333336
13 0.6604166666666667 0.4390625 0.15885416666666666 0.0625
17 0.09270833333333334 0.5911458333333334 0.11770833333333333 0.08020833333333334
10 0.2869791666666667 0.29322916666666665 0.044270833333333336 0.026041666666666668
7 0.7526041666666666 0.6125 0.06510416666666667 0.0171875
7 0.5604166666666667 0.6307291666666667 0.10833333333333334 0.036458333333333336
18 0.5072916666666667 0.47239583333333335 0.025 0.0265625