0 0.9317708333333333 0.34010416666666665 0.13645833333333332 0.07395833333333333
10 0.6557291666666667 0.3333333333333333 0.134375 0.03854166666666667
14 0.8296875 0.35104166666666664 0.06770833333333333 0.05
14 0.7828125 0.34427083333333336 0.0625 0.040625
11 0.9380208333333333 0.48385416666666664 0.1125 0.19895833333333332
15 0.771875 0.48333333333333334 0.11979166666666667 0.11979166666666667
16 0.7385416666666667 0.7536458333333333 0.10208333333333333 0.13854166666666667
17 0.41041666666666665 0.28854166666666664 0.06770833333333333 0.05
16 0.534375 0.3671875 0.075 0.0375
5 0.5140625 0.3921875 0.10625 0.022916666666666665
2 0.41458333333333336 0.39166666666666666 0.13645833333333332 0.027083333333333334
0 0.41302083333333334 0.37395833333333334 0.059375 0.029166666666666667
20 0.3125 0.3885416666666667 0.051041666666666666 0.030208333333333334
9 0.3536458333333333 0.3796875 0.06041666666666667 0.015625
9 0.2760416666666667 0.378125 0.0375 0.021875
6 0.5302083333333333 0.46979166666666666 0.07395833333333333 0.05
10 0.35260416666666666 0.48333333333333334 0.18854166666666666 0.04375
13 0.27239583333333334 0.4479166666666667 0.103125 0.053125
8 0.309375 0.553125 0.11458333333333333 0.035416666666666666
18 0.38385416666666666 0.6453125 0.3104166666666667 0.06666666666666667
7 0.4322916666666667 0.553125 0.11770833333333333 0.051041666666666666
20 0.4786458333333333 0.4734375 0.04791666666666667 0.025
21 0.45364583333333336 0.44114583333333335 0.06979166666666667 0.03854166666666667
7 0.21822916666666667 0.4 0.14270833333333333 0.026041666666666668
17 0.21927083333333333 0.29270833333333335 0.053125 0.04791666666666667
11 0.484375 0.3026041666666667 0.07083333333333333 0.03229166666666667
11 0.5411458333333333 0.29583333333333334 0.051041666666666666 0.03958333333333333