7 0.6208333333333333 0.6994791666666667 0.09479166666666666 0.03958333333333333
5 0.7921875 0.5229166666666667 0.12708333333333333 0.06875
1 0.7369791666666666 0.42604166666666665 0.103125 0.05416666666666667
6 0.7286458333333333 0.4390625 0.16875 0.034375
6 0.7833333333333333 0.5489583333333333 0.1125 0.029166666666666667
6 0.6484375 0.5411458333333333 0.19895833333333332 0.09375
13 0.5526041666666667 0.5583333333333333 0.29791666666666666 0.146875
14 0.3619791666666667 0.5067708333333333 0.0625 0.0375
9 0.490625 0.48333333333333334 0.05416666666666667 0.025
14 0.5588541666666667 0.4666666666666667 0.06145833333333333 0.036458333333333336
4 0.5572916666666666 0.4473958333333333 0.11875 0.06666666666666667
17 0.42604166666666665 0.47552083333333334 0.090625 0.07083333333333333
17 0.2635416666666667 0.3463541666666667 0.096875 0.08020833333333334
3 0.3885416666666667 0.3223958333333333 0.13125 0.08958333333333333
9 0.3255208333333333 0.36302083333333335 0.042708333333333334 0.01875
7 0.5411458333333333 0.2994791666666667 0.15 0.08229166666666667
5 0.6421875 0.2911458333333333 0.13854166666666667 0.0625
6 0.7385416666666667 0.2796875 0.057291666666666664 0.028125
9 0.7890625 0.2677083333333333 0.05625 0.03125
2 0.3463541666666667 0.23072916666666668 0.21041666666666667 0.09895833333333333
21 0.31354166666666666 0.20572916666666666 0.11666666666666667 0.06145833333333333
7 0.21666666666666667 0.265625 0.06458333333333334 0.034375
8 0.6567708333333333 0.17291666666666666 0.23020833333333332 0.090625