15 0.0671875 0.9182291666666667 0.134375 0.16354166666666667
16 0.2786458333333333 0.7921875 0.18020833333333333 0.17395833333333333
16 0.35833333333333334 0.7427083333333333 0.12864583333333332 0.18385416666666668
11 0.2765625 0.5614583333333333 0.12395833333333334 0.1265625
11 0.1265625 0.5979166666666667 0.2526041666666667 0.1265625
11 0.22395833333333334 0.3880208333333333 0.171875 0.2015625
10 0.030729166666666665 0.2526041666666667 0.0609375 0.04114583333333333
10 0.15520833333333334 0.2515625 0.0734375 0.03958333333333333
3 0.33229166666666665 0.23489583333333333 0.1078125 0.0578125
14 0.4166666666666667 0.24322916666666666 0.05416666666666667 0.028125
21 0.4473958333333333 0.2171875 0.08645833333333333 0.05
1 0.5083333333333333 0.22864583333333333 0.06197916666666667 0.026041666666666668
7 0.515625 0.2453125 0.128125 0.0140625
10 0.5921875 0.22291666666666668 0.11510416666666666 0.044270833333333336
18 0.6864583333333333 0.21875 0.07395833333333333 0.04010416666666667
18 0.7630208333333334 0.2125 0.07760416666666667 0.04114583333333333
2 0.459375 0.3484375 0.1125 0.021354166666666667
17 0.4203125 0.325 0.0546875 0.04895833333333333
17 0.5807291666666666 0.3229166666666667 0.08489583333333334 0.0640625
8 0.6208333333333333 0.46041666666666664 0.13645833333333332 0.034895833333333334
7 0.4708333333333333 0.47239583333333335 0.13229166666666667 0.025520833333333333
7 0.48385416666666664 0.5375 0.13697916666666668 0.04635416666666667
11 0.659375 0.44114583333333335 0.12239583333333333 0.028645833333333332
0 0.7 0.5489583333333333 0.08177083333333333 0.041666666666666664
0 0.6494791666666667 0.5380208333333333 0.07604166666666666 0.04479166666666667
6 0.5098958333333333 0.665625 0.20989583333333334 0.041666666666666664
18 0.6442708333333333 0.6427083333333333 0.059375 0.034895833333333334
18 0.55 0.6270833333333333 0.06302083333333333 0.033854166666666664
18 0.45364583333333336 0.6302083333333334 0.05572916666666667 0.03125
13 0.7338541666666667 0.6229166666666667 0.18125 0.08958333333333333