6 0.7322916666666667 0.7833333333333333 0.29635416666666664 0.08072916666666667
8 0.7640625 0.8255208333333334 0.20625 0.058854166666666666
4 0.49947916666666664 0.5380208333333333 0.14114583333333333 0.08125
17 0.4078125 0.5244791666666667 0.08072916666666667 0.06927083333333334
17 0.6619791666666667 0.49895833333333334 0.0890625 0.0671875
9 0.6953125 0.45364583333333336 0.090625 0.023958333333333335
13 0.521875 0.48125 0.2375 0.11458333333333333
15 0.39010416666666664 0.4901041666666667 0.08541666666666667 0.09375
7 0.25625 0.42291666666666666 0.08645833333333333 0.021875
21 0.5671875 0.35625 0.12395833333333334 0.08854166666666667
1 0.5057291666666667 0.37552083333333336 0.0640625 0.04583333333333333
2 0.4234375 0.3932291666666667 0.04479166666666667 0.028645833333333332
2 0.525 0.2604166666666667 0.0890625 0.022916666666666665
14 0.6526041666666667 0.23802083333333332 0.08229166666666667 0.043229166666666666
14 0.2953125 0.27395833333333336 0.0484375 0.0265625
9 0.22083333333333333 0.2791666666666667 0.10520833333333333 0.029166666666666667
9 0.14270833333333333 0.2859375 0.06197916666666667 0.023958333333333335
7 0.7078125 0.38697916666666665 0.1578125 0.028645833333333332
5 0.6333333333333333 0.23177083333333334 0.15208333333333332 0.0671875