10 0.2859375 0.3302083333333333 0.259375 0.08125
0 0.040625 0.35989583333333336 0.08125 0.059375
18 0.3177083333333333 0.47291666666666665 0.24791666666666667 0.09375
11 0.046875 0.4921875 0.09375 0.14270833333333333
7 0.4317708333333333 0.47552083333333334 0.08541666666666667 0.035416666666666666
16 0.3338541666666667 0.7197916666666667 0.11041666666666666 0.15416666666666667
11 0.22083333333333333 0.7708333333333334 0.09791666666666667 0.11770833333333333
17 0.565625 0.296875 0.06875 0.053125
14 0.6182291666666667 0.3015625 0.04375 0.026041666666666668
5 0.6708333333333333 0.2989583333333333 0.06458333333333334 0.020833333333333332
0 0.8729166666666667 0.25 0.06979166666666667 0.03229166666666667
2 0.8619791666666666 0.2703125 0.10833333333333334 0.026041666666666668
16 0.9046875 0.33489583333333334 0.06666666666666667 0.053125
20 0.7390625 0.3640625 0.05520833333333333 0.035416666666666666
11 0.6494791666666667 0.3796875 0.13125 0.035416666666666666
4 0.6708333333333333 0.3541666666666667 0.084375 0.029166666666666667
15 0.7067708333333333 0.44895833333333335 0.078125 0.075
13 0.6197916666666666 0.4421875 0.11354166666666667 0.06875
1 0.9125 0.43333333333333335 0.05520833333333333 0.029166666666666667
5 0.7796875 0.465625 0.06979166666666667 0.025
7 0.7895833333333333 0.4348958333333333 0.078125 0.04479166666666667
5 0.6229166666666667 0.48020833333333335 0.05520833333333333 0.017708333333333333
20 0.6645833333333333 0.47291666666666665 0.03125 0.023958333333333335
6 0.8515625 0.54375 0.19270833333333334 0.04375
8 0.884375 0.5151041666666667 0.11145833333333334 0.04583333333333333
7 0.7203125 0.546875 0.10416666666666667 0.05