8 0.18020833333333333 0.3963541666666667 0.31197916666666664 0.07708333333333334
21 0.6416666666666667 0.3625 0.14791666666666667 0.12083333333333333
5 0.8302083333333333 0.3609375 0.18072916666666666 0.0421875
5 0.825 0.39947916666666666 0.19947916666666668 0.0390625
0 0.29375 0.5505208333333333 0.14010416666666667 0.08125
6 0.584375 0.5401041666666667 0.26875 0.06458333333333334
17 0.8817708333333333 0.5119791666666667 0.11041666666666666 0.09791666666666667
13 0.44427083333333334 0.6734375 0.22916666666666666 0.09322916666666667
16 0.6802083333333333 0.7213541666666666 0.19375 0.11510416666666666
1 0.5322916666666667 0.7463541666666667 0.11041666666666666 0.0625
10 0.6026041666666667 0.6770833333333334 0.11145833333333334 0.07291666666666667
20 0.88125 0.7119791666666667 0.10677083333333333 0.05520833333333333
20 0.8145833333333333 0.7432291666666667 0.1125 0.041666666666666664
15 0.27395833333333336 0.6921875 0.11458333333333333 0.09583333333333334
2 0.41458333333333336 0.7338541666666667 0.1375 0.0390625
17 0.4 0.5390625 0.12708333333333333 0.0671875
7 0.8286458333333333 0.5817708333333333 0.24739583333333334 0.036458333333333336