16 0.51875 0.51875 0.09583333333333334 0.06354166666666666
9 0.2609375 0.5135416666666667 0.14895833333333333 0.04739583333333333
5 0.3890625 0.5208333333333334 0.12916666666666668 0.041666666666666664
1 0.4322916666666667 0.5109375 0.06770833333333333 0.04375
13 0.6447916666666667 0.5036458333333333 0.2140625 0.1078125
20 0.7322916666666667 0.5296875 0.08958333333333333 0.043229166666666666
20 0.6640625 0.5333333333333333 0.06770833333333333 0.028125
6 0.59375 0.37083333333333335 0.18333333333333332 0.0671875
14 0.4895833333333333 0.37916666666666665 0.05416666666666667 0.030729166666666665
17 0.5354166666666667 0.35208333333333336 0.06927083333333334 0.042708333333333334
7 0.37552083333333336 0.3802083333333333 0.13802083333333334 0.019270833333333334
15 0.46822916666666664 0.3578125 0.07291666666666667 0.030729166666666665
8 0.3776041666666667 0.3411458333333333 0.13854166666666667 0.0625
14 0.5598958333333334 0.25625 0.06927083333333334 0.0453125
21 0.6171875 0.3578125 0.10729166666666666 0.059895833333333336
3 0.7421875 0.37395833333333334 0.125 0.0578125
0 0.653125 0.2609375 0.11354166666666667 0.059895833333333336
0 0.7947916666666667 0.2640625 0.11197916666666667 0.071875