16 0.30364583333333334 0.903125 0.18229166666666666 0.19375
5 0.40729166666666666 0.22760416666666666 0.10052083333333334 0.01875
18 0.58125 0.20260416666666667 0.0671875 0.020833333333333332
18 0.7411458333333333 0.4484375 0.13333333333333333 0.06666666666666667
14 0.7661458333333333 0.4708333333333333 0.049479166666666664 0.027604166666666666
9 0.43125 0.34010416666666665 0.07916666666666666 0.027604166666666666
8 0.5989583333333334 0.3307291666666667 0.21875 0.04479166666666667
3 0.5114583333333333 0.31197916666666664 0.1078125 0.059895833333333336
21 0.603125 0.2864583333333333 0.109375 0.042708333333333334
10 0.7151041666666667 0.3177083333333333 0.14270833333333333 0.053125
15 0.5359375 0.4114583333333333 0.09270833333333334 0.06666666666666667
1 0.6057291666666667 0.41875 0.05625 0.04583333333333333
20 0.6703125 0.42083333333333334 0.06614583333333333 0.03229166666666667
20 0.6390625 0.43645833333333334 0.06979166666666667 0.018229166666666668
6 0.7854166666666667 0.48802083333333335 0.049479166666666664 0.024479166666666666
11 0.22135416666666666 0.35 0.16458333333333333 0.1546875
5 0.10677083333333333 0.2265625 0.15885416666666666 0.075
2 0.5583333333333333 0.2171875 0.15572916666666667 0.027604166666666666
0 0.7885416666666667 0.309375 0.027604166666666666 0.05
10 0.13229166666666667 0.20677083333333332 0.10052083333333334 0.01875
11 0.31302083333333336 0.546875 0.041666666666666664 0.10989583333333333
7 0.7239583333333334 0.6708333333333333 0.16979166666666667 0.0484375
7 0.5817708333333333 0.6416666666666667 0.084375 0.027083333333333334