13 0.4552083333333333 0.22864583333333333 0.36875 0.18958333333333333
5 0.18541666666666667 0.23541666666666666 0.209375 0.078125
5 0.17916666666666667 0.2796875 0.21041666666666667 0.052083333333333336
17 0.5354166666666667 0.44166666666666665 0.18333333333333332 0.07083333333333333
1 0.8520833333333333 0.46927083333333336 0.16041666666666668 0.08020833333333334
0 0.14479166666666668 0.4265625 0.15833333333333333 0.09166666666666666
7 0.1140625 0.4822916666666667 0.228125 0.04375
7 0.3229166666666667 0.48489583333333336 0.21458333333333332 0.046875
21 0.396875 0.4125 0.16666666666666666 0.11041666666666666
6 0.6770833333333334 0.48802083333333335 0.3333333333333333 0.09270833333333334
15 0.7135416666666666 0.6213541666666667 0.17916666666666667 0.09791666666666667
2 0.6625 0.6791666666666667 0.30104166666666665 0.057291666666666664
3 0.4734375 0.6083333333333333 0.128125 0.08541666666666667
16 0.37916666666666665 0.6229166666666667 0.15416666666666667 0.13541666666666666
20 0.13333333333333333 0.6088541666666667 0.11770833333333333 0.06041666666666667
20 0.19791666666666666 0.6375 0.115625 0.03854166666666667
9 0.24635416666666668 0.609375 0.10208333333333333 0.04583333333333333
8 0.6302083333333334 0.8125 0.2625 0.14479166666666668
7 0.31979166666666664 0.9463541666666667 0.17916666666666667 0.10208333333333333