2 0.4588541666666667 0.4171875 0.25729166666666664 0.04791666666666667
14 0.7604166666666666 0.3619791666666667 0.071875 0.046875
5 0.8348958333333333 0.3359375 0.071875 0.08125
4 0.8583333333333333 0.5234375 0.16770833333333332 0.03958333333333333
9 0.8463541666666666 0.5588541666666667 0.22395833333333334 0.04479166666666667
13 0.5817708333333333 0.525 0.27291666666666664 0.08020833333333334
21 0.3828125 0.5890625 0.13020833333333334 0.09375
2 0.809375 0.45989583333333334 0.065625 0.0375
9 0.8098958333333334 0.48541666666666666 0.121875 0.028125
15 0.446875 0.3796875 0.10729166666666666 0.052083333333333336
7 0.7229166666666667 0.36354166666666665 0.17916666666666667 0.10729166666666666
14 0.3494791666666667 0.33125 0.07083333333333333 0.040625
17 0.46927083333333336 0.27447916666666666 0.1 0.09583333333333334
6 0.43802083333333336 0.4427083333333333 0.29270833333333335 0.046875
1 0.7026041666666667 0.5604166666666667 0.11875 0.059375