21 0.7354166666666667 0.26666666666666666 0.13229166666666667 0.096875
6 0.265625 0.4453125 0.24479166666666666 0.058333333333333334
13 0.45625 0.39895833333333336 0.2755208333333333 0.1359375
0 0.6567708333333333 0.4322916666666667 0.1015625 0.06770833333333333
3 0.6359375 0.5932291666666667 0.1390625 0.08072916666666667
1 0.32708333333333334 0.6208333333333333 0.12916666666666668 0.051041666666666666
2 0.49375 0.6338541666666667 0.209375 0.05416666666666667
9 0.70625 0.6322916666666667 0.11145833333333334 0.058854166666666666
20 0.8619791666666666 0.6333333333333333 0.11666666666666667 0.05520833333333333
20 0.8130208333333333 0.6598958333333333 0.11770833333333333 0.03802083333333333
18 0.18645833333333334 0.25625 0.12864583333333332 0.0703125
5 0.8026041666666667 0.28229166666666666 0.109375 0.07239583333333334
17 0.9291666666666667 0.44114583333333335 0.1140625 0.09791666666666667
7 0.6447916666666667 0.48854166666666665 0.25625 0.03177083333333333
7 0.89375 0.5010416666666667 0.20572916666666666 0.043229166666666666
8 0.4479166666666667 0.5942708333333333 0.134375 0.050520833333333334
15 0.8151041666666666 0.6067708333333334 0.11979166666666667 0.06927083333333334
14 0.3151041666666667 0.5786458333333333 0.06666666666666667 0.03333333333333333