4 0.49322916666666666 0.13645833333333332 0.140625 0.10416666666666667
17 0.33958333333333335 0.0921875 0.13854166666666667 0.11979166666666667
8 0.7807291666666667 0.33645833333333336 0.3 0.09270833333333334
6 0.440625 0.28072916666666664 0.36770833333333336 0.09895833333333333
14 0.55 0.41458333333333336 0.059375 0.035416666666666666
21 0.5541666666666667 0.45416666666666666 0.11041666666666666 0.06354166666666666
3 0.39895833333333336 0.43697916666666664 0.13229166666666667 0.07291666666666667
1 0.30364583333333334 0.4276041666666667 0.078125 0.05
0 0.634375 0.6484375 0.11979166666666667 0.07708333333333334
0 0.5234375 0.6296875 0.09583333333333334 0.06458333333333334
18 0.3671875 0.5979166666666667 0.22083333333333333 0.07291666666666667
2 0.25885416666666666 0.5536458333333333 0.24583333333333332 0.09791666666666667
20 0.5489583333333333 0.7979166666666667 0.09166666666666666 0.058333333333333334
13 0.6552083333333333 0.4984375 0.33125 0.15104166666666666
20 0.20572916666666666 0.421875 0.10208333333333333 0.058333333333333334
7 0.3375 0.4661458333333333 0.13645833333333332 0.0375
18 0.2640625 0.24479166666666666 0.053125 0.0375
9 0.5098958333333333 0.07291666666666667 0.13541666666666666 0.0625
14 0.7770833333333333 0.3020833333333333 0.078125 0.035416666666666666
15 0.8260416666666667 0.3 0.11666666666666667 0.06666666666666667
18 0.46770833333333334 0.5703125 0.0875 0.052083333333333336