3 0.3619791666666667 0.4739583333333333 0.1390625 0.08072916666666667
9 0.47239583333333335 0.4947916666666667 0.11458333333333333 0.05520833333333333
20 0.5010416666666667 0.4796875 0.07864583333333333 0.04583333333333333
14 0.4395833333333333 0.4578125 0.044270833333333336 0.028125
20 0.9020833333333333 0.315625 0.134375 0.07447916666666667
17 0.7760416666666666 0.44947916666666665 0.09114583333333333 0.07083333333333333
0 0.6088541666666667 0.5984375 0.1140625 0.059375
13 0.6005208333333333 0.45364583333333336 0.2630208333333333 0.14375
4 0.24739583333333334 0.309375 0.19895833333333332 0.10416666666666667
9 0.15885416666666666 0.3385416666666667 0.042708333333333334 0.0328125
2 0.4359375 0.33229166666666665 0.12395833333333334 0.0390625
0 0.37864583333333335 0.3 0.0984375 0.06354166666666666
1 0.8291666666666667 0.3046875 0.12291666666666666 0.06927083333333334
21 0.6932291666666667 0.284375 0.16614583333333333 0.125
6 0.5119791666666667 0.31666666666666665 0.2916666666666667 0.08802083333333334
5 0.15208333333333332 0.146875 0.23385416666666667 0.04375
11 0.6880208333333333 0.12760416666666666 0.22760416666666666 0.0609375
7 0.8427083333333333 0.13229166666666667 0.29739583333333336 0.0375
8 0.8140625 0.5104166666666666 0.26666666666666666 0.0984375
5 0.8703125 0.45677083333333335 0.14114583333333333 0.030208333333333334