11 0.07135416666666666 0.5119791666666667 0.14270833333333333 0.14479166666666668
5 0.16822916666666668 0.5197916666666667 0.078125 0.08020833333333334
21 0.13020833333333334 0.31979166666666664 0.12916666666666668 0.10625
16 0.26927083333333335 0.7932291666666667 0.1625 0.16041666666666668
16 0.3880208333333333 0.7135416666666666 0.115625 0.15729166666666666
7 0.5010416666666667 0.5666666666666667 0.12291666666666666 0.05
13 0.6578125 0.5239583333333333 0.17604166666666668 0.08541666666666667
15 0.6114583333333333 0.346875 0.0875 0.08229166666666667
8 0.6963541666666667 0.3421875 0.109375 0.06770833333333333
0 0.3859375 0.3958333333333333 0.07083333333333333 0.04583333333333333
1 0.43697916666666664 0.3932291666666667 0.05416666666666667 0.0375
3 0.453125 0.2989583333333333 0.09479166666666666 0.05520833333333333
14 0.5197916666666667 0.3020833333333333 0.042708333333333334 0.025
6 0.6395833333333333 0.2796875 0.07604166666666666 0.042708333333333334
18 0.4041666666666667 0.5026041666666666 0.041666666666666664 0.029166666666666667
18 0.446875 0.49114583333333334 0.051041666666666666 0.034375
17 0.4947916666666667 0.4744791666666667 0.06354166666666666 0.04895833333333333
9 0.534375 0.4822916666666667 0.040625 0.030208333333333334
9 0.5859375 0.4640625 0.041666666666666664 0.015625
9 0.6515625 0.4703125 0.05 0.019791666666666666
14 0.6822916666666666 0.4578125 0.042708333333333334 0.025
2 0.603125 0.4734375 0.10416666666666667 0.035416666666666666