6 0.07604166666666666 0.18333333333333332 0.15208333333333332 0.08958333333333333
0 0.1203125 0.8166666666666667 0.18177083333333333 0.13958333333333334
3 0.3921875 0.6239583333333333 0.14114583333333333 0.08177083333333333
2 0.49114583333333334 0.490625 0.225 0.043229166666666666
0 0.6713541666666667 0.5026041666666666 0.09791666666666667 0.06927083333333334
4 0.7520833333333333 0.5208333333333334 0.12708333333333333 0.09479166666666666
17 0.5046875 0.44375 0.06822916666666666 0.05520833333333333
20 0.4036458333333333 0.3177083333333333 0.090625 0.050520833333333334
9 0.575 0.3572916666666667 0.13177083333333334 0.043229166666666666
8 0.7864583333333334 0.3255208333333333 0.134375 0.06197916666666667
7 0.8010416666666667 0.36666666666666664 0.08385416666666666 0.04010416666666667
1 0.7770833333333333 0.1765625 0.1609375 0.06458333333333334
14 0.4890625 0.19166666666666668 0.07291666666666667 0.0328125
14 0.5567708333333333 0.19427083333333334 0.03958333333333333 0.027604166666666666
13 0.6942708333333333 0.13802083333333334 0.3489583333333333 0.14270833333333333
21 0.7713541666666667 0.44947916666666665 0.065625 0.050520833333333334
7 0.7479166666666667 0.4390625 0.11666666666666667 0.07135416666666666