12 0.4354166666666667 0.24947916666666667 0.0703125 0.03697916666666667
12 0.7192708333333333 0.22604166666666667 0.06979166666666667 0.034375
9 0.3854166666666667 0.2598958333333333 0.040625 0.0203125
0 0.5213541666666667 0.23489583333333333 0.08020833333333334 0.043229166666666666
1 0.5286458333333334 0.34322916666666664 0.0734375 0.0375
3 0.40572916666666664 0.34791666666666665 0.09166666666666666 0.06041666666666667
2 0.484375 0.4432291666666667 0.12708333333333333 0.018229166666666668
6 0.6630208333333333 0.44947916666666665 0.11302083333333333 0.03125
20 0.6838541666666667 0.4270833333333333 0.03958333333333333 0.015625
5 0.5770833333333333 0.4588541666666667 0.08541666666666667 0.033854166666666664
20 0.7739583333333333 0.5427083333333333 0.0625 0.029166666666666667
14 0.8385416666666666 0.5375 0.049479166666666664 0.027083333333333334
13 0.6432291666666666 0.5317708333333333 0.2 0.0859375
15 0.7520833333333333 0.4276041666666667 0.090625 0.04895833333333333
11 0.71875 0.32760416666666664 0.17916666666666667 0.043229166666666666
17 0.6604166666666667 0.30625 0.07291666666666667 0.036458333333333336
16 0.6338541666666667 0.221875 0.10677083333333333 0.05572916666666667
8 0.4786458333333333 0.46822916666666664 0.1234375 0.0359375