18 0.15416666666666667 0.6760416666666667 0.09479166666666666 0.05625
18 0.16979166666666667 0.728125 0.096875 0.06354166666666666
18 0.24375 0.6958333333333333 0.08020833333333334 0.05520833333333333
18 0.20989583333333334 0.6463541666666667 0.09479166666666666 0.057291666666666664
11 0.38125 0.6057291666666667 0.09375 0.1125
11 0.06666666666666667 0.5484375 0.13333333333333333 0.18645833333333334
16 0.13802083333333334 0.5296875 0.14583333333333334 0.175
10 0.3307291666666667 0.371875 0.051041666666666666 0.0375
17 0.13854166666666667 0.3645833333333333 0.11354166666666667 0.084375
11 0.271875 0.8583333333333333 0.20208333333333334 0.13645833333333332
13 0.46875 0.5984375 0.11875 0.084375
3 0.5682291666666667 0.41770833333333335 0.090625 0.05625
14 0.48125 0.4390625 0.04791666666666667 0.027083333333333334
14 0.453125 0.4390625 0.0375 0.027083333333333334
6 0.40520833333333334 0.43697916666666664 0.07916666666666666 0.04375
7 0.49375 0.35572916666666665 0.06041666666666667 0.022916666666666665
2 0.5932291666666667 0.3484375 0.109375 0.025
4 0.6817708333333333 0.328125 0.103125 0.053125
15 0.5932291666666667 0.39947916666666666 0.07291666666666667 0.07083333333333333
1 0.4979166666666667 0.43125 0.052083333333333336 0.034375
21 0.43854166666666666 0.415625 0.07708333333333334 0.040625
9 0.6427083333333333 0.4203125 0.07083333333333333 0.035416666666666666
5 0.6765625 0.3802083333333333 0.058333333333333334 0.04895833333333333
5 0.6942708333333333 0.4 0.084375 0.036458333333333336
5 0.7109375 0.4234375 0.06979166666666667 0.01875
8 0.390625 0.35885416666666664 0.07604166666666666 0.034375
0 0.5541666666666667 0.5270833333333333 0.06041666666666667 0.03854166666666667
0 0.5838541666666667 0.5171875 0.05625 0.040625
0 0.521875 0.509375 0.059375 0.020833333333333332
20 0.4713541666666667 0.5369791666666667 0.058333333333333334 0.034375
20 0.5020833333333333 0.5302083333333333 0.041666666666666664 0.03229166666666667
7 0.6666666666666666 0.5130208333333334 0.11770833333333333 0.03125
17 0.4947916666666667 0.3385416666666667 0.046875 0.030208333333333334