3 0.8046875 0.22864583333333333 0.20104166666666667 0.13020833333333334
21 0.6291666666666667 0.2078125 0.18854166666666666 0.15104166666666666
7 0.4010416666666667 0.24739583333333334 0.153125 0.030208333333333334
7 0.11145833333333334 0.22239583333333332 0.1875 0.03958333333333333
0 0.259375 0.20052083333333334 0.15833333333333333 0.10416666666666667
0 0.17604166666666668 0.19114583333333332 0.07083333333333333 0.07395833333333333
17 0.5 0.22708333333333333 0.08333333333333333 0.078125
9 0.16927083333333334 0.3770833333333333 0.18125 0.075
14 0.32864583333333336 0.396875 0.09479166666666666 0.057291666666666664
14 0.2942708333333333 0.3885416666666667 0.07083333333333333 0.05
1 0.4947916666666667 0.403125 0.12083333333333333 0.07291666666666667
11 0.49270833333333336 0.37395833333333334 0.325 0.12604166666666666
6 0.6453125 0.403125 0.18958333333333333 0.11041666666666666
5 0.7703125 0.34479166666666666 0.090625 0.10416666666666667
5 0.7932291666666667 0.39427083333333335 0.146875 0.07708333333333334
5 0.8010416666666667 0.44375 0.146875 0.042708333333333334
7 0.17916666666666667 0.5255208333333333 0.16041666666666668 0.13229166666666667
8 0.3651041666666667 0.5234375 0.18645833333333334 0.06666666666666667
8 0.3484375 0.5666666666666667 0.18229166666666666 0.06354166666666666
4 0.5145833333333333 0.5489583333333333 0.12916666666666668 0.090625
2 0.6041666666666666 0.5677083333333334 0.178125 0.11979166666666667
20 0.6541666666666667 0.59375 0.09479166666666666 0.06354166666666666
20 0.7557291666666667 0.603125 0.10416666666666667 0.0625
20 0.7276041666666667 0.5614583333333333 0.10416666666666667 0.04895833333333333
18 0.4328125 0.6859375 0.21041666666666667 0.13854166666666667
18 0.3072916666666667 0.7072916666666667 0.09479166666666666 0.06041666666666667
18 0.5911458333333334 0.7276041666666667 0.10208333333333333 0.06354166666666666
18 0.69375 0.73125 0.1 0.0625
18 0.553125 0.6796875 0.07604166666666666 0.05