16 0.11770833333333333 0.6802083333333333 0.21458333333333332 0.07135416666666666
11 0.096875 0.4979166666666667 0.1109375 0.10520833333333333
7 0.20260416666666667 0.5104166666666666 0.18020833333333333 0.090625
11 0.4109375 0.5078125 0.08229166666666667 0.09739583333333333
17 0.24322916666666666 0.24479166666666666 0.1 0.075
10 0.43854166666666666 0.29583333333333334 0.0859375 0.035416666666666666
9 0.6177083333333333 0.39947916666666666 0.0828125 0.0359375
7 0.6234375 0.32395833333333335 0.09166666666666666 0.019270833333333334
3 0.9572916666666667 0.3484375 0.08489583333333334 0.05364583333333333
14 0.6932291666666667 0.4114583333333333 0.04479166666666667 0.025520833333333333
7 0.5848958333333333 0.4796875 0.09114583333333333 0.04791666666666667
0 0.703125 0.31875 0.0734375 0.044270833333333336
0 0.6666666666666666 0.31145833333333334 0.044270833333333336 0.03125
1 0.7729166666666667 0.41875 0.05364583333333333 0.0328125
6 0.8515625 0.43072916666666666 0.1125 0.043229166666666666
11 0.79375 0.4078125 0.16614583333333333 0.03177083333333333
5 0.9291666666666667 0.45208333333333334 0.07135416666666666 0.023958333333333335
5 0.9375 0.42916666666666664 0.06770833333333333 0.036458333333333336
5 0.9375 0.4015625 0.059375 0.050520833333333334
13 0.5796875 0.6322916666666667 0.1375 0.06197916666666667
20 0.825 0.5369791666666667 0.058854166666666666 0.0296875
20 0.8828125 0.5447916666666667 0.06041666666666667 0.030208333333333334
20 0.8848958333333333 0.5270833333333333 0.06041666666666667 0.0203125
2 0.8104166666666667 0.51875 0.121875 0.0453125
4 0.7666666666666667 0.5083333333333333 0.0875 0.049479166666666664
8 0.690625 0.48385416666666664 0.0953125 0.0328125
8 0.66875 0.50625 0.103125 0.0359375
18 0.6083333333333333 0.5807291666666666 0.050520833333333334 0.028125
18 0.6854166666666667 0.58125 0.1140625 0.06614583333333333
18 0.7578125 0.6083333333333333 0.0578125 0.03229166666666667
18 0.7458333333333333 0.5911458333333334 0.04114583333333333 0.015104166666666667
18 0.81875 0.61875 0.058854166666666666 0.03333333333333333