13 0.43125 0.6854166666666667 0.3770833333333333 0.21770833333333334
6 0.2520833333333333 0.6953125 0.28229166666666666 0.16458333333333333
8 0.6364583333333333 0.765625 0.2635416666666667 0.140625
6 0.3859375 0.5109375 0.178125 0.04479166666666667
14 0.48854166666666665 0.5203125 0.07395833333333333 0.042708333333333334
14 0.584375 0.503125 0.06875 0.041666666666666664
17 0.7458333333333333 0.5322916666666667 0.11145833333333334 0.08541666666666667
2 0.8177083333333334 0.5354166666666667 0.175 0.16666666666666666
15 0.6875 0.3302083333333333 0.165625 0.17083333333333334
6 0.225 0.3625 0.06770833333333333 0.0375
5 0.35885416666666664 0.3567708333333333 0.20625 0.07395833333333333
21 0.32447916666666665 0.30833333333333335 0.14583333333333334 0.084375
3 0.53125 0.33958333333333335 0.16041666666666668 0.08958333333333333
17 0.8697916666666666 0.36875 0.11458333333333333 0.11875
9 0.8713541666666667 0.2171875 0.15416666666666667 0.042708333333333334
2 0.6958333333333333 0.2125 0.24791666666666667 0.04375
0 0.65 0.18229166666666666 0.15520833333333334 0.09270833333333334
1 0.4671875 0.1875 0.15416666666666667 0.08229166666666667
0 0.23020833333333332 0.18229166666666666 0.125 0.078125
9 0.20208333333333334 0.20416666666666666 0.08854166666666667 0.029166666666666667
9 0.29322916666666665 0.20208333333333334 0.08854166666666667 0.03958333333333333
7 0.3802083333333333 0.53125 0.12395833333333334 0.027083333333333334
7 0.5322916666666667 0.534375 0.22395833333333334 0.071875