6 0.06458333333333334 0.22083333333333333 0.12916666666666668 0.10208333333333333
0 0.14947916666666666 0.8484375 0.19375 0.15520833333333334
3 0.4036458333333333 0.6328125 0.14791666666666667 0.09375
2 0.4901041666666667 0.49166666666666664 0.228125 0.0625
0 0.6708333333333333 0.4875 0.103125 0.07708333333333334
4 0.753125 0.49895833333333334 0.134375 0.10520833333333333
17 0.5 0.44375 0.07291666666666667 0.06145833333333333
20 0.3880208333333333 0.3265625 0.09479166666666666 0.058333333333333334
9 0.5625 0.35104166666666664 0.13541666666666666 0.05416666666666667
8 0.7703125 0.30104166666666665 0.13958333333333334 0.07395833333333333
7 0.7880208333333333 0.3411458333333333 0.0875 0.046875
1 0.7479166666666667 0.15364583333333334 0.165625 0.078125
14 0.46197916666666666 0.19375 0.075 0.03854166666666667
14 0.5296875 0.190625 0.041666666666666664 0.03125
13 0.6619791666666667 0.12239583333333333 0.36041666666666666 0.17291666666666666
21 0.7661458333333333 0.42604166666666665 0.06979166666666667 0.05625
7 0.7416666666666667 0.41770833333333335 0.12291666666666666 0.08125