18 0.15364583333333334 0.5072916666666667 0.25 0.10833333333333334
5 0.08333333333333333 0.33229166666666665 0.16666666666666666 0.03958333333333333
17 0.15104166666666666 0.2984375 0.13229166666666667 0.0875
17 0.2265625 0.2921875 0.08020833333333334 0.08229166666666667
11 0.24635416666666668 0.4473958333333333 0.115625 0.12395833333333334
20 0.31979166666666664 0.46822916666666664 0.05416666666666667 0.046875
20 0.36354166666666665 0.4578125 0.07395833333333333 0.040625
0 0.16302083333333334 0.659375 0.109375 0.06875
0 0.23177083333333334 0.6239583333333333 0.10833333333333334 0.06458333333333334
2 0.34010416666666665 0.5932291666666667 0.16458333333333333 0.096875
6 0.2864583333333333 0.8442708333333333 0.25 0.14791666666666667
7 0.3880208333333333 0.7348958333333333 0.2125 0.11875
5 0.471875 0.2890625 0.09479166666666666 0.020833333333333332
9 0.5723958333333333 0.3609375 0.096875 0.028125
1 0.6395833333333333 0.34270833333333334 0.04791666666666667 0.03229166666666667
3 0.6979166666666666 0.33177083333333335 0.09479166666666666 0.05520833333333333
13 0.5479166666666667 0.32864583333333336 0.196875 0.08645833333333333
21 0.4359375 0.4578125 0.0625 0.05416666666666667
15 0.44114583333333335 0.44166666666666665 0.075 0.06770833333333333
8 0.721875 0.5942708333333333 0.13645833333333332 0.052083333333333336
7 0.4791666666666667 0.4828125 0.08645833333333333 0.020833333333333332
4 0.4421875 0.36302083333333335 0.08020833333333334 0.041666666666666664