15 0.709375 0.25 0.24375 0.07604166666666666
1 0.29010416666666666 0.2921875 0.11875 0.04375
14 0.2109375 0.30572916666666666 0.04791666666666667 0.03125
5 0.29583333333333334 0.44375 0.15520833333333334 0.03125
5 0.3984375 0.41822916666666665 0.078125 0.03125
9 0.6161458333333333 0.4276041666666667 0.19166666666666668 0.035416666666666666
13 0.6854166666666667 0.365625 0.1625 0.10104166666666667
21 0.321875 0.5447916666666667 0.10208333333333333 0.07291666666666667
0 0.3927083333333333 0.5520833333333334 0.10208333333333333 0.05625
20 0.3109375 0.603125 0.09270833333333334 0.04375
6 0.43802083333333336 0.5979166666666667 0.18125 0.04791666666666667
4 0.6041666666666666 0.5651041666666666 0.125 0.06770833333333333
5 0.7682291666666666 0.5739583333333333 0.14166666666666666 0.04479166666666667
3 0.42291666666666666 0.6927083333333334 0.12083333333333333 0.07083333333333333
2 0.6255208333333333 0.7302083333333333 0.25833333333333336 0.04583333333333333
7 0.7223958333333333 0.5354166666666667 0.23125 0.065625
9 0.7770833333333333 0.5526041666666667 0.140625 0.022916666666666665
8 0.334375 0.4125 0.18958333333333333 0.041666666666666664
6 0.4395833333333333 0.2994791666666667 0.18333333333333332 0.027083333333333334
16 0.7984375 0.3927083333333333 0.11458333333333333 0.09166666666666666
11 0.553125 0.49635416666666665 0.10520833333333333 0.058333333333333334