14 0.5484375 0.2635416666666667 0.04479166666666667 0.025
1 0.4453125 0.25729166666666664 0.059375 0.03125
10 0.33697916666666666 0.25729166666666664 0.12708333333333333 0.06041666666666667
15 0.5614583333333333 0.315625 0.08229166666666667 0.07291666666666667
4 0.4953125 0.3328125 0.05625 0.023958333333333335
2 0.4765625 0.34270833333333334 0.04791666666666667 0.0125
0 0.43645833333333334 0.328125 0.058333333333333334 0.0375
0 0.5729166666666666 0.4427083333333333 0.052083333333333336 0.035416666666666666
3 0.5234375 0.4390625 0.06354166666666666 0.0375
5 0.4822916666666667 0.44947916666666665 0.057291666666666664 0.015625
10 0.40989583333333335 0.4375 0.08854166666666667 0.026041666666666668
13 0.39114583333333336 0.4125 0.10625 0.053125
6 0.37552083333333336 0.5098958333333333 0.13541666666666666 0.036458333333333336
9 0.42552083333333335 0.6026041666666667 0.15729166666666666 0.023958333333333335
11 0.7067708333333333 0.6385416666666667 0.13020833333333334 0.175
18 0.721875 0.34375 0.1625 0.0875
11 0.9291666666666667 0.29375 0.12708333333333333 0.171875
17 0.603125 0.25416666666666665 0.06145833333333333 0.057291666666666664
8 0.528125 0.6088541666666667 0.04583333333333333 0.022916666666666665
7 0.49270833333333336 0.5203125 0.09479166666666666 0.027083333333333334
5 0.5088541666666667 0.27239583333333334 0.07083333333333333 0.028125