0 0.27708333333333335 0.5130208333333334 0.11510416666666666 0.06197916666666667
11 0.440625 0.5234375 0.2265625 0.044270833333333336
1 0.40989583333333335 0.49270833333333336 0.0984375 0.027083333333333334
21 0.49166666666666664 0.47552083333333334 0.11770833333333333 0.06145833333333333
2 0.725 0.5302083333333333 0.20052083333333334 0.05364583333333333
7 0.6947916666666667 0.5083333333333333 0.078125 0.025520833333333333
7 0.575 0.5416666666666666 0.2552083333333333 0.0546875
5 0.45729166666666665 0.36822916666666666 0.1234375 0.0578125
5 0.32135416666666666 0.38177083333333334 0.15260416666666668 0.03802083333333333
14 0.27239583333333334 0.36041666666666666 0.075 0.0328125
20 0.2520833333333333 0.33697916666666666 0.09375 0.025
20 0.28854166666666664 0.32083333333333336 0.0640625 0.046875
15 0.378125 0.30885416666666665 0.13125 0.11041666666666666
8 0.6380208333333334 0.35260416666666666 0.2109375 0.06875
0 0.8015625 0.3536458333333333 0.13229166666666667 0.08125
17 0.8010416666666667 0.30104166666666665 0.0953125 0.035416666666666666
3 0.5083333333333333 0.3307291666666667 0.13541666666666666 0.0734375
9 0.3104166666666667 0.2171875 0.13645833333333332 0.03854166666666667
7 0.15416666666666667 0.234375 0.18072916666666666 0.015625
6 0.7994791666666666 0.19114583333333332 0.17291666666666666 0.05416666666666667
13 0.5661458333333333 0.17291666666666666 0.31927083333333334 0.11614583333333334