4 0.38385416666666666 0.1953125 0.15208333333333332 0.08229166666666667
17 0.24114583333333334 0.17916666666666667 0.11041666666666666 0.0875
15 0.7203125 0.31145833333333334 0.115625 0.07395833333333333
8 0.7161458333333334 0.36770833333333336 0.25625 0.06458333333333334
6 0.5125 0.3578125 0.17604166666666668 0.057291666666666664
10 0.7208333333333333 0.5130208333333334 0.184375 0.08229166666666667
10 0.2796875 0.34322916666666664 0.165625 0.05
18 0.2598958333333333 0.3328125 0.08541666666666667 0.03958333333333333
18 0.4828125 0.5010416666666667 0.29375 0.07604166666666666
9 0.6395833333333333 0.5130208333333334 0.040625 0.035416666666666666
20 0.2421875 0.49583333333333335 0.08854166666666667 0.04375
2 0.2791666666666667 0.47552083333333334 0.13020833333333334 0.04791666666666667
0 0.5671875 0.5989583333333334 0.0875 0.04479166666666667
20 0.6708333333333333 0.7630208333333334 0.08020833333333334 0.04583333333333333
13 0.49166666666666664 0.7171875 0.28229166666666666 0.11145833333333334
0 0.628125 0.5807291666666666 0.08229166666666667 0.052083333333333336
21 0.46041666666666664 0.45364583333333336 0.09166666666666666 0.05625
3 0.5458333333333333 0.4635416666666667 0.09479166666666666 0.05
17 0.9052083333333333 0.6734375 0.12604166666666666 0.11875
7 0.2984375 0.7526041666666666 0.13125 0.051041666666666666
7 0.309375 0.621875 0.09479166666666666 0.041666666666666664
9 0.48072916666666665 0.23125 0.04895833333333333 0.017708333333333333
5 0.47708333333333336 0.32708333333333334 0.11770833333333333 0.04479166666666667