11 0.26458333333333334 0.6130208333333333 0.171875 0.08125
3 0.47604166666666664 0.334375 0.07291666666666667 0.043229166666666666
14 0.5354166666666667 0.34270833333333334 0.03854166666666667 0.019791666666666666
0 0.6182291666666667 0.33125 0.05520833333333333 0.03697916666666667
0 0.6661458333333333 0.3296875 0.04739583333333333 0.034895833333333334
21 0.27239583333333334 0.33489583333333334 0.075 0.06927083333333334
9 0.48541666666666666 0.41458333333333336 0.0578125 0.0140625
9 0.5369791666666667 0.41354166666666664 0.033854166666666664 0.011979166666666667
0 0.6135416666666667 0.4015625 0.051041666666666666 0.030729166666666665
18 0.4713541666666667 0.49375 0.04479166666666667 0.025520833333333333
18 0.4296875 0.4973958333333333 0.04583333333333333 0.027083333333333334
2 0.5807291666666666 0.49375 0.09114583333333333 0.025
1 0.421875 0.4119791666666667 0.0421875 0.024479166666666666
13 0.6229166666666667 0.540625 0.1328125 0.05520833333333333
14 0.6520833333333333 0.4875 0.035416666666666666 0.019270833333333334
7 0.4869791666666667 0.565625 0.08854166666666667 0.03125
16 0.38697916666666665 0.6744791666666666 0.0828125 0.12447916666666667
5 0.23385416666666667 0.49114583333333334 0.115625 0.0734375
10 0.34791666666666665 0.35208333333333336 0.0765625 0.027083333333333334