18 0.6921875 0.6729166666666667 0.12708333333333333 0.058333333333333334
0 0.9369791666666667 0.5229166666666667 0.12604166666666666 0.08125
0 0.2916666666666667 0.35208333333333336 0.065625 0.042708333333333334
13 0.3453125 0.11614583333333334 0.17291666666666666 0.08645833333333333
14 0.5307291666666667 0.15104166666666666 0.04791666666666667 0.023958333333333335
14 0.45625 0.14947916666666666 0.04583333333333333 0.025
1 0.22708333333333333 0.13645833333333332 0.07604166666666666 0.04375
9 0.3046875 0.25 0.12708333333333333 0.03125
20 0.5171875 0.24635416666666668 0.07395833333333333 0.03854166666666667
2 0.4276041666666667 0.3651041666666667 0.18020833333333333 0.0375
4 0.21197916666666666 0.35208333333333336 0.09791666666666667 0.053125
5 0.13125 0.35885416666666664 0.07708333333333334 0.034375
3 0.3984375 0.44375 0.09375 0.05520833333333333
6 0.740625 0.14322916666666666 0.28229166666666666 0.07604166666666666
15 0.15729166666666666 0.12708333333333333 0.12916666666666668 0.06354166666666666
8 0.22604166666666667 0.23333333333333334 0.084375 0.041666666666666664
7 0.15208333333333332 0.25052083333333336 0.096875 0.026041666666666668
5 0.45364583333333336 0.22447916666666667 0.04479166666666667 0.023958333333333335
21 0.2989583333333333 0.3223958333333333 0.06979166666666667 0.040625
17 0.484375 0.33697916666666666 0.05625 0.04375
7 0.334375 0.31354166666666666 0.103125 0.1
7 0.3880208333333333 0.5395833333333333 0.06458333333333334 0.027083333333333334