8 0.4114583333333333 0.7494791666666667 0.22083333333333333 0.08125
9 0.3578125 0.534375 0.15520833333333334 0.028125
4 0.353125 0.49635416666666665 0.11875 0.05520833333333333
21 0.7375 0.5 0.10416666666666667 0.071875
13 0.58125 0.4640625 0.23958333333333334 0.08229166666666667
2 0.3885416666666667 0.4453125 0.096875 0.03854166666666667
9 0.3807291666666667 0.4557291666666667 0.0875 0.019791666666666666
17 0.4270833333333333 0.49322916666666666 0.07395833333333333 0.059375
1 0.4708333333333333 0.5104166666666666 0.0875 0.051041666666666666
2 0.6098958333333333 0.39375 0.228125 0.030208333333333334
6 0.6473958333333333 0.3734375 0.22916666666666666 0.05625
15 0.6479166666666667 0.32708333333333334 0.09375 0.059375
17 0.5630208333333333 0.24322916666666666 0.06770833333333333 0.06770833333333333
14 0.7114583333333333 0.26666666666666666 0.04375 0.022916666666666665
14 0.3489583333333333 0.37916666666666665 0.06354166666666666 0.034375
7 0.43645833333333334 0.37864583333333335 0.11770833333333333 0.0375
5 0.2921875 0.35885416666666664 0.04583333333333333 0.06666666666666667
11 0.42604166666666665 0.3260416666666667 0.06666666666666667 0.07083333333333333