1 0.6213541666666667 0.7 0.13645833333333332 0.096875
9 0.7208333333333333 0.6984375 0.09375 0.06354166666666666
14 0.7213541666666666 0.6536458333333334 0.09166666666666666 0.053125
17 0.8744791666666667 0.6270833333333333 0.140625 0.11666666666666667
18 0.546875 0.6333333333333333 0.11041666666666666 0.06770833333333333
14 0.1453125 0.7276041666666667 0.10625 0.06145833333333333
11 0.11979166666666667 0.6598958333333333 0.11666666666666667 0.08645833333333333
13 0.3390625 0.6677083333333333 0.325 0.159375
2 0.17447916666666666 0.5328125 0.31979166666666664 0.10208333333333333
15 0.12291666666666666 0.45729166666666665 0.19166666666666668 0.10729166666666666
21 0.8052083333333333 0.39947916666666666 0.17083333333333334 0.12291666666666666
0 0.7833333333333333 0.4276041666666667 0.16770833333333332 0.09791666666666667
3 0.6416666666666667 0.4083333333333333 0.17604166666666668 0.09791666666666667
0 0.38333333333333336 0.4588541666666667 0.153125 0.096875
6 0.55625 0.48385416666666664 0.3385416666666667 0.11354166666666667