5 0.1546875 0.5302083333333333 0.10677083333333333 0.06041666666666667
11 0.058333333333333334 0.4791666666666667 0.11666666666666667 0.19322916666666667
10 0.28958333333333336 0.328125 0.0953125 0.0328125
11 0.3572916666666667 0.5572916666666666 0.08229166666666667 0.10833333333333334
5 0.19270833333333334 0.6458333333333334 0.11927083333333334 0.08697916666666666
17 0.09270833333333334 0.6713541666666667 0.11979166666666667 0.08958333333333333
16 0.39114583333333336 0.7119791666666667 0.10572916666666667 0.14791666666666667
11 0.24635416666666668 0.8151041666666666 0.109375 0.1171875
11 0.28802083333333334 0.7854166666666667 0.10729166666666666 0.11927083333333334
1 0.4953125 0.28541666666666665 0.06197916666666667 0.03333333333333333
7 0.47291666666666665 0.396875 0.0375 0.013020833333333334
4 0.7786458333333334 0.26875 0.10677083333333333 0.051041666666666666
18 0.7979166666666667 0.27447916666666666 0.0703125 0.03697916666666667
18 0.7302083333333333 0.28125 0.06458333333333334 0.034895833333333334
20 0.6973958333333333 0.28541666666666665 0.03802083333333333 0.03125
9 0.6036458333333333 0.2989583333333333 0.07135416666666666 0.022916666666666665
9 0.678125 0.2953125 0.028645833333333332 0.015104166666666667
14 0.6432291666666666 0.29270833333333335 0.049479166666666664 0.026041666666666668
18 0.7057291666666666 0.3723958333333333 0.065625 0.03697916666666667
21 0.5234375 0.3723958333333333 0.090625 0.0625
0 0.76875 0.3651041666666667 0.0703125 0.04375
15 0.7911458333333333 0.328125 0.08645833333333333 0.059895833333333336
14 0.8265625 0.36822916666666666 0.0515625 0.028645833333333332
18 0.4817708333333333 0.4869791666666667 0.04635416666666667 0.029166666666666667
18 0.5682291666666667 0.4817708333333333 0.043229166666666666 0.0296875
0 0.5328125 0.48333333333333334 0.06510416666666667 0.0453125
20 0.615625 0.4817708333333333 0.059375 0.0296875
20 0.6796875 0.44947916666666665 0.059895833333333336 0.030729166666666665
3 0.7578125 0.45260416666666664 0.0828125 0.0453125
5 0.7619791666666667 0.48333333333333334 0.06875 0.021354166666666667
10 0.684375 0.478125 0.0859375 0.0359375
16 0.8322916666666667 0.46197916666666666 0.06510416666666667 0.058854166666666666
2 0.696875 0.5604166666666667 0.12239583333333333 0.03697916666666667
0 0.8005208333333333 0.5479166666666667 0.07395833333333333 0.04010416666666667
0 0.7552083333333334 0.6234375 0.06458333333333334 0.04375
7 0.6083333333333333 0.6390625 0.13177083333333334 0.041666666666666664
8 0.5640625 0.5598958333333334 0.12239583333333333 0.04114583333333333