8 0.2552083333333333 0.28802083333333334 0.37395833333333334 0.08489583333333334
7 0.11197916666666667 0.3411458333333333 0.22395833333333334 0.019270833333333334
1 0.5208333333333334 0.28958333333333336 0.1875 0.0734375
16 0.6786458333333333 0.27760416666666665 0.15520833333333334 0.08177083333333333
3 0.75625 0.45677083333333335 0.21770833333333334 0.12083333333333333
0 0.9135416666666667 0.4479166666666667 0.14010416666666667 0.0953125
13 0.53125 0.4166666666666667 0.2984375 0.15729166666666666
16 0.40208333333333335 0.4791666666666667 0.3572916666666667 0.11927083333333334
5 0.12552083333333333 0.48385416666666664 0.23385416666666667 0.07760416666666667
5 0.17291666666666666 0.5276041666666667 0.19479166666666667 0.06302083333333333
20 0.31354166666666666 0.6026041666666667 0.09479166666666666 0.04791666666666667
20 0.259375 0.634375 0.10625 0.034895833333333334
17 0.26979166666666665 0.6973958333333333 0.14635416666666667 0.11666666666666667
21 0.840625 0.6083333333333333 0.14791666666666667 0.11666666666666667
9 0.6973958333333333 0.6838541666666667 0.22760416666666666 0.07864583333333333
2 0.4713541666666667 0.6890625 0.22552083333333334 0.090625
6 0.4166666666666667 0.65625 0.18072916666666666 0.1015625