8 0.16927083333333334 0.19791666666666666 0.2171875 0.07760416666666667
2 0.6072916666666667 0.20833333333333334 0.2140625 0.0359375
4 0.7953125 0.16666666666666666 0.18177083333333333 0.10625
6 0.19375 0.3541666666666667 0.1828125 0.057291666666666664
21 0.33489583333333334 0.31666666666666665 0.134375 0.06197916666666667
14 0.35833333333333334 0.35572916666666665 0.096875 0.049479166666666664
1 0.4270833333333333 0.35052083333333334 0.0828125 0.05520833333333333
3 0.5453125 0.32760416666666664 0.16875 0.10416666666666667
15 0.6328125 0.31302083333333336 0.1234375 0.1203125
9 0.7067708333333333 0.34739583333333335 0.1234375 0.0515625
5 0.7765625 0.27395833333333336 0.09375 0.09635416666666667
5 0.815625 0.31354166666666666 0.1390625 0.06458333333333334
5 0.8354166666666667 0.35833333333333334 0.1390625 0.029166666666666667
8 0.21614583333333334 0.546875 0.17864583333333334 0.06927083333333334
20 0.3609375 0.5526041666666667 0.09583333333333334 0.05572916666666667
20 0.4348958333333333 0.5427083333333333 0.06510416666666667 0.05260416666666667
0 0.5265625 0.5427083333333333 0.09791666666666667 0.06458333333333334
0 0.49166666666666664 0.5088541666666667 0.09895833333333333 0.029166666666666667
0 0.5953125 0.5296875 0.12135416666666667 0.06770833333333333
13 0.3125 0.675 0.25885416666666666 0.1359375
7 0.4078125 0.19479166666666667 0.11927083333333334 0.0265625
7 0.7520833333333333 0.5364583333333334 0.19791666666666666 0.040625