3 0.3609375 0.4786458333333333 0.14166666666666666 0.08541666666666667
9 0.47239583333333335 0.49583333333333335 0.11666666666666667 0.059375
20 0.5005208333333333 0.4796875 0.08020833333333334 0.04895833333333333
14 0.43802083333333336 0.45989583333333334 0.04479166666666667 0.029166666666666667
20 0.8953125 0.3015625 0.13645833333333332 0.07916666666666666
17 0.7739583333333333 0.4401041666666667 0.09375 0.07395833333333333
0 0.6119791666666666 0.5947916666666667 0.115625 0.06354166666666666
13 0.5989583333333334 0.45 0.2677083333333333 0.153125
4 0.24114583333333334 0.3182291666666667 0.20208333333333334 0.11145833333333334
9 0.15364583333333334 0.35052083333333334 0.04375 0.034375
2 0.43020833333333336 0.334375 0.125 0.04375
0 0.371875 0.30416666666666664 0.10104166666666667 0.06666666666666667
1 0.8223958333333333 0.29322916666666665 0.125 0.07395833333333333
21 0.6854166666666667 0.27760416666666665 0.17083333333333334 0.13020833333333334
6 0.5057291666666667 0.31614583333333335 0.2947916666666667 0.09791666666666667
5 0.14010416666666667 0.159375 0.23541666666666666 0.052083333333333336
11 0.675 0.12135416666666667 0.22916666666666666 0.06875
7 0.8296875 0.1203125 0.2989583333333333 0.04791666666666667
8 0.8140625 0.49947916666666664 0.26979166666666665 0.10729166666666666
5 0.86875 0.44375 0.14166666666666666 0.035416666666666666