17 0.3697916666666667 0.1859375 0.11875 0.08125
2 0.42083333333333334 0.3307291666666667 0.12916666666666668 0.04375
9 0.5098958333333333 0.31145833333333334 0.075 0.03333333333333333
6 0.6489583333333333 0.26875 0.15833333333333333 0.0625
21 0.58125 0.24583333333333332 0.109375 0.075
20 0.5979166666666667 0.421875 0.052083333333333336 0.035416666666666666
9 0.6536458333333334 0.42083333333333334 0.08645833333333333 0.03854166666666667
4 0.8401041666666667 0.3697916666666667 0.096875 0.07083333333333333
13 0.7364583333333333 0.3697916666666667 0.18854166666666666 0.096875
18 0.54375 0.4317708333333333 0.0625 0.0375
17 0.728125 0.21875 0.08125 0.08333333333333333
5 0.0765625 0.26875 0.153125 0.12708333333333333
7 0.7171875 0.5171875 0.16041666666666668 0.0625
14 0.26145833333333335 0.49375 0.08333333333333333 0.05416666666666667
8 0.8864583333333333 0.6015625 0.140625 0.06979166666666667