1 0.49114583333333334 0.1 0.109375 0.05625
15 0.8890625 0.06614583333333333 0.16770833333333332 0.08229166666666667
8 0.4640625 0.21770833333333334 0.27291666666666664 0.08333333333333333
5 0.44895833333333335 0.2682291666666667 0.1625 0.046875
9 0.7484375 0.26666666666666666 0.18125 0.053125
21 0.4765625 0.3697916666666667 0.11041666666666666 0.071875
20 0.41458333333333336 0.4244791666666667 0.10104166666666667 0.04895833333333333
0 0.5229166666666667 0.3807291666666667 0.09375 0.06041666666666667
6 0.5432291666666667 0.42864583333333334 0.16875 0.06770833333333333
4 0.7234375 0.40677083333333336 0.12708333333333333 0.084375
5 0.8796875 0.43125 0.14895833333333333 0.053125
3 0.496875 0.5208333333333334 0.115625 0.06666666666666667
2 0.6520833333333333 0.5734375 0.2520833333333333 0.078125
7 0.8755208333333333 0.38385416666666666 0.23020833333333332 0.07916666666666666
9 0.9046875 0.4161458333333333 0.15104166666666666 0.03958333333333333
16 0.9265625 0.23489583333333333 0.11770833333333333 0.10833333333333334
5 0.5578125 0.24791666666666667 0.06458333333333334 0.03229166666666667
14 0.5567708333333333 0.10572916666666667 0.03958333333333333 0.026041666666666668
14 0.4192708333333333 0.11302083333333333 0.042708333333333334 0.025
13 0.9083333333333333 0.20104166666666667 0.15208333333333332 0.128125