14 0.678125 0.3265625 0.05416666666666667 0.034375
14 0.6229166666666667 0.328125 0.058333333333333334 0.03229166666666667
20 0.6645833333333333 0.4921875 0.07916666666666666 0.040625
20 0.6005208333333333 0.484375 0.07083333333333333 0.0375
18 0.9364583333333333 0.5229166666666667 0.12708333333333333 0.06770833333333333
18 0.09322916666666667 0.4 0.09375 0.0375
5 0.9171875 0.3333333333333333 0.165625 0.03333333333333333
5 0.07864583333333333 0.4119791666666667 0.07291666666666667 0.03333333333333333
16 0.6114583333333333 0.7322916666666667 0.12291666666666666 0.13541666666666666
7 0.8692708333333333 0.6484375 0.25729166666666664 0.11458333333333333
15 0.6817708333333333 0.584375 0.11354166666666667 0.11354166666666667
17 0.7416666666666667 0.30416666666666664 0.084375 0.075
4 0.353125 0.3046875 0.0875 0.046875
5 0.40729166666666666 0.321875 0.11875 0.016666666666666666
3 0.259375 0.30104166666666665 0.1125 0.053125
1 0.2453125 0.3046875 0.1 0.0375
9 0.23229166666666667 0.4125 0.17395833333333333 0.028125
21 0.20833333333333334 0.48020833333333335 0.078125 0.040625
11 0.2526041666666667 0.5140625 0.21458333333333332 0.040625
2 0.37864583333333335 0.5197916666666667 0.03958333333333333 0.026041666666666668
2 0.11458333333333333 0.53125 0.07291666666666667 0.03125
0 0.08854166666666667 0.5046875 0.075 0.042708333333333334
6 0.34270833333333334 0.609375 0.159375 0.04791666666666667
11 0.7375 0.4609375 0.10104166666666667 0.121875
8 0.17864583333333334 0.6151041666666667 0.109375 0.040625
6 0.27395833333333336 0.40572916666666664 0.15520833333333334 0.017708333333333333
13 0.10208333333333333 0.2796875 0.14583333333333334 0.08333333333333333