18 0.36614583333333334 0.21197916666666666 0.09479166666666666 0.058333333333333334
18 0.6848958333333334 0.21666666666666667 0.09791666666666667 0.057291666666666664
14 0.5552083333333333 0.23229166666666667 0.06666666666666667 0.041666666666666664
4 0.49166666666666664 0.23541666666666666 0.109375 0.06770833333333333
17 0.6265625 0.334375 0.09479166666666666 0.065625
9 0.5203125 0.35104166666666664 0.18541666666666667 0.029166666666666667
6 0.6598958333333333 0.4973958333333333 0.13229166666666667 0.07708333333333334
8 0.5395833333333333 0.5140625 0.21770833333333334 0.05
2 0.35989583333333336 0.5109375 0.12395833333333334 0.029166666666666667
3 0.5713541666666667 0.6328125 0.14479166666666668 0.07604166666666666
1 0.4432291666666667 0.6380208333333334 0.1 0.051041666666666666
20 0.33541666666666664 0.6354166666666666 0.09791666666666667 0.04583333333333333
14 0.24479166666666666 0.63125 0.06666666666666667 0.03854166666666667
7 0.3177083333333333 0.60625 0.071875 0.021875
15 0.4583333333333333 0.49114583333333334 0.10833333333333334 0.046875
0 0.6572916666666667 0.228125 0.09270833333333334 0.06875
0 0.5958333333333333 0.23854166666666668 0.08229166666666667 0.06666666666666667