15 0.1078125 0.3651041666666667 0.215625 0.20520833333333333
17 0.3541666666666667 0.09895833333333333 0.10677083333333333 0.08385416666666666
0 0.3927083333333333 0.22864583333333333 0.08697916666666666 0.03854166666666667
20 0.5354166666666667 0.23333333333333334 0.07604166666666666 0.04583333333333333
20 0.38177083333333334 0.38645833333333335 0.071875 0.033854166666666664
5 0.271875 0.2677083333333333 0.14010416666666667 0.027083333333333334
2 0.409375 0.25625 0.17291666666666666 0.025
21 0.3854166666666667 0.35104166666666664 0.09166666666666666 0.05572916666666667
6 0.30625 0.3885416666666667 0.07916666666666666 0.06197916666666667
5 0.4786458333333333 0.38645833333333335 0.1125 0.030208333333333334
3 0.4786458333333333 0.34791666666666665 0.08177083333333333 0.0515625
13 0.6 0.3265625 0.19270833333333334 0.09739583333333333
8 0.6552083333333333 0.4765625 0.19739583333333333 0.06822916666666666
16 0.33645833333333336 0.7979166666666667 0.16302083333333334 0.19895833333333332
7 0.5098958333333333 0.5135416666666667 0.1921875 0.0578125
9 0.5802083333333333 0.22135416666666666 0.0296875 0.028645833333333332
9 0.4734375 0.24114583333333334 0.0734375 0.022916666666666665
4 0.3536458333333333 0.2265625 0.11510416666666666 0.052083333333333336
17 0.6020833333333333 0.08854166666666667 0.07239583333333334 0.0578125