18 0.3203125 0.6859375 0.1234375 0.049479166666666664
0 0.06302083333333333 0.5541666666666667 0.12604166666666666 0.07291666666666667
0 0.6973958333333333 0.3380208333333333 0.06302083333333333 0.03802083333333333
13 0.6276041666666666 0.10625 0.16822916666666668 0.07447916666666667
14 0.44479166666666664 0.15416666666666667 0.046875 0.0203125
14 0.5192708333333333 0.14739583333333334 0.044270833333333336 0.022395833333333334
1 0.746875 0.11822916666666666 0.07395833333333333 0.03854166666666667
9 0.6776041666666667 0.23697916666666666 0.12604166666666666 0.022916666666666665
20 0.46510416666666665 0.24791666666666667 0.07135416666666666 0.033854166666666664
2 0.5630208333333333 0.36041666666666666 0.17916666666666667 0.025520833333333333
4 0.7770833333333333 0.33229166666666665 0.0953125 0.046875
5 0.8578125 0.3333333333333333 0.075 0.0296875
3 0.5973958333333333 0.43697916666666664 0.090625 0.04895833333333333
6 0.23489583333333333 0.1609375 0.2786458333333333 0.05625
15 0.815625 0.10416666666666667 0.12604166666666666 0.0546875
8 0.7546875 0.21510416666666668 0.08177083333333333 0.0359375
7 0.8296875 0.22708333333333333 0.09583333333333334 0.019791666666666666
5 0.5270833333333333 0.221875 0.043229166666666666 0.020833333333333332
21 0.6880208333333333 0.30885416666666665 0.0671875 0.0359375
17 0.5041666666666667 0.33645833333333336 0.05364583333333333 0.040625
7 0.6520833333333333 0.3026041666666667 0.09635416666666667 0.09375
7 0.6145833333333334 0.5317708333333333 0.06354166666666666 0.022395833333333334