0 0.06927083333333334 0.3328125 0.13854166666666667 0.071875
10 0.34739583333333335 0.3307291666666667 0.13385416666666666 0.0359375
14 0.17291666666666666 0.3453125 0.0671875 0.0484375
14 0.21979166666666666 0.33958333333333335 0.06197916666666667 0.03958333333333333
11 0.0625 0.47604166666666664 0.109375 0.196875
15 0.22864583333333333 0.4786458333333333 0.11822916666666666 0.11770833333333333
16 0.25729166666666664 0.7494791666666667 0.09947916666666666 0.13645833333333332
17 0.5932291666666667 0.29010416666666666 0.0671875 0.0484375
16 0.46770833333333334 0.36666666666666664 0.07447916666666667 0.0359375
5 0.48802083333333335 0.3921875 0.10625 0.020833333333333332
2 0.5875 0.3932291666666667 0.13645833333333332 0.025
0 0.5890625 0.37552083333333336 0.058854166666666666 0.028125
20 0.6895833333333333 0.39166666666666666 0.050520833333333334 0.0296875
9 0.6484375 0.38229166666666664 0.059895833333333336 0.014583333333333334
9 0.7260416666666667 0.38229166666666664 0.0375 0.021354166666666667
6 0.4703125 0.46927083333333336 0.0734375 0.0484375
10 0.6479166666666667 0.4859375 0.1875 0.04010416666666667
13 0.7286458333333333 0.45208333333333334 0.10260416666666666 0.0515625
8 0.6895833333333333 0.55625 0.11354166666666667 0.03333333333333333
18 0.6135416666666667 0.6473958333333333 0.3098958333333333 0.06145833333333333
7 0.5666666666666667 0.5541666666666667 0.1171875 0.04895833333333333
20 0.521875 0.4739583333333333 0.04739583333333333 0.024479166666666666
21 0.5473958333333333 0.4421875 0.06927083333333334 0.03697916666666667
7 0.7833333333333333 0.4046875 0.1421875 0.023958333333333335
17 0.784375 0.29739583333333336 0.05260416666666667 0.046875
11 0.5192708333333333 0.303125 0.0703125 0.030729166666666665
11 0.4625 0.2953125 0.050520833333333334 0.0390625