14 0.3421875 0.8776041666666666 0.071875 0.04583333333333333
11 0.9661458333333334 0.6427083333333333 0.06770833333333333 0.15833333333333333
6 0.6979166666666666 0.42239583333333336 0.16458333333333333 0.06770833333333333
3 0.6463541666666667 0.6536458333333334 0.12604166666666666 0.06770833333333333
18 0.5380208333333333 0.6817708333333333 0.134375 0.06979166666666667
9 0.34791666666666665 0.7203125 0.15104166666666666 0.034375
7 0.41770833333333335 0.75625 0.12604166666666666 0.0375
14 0.37864583333333335 0.453125 0.075 0.042708333333333334
20 0.5119791666666667 0.5776041666666667 0.078125 0.046875
16 0.6963541666666667 0.5489583333333333 0.09583333333333334 0.06458333333333334
4 0.5984375 0.5609375 0.12708333333333333 0.07395833333333333
10 0.41770833333333335 0.5703125 0.11875 0.08333333333333333
7 0.2984375 0.5567708333333333 0.12604166666666666 0.040625
0 0.5645833333333333 0.5109375 0.09895833333333333 0.053125
0 0.6546875 0.4942708333333333 0.09479166666666666 0.053125
21 0.4588541666666667 0.425 0.11979166666666667 0.08958333333333333
1 0.5359375 0.4354166666666667 0.07395833333333333 0.052083333333333336
17 0.5765625 0.4197916666666667 0.0875 0.06875
13 0.31614583333333335 0.41458333333333336 0.19270833333333334 0.12083333333333333
0 0.54375 0.3109375 0.12291666666666666 0.06041666666666667
0 0.2703125 0.315625 0.11770833333333333 0.071875
2 0.39375 0.32447916666666665 0.18958333333333333 0.04895833333333333