0 0.09427083333333333 0.5604166666666667 0.14635416666666667 0.090625
0 0.14947916666666666 0.5364583333333334 0.12864583333333332 0.07447916666666667
11 0.16510416666666666 0.4875 0.16927083333333334 0.13385416666666666
1 0.30520833333333336 0.471875 0.07864583333333333 0.04114583333333333
0 0.2604166666666667 0.4817708333333333 0.06822916666666666 0.05625
5 0.20416666666666666 0.721875 0.13020833333333334 0.09375
18 0.23802083333333332 0.6828125 0.1 0.0515625
18 0.2635416666666667 0.6510416666666666 0.09635416666666667 0.041666666666666664
18 0.3223958333333333 0.6317708333333333 0.09427083333333333 0.046875
18 0.31145833333333334 0.6083333333333333 0.09114583333333333 0.036458333333333336
17 0.36770833333333336 0.5755208333333334 0.0890625 0.07291666666666667
4 0.0265625 0.30520833333333336 0.053125 0.09947916666666666
6 0.5135416666666667 0.559375 0.18125 0.05625
13 0.5494791666666666 0.6140625 0.184375 0.08229166666666667
7 0.7239583333333334 0.6052083333333333 0.13229166666666667 0.03177083333333333
20 0.734375 0.5276041666666667 0.06041666666666667 0.030729166666666665
20 0.7369791666666666 0.5098958333333333 0.06354166666666666 0.020833333333333332
7 0.6703125 0.4401041666666667 0.10885416666666667 0.0515625
14 0.5302083333333333 0.46197916666666666 0.04375 0.023958333333333335
7 0.446875 0.48854166666666665 0.0875 0.025
2 0.4109375 0.48125 0.1 0.0484375
15 0.40729166666666666 0.43645833333333334 0.07916666666666666 0.0578125
8 0.5671875 0.4375 0.11875 0.04895833333333333
16 0.6682291666666667 0.3697916666666667 0.0828125 0.040625
5 0.6822916666666666 0.3171875 0.09895833333333333 0.0453125
3 0.5848958333333333 0.32916666666666666 0.103125 0.05677083333333333
5 0.5166666666666667 0.353125 0.0640625 0.025
18 0.43802083333333336 0.359375 0.06041666666666667 0.03177083333333333
14 0.43802083333333336 0.271875 0.051041666666666666 0.0265625
17 0.5083333333333333 0.24479166666666666 0.08020833333333334 0.05625
9 0.6291666666666667 0.23802083333333332 0.11666666666666667 0.041666666666666664