9 0.771875 0.6151041666666667 0.20104166666666667 0.05
4 0.8197916666666667 0.571875 0.15729166666666666 0.08645833333333333
2 0.8197916666666667 0.4895833333333333 0.09166666666666666 0.026041666666666668
17 0.7427083333333333 0.5494791666666666 0.10104166666666667 0.078125
9 0.8140625 0.5135416666666667 0.11666666666666667 0.029166666666666667
1 0.6322916666666667 0.5333333333333333 0.10520833333333333 0.04479166666666667
21 0.39166666666666666 0.5072916666666667 0.11770833333333333 0.08541666666666667
2 0.5286458333333334 0.40989583333333335 0.29791666666666666 0.04583333333333333
14 0.8208333333333333 0.4296875 0.084375 0.04479166666666667
5 0.9286458333333333 0.4114583333333333 0.08229166666666667 0.08854166666666667
6 0.5010416666666667 0.37864583333333335 0.28958333333333336 0.051041666666666666
15 0.5552083333333333 0.328125 0.115625 0.071875
17 0.640625 0.24114583333333334 0.09375 0.08854166666666667