3 0.7796875 0.3145833333333333 0.15989583333333332 0.0953125
2 0.8765625 0.3453125 0.07708333333333334 0.03697916666666667
9 0.45416666666666666 0.35260416666666666 0.13229166666666667 0.03229166666666667
6 0.6192708333333333 0.3572916666666667 0.19166666666666668 0.028645833333333332
14 0.24791666666666667 0.3458333333333333 0.0703125 0.04114583333333333
14 0.75625 0.5026041666666666 0.0640625 0.034895833333333334
11 0.8645833333333334 0.4479166666666667 0.06927083333333334 0.10729166666666666
20 0.4088541666666667 0.4708333333333333 0.06614583333333333 0.04010416666666667
17 0.33177083333333335 0.47708333333333336 0.096875 0.07395833333333333
0 0.5223958333333333 0.4630208333333333 0.07916666666666666 0.044270833333333336
5 0.6036458333333333 0.46770833333333334 0.10052083333333334 0.06458333333333334
1 0.5416666666666666 0.5026041666666666 0.08489583333333334 0.05
4 0.709375 0.46770833333333334 0.109375 0.05416666666666667
13 0.3578125 0.640625 0.25677083333333334 0.15989583333333332
21 0.5286458333333334 0.3177083333333333 0.11822916666666666 0.07239583333333334
15 0.4010416666666667 0.3182291666666667 0.14270833333333333 0.05677083333333333
0 0.6619791666666667 0.3177083333333333 0.08385416666666666 0.05677083333333333