13 0.7666666666666667 0.225 0.38229166666666664 0.18020833333333333
14 0.5510416666666667 0.2520833333333333 0.128125 0.07395833333333333
1 0.85 0.4588541666666667 0.13958333333333334 0.08229166666666667
5 0.7005208333333334 0.47239583333333335 0.171875 0.0625
7 0.7838541666666666 0.5177083333333333 0.27395833333333336 0.06979166666666667
8 0.7619791666666667 0.39895833333333336 0.20104166666666667 0.11979166666666667
15 0.6390625 0.4114583333333333 0.15625 0.096875
14 0.5703125 0.4484375 0.10729166666666666 0.059375
6 0.4140625 0.45729166666666665 0.309375 0.15729166666666666
0 0.190625 0.4140625 0.18645833333333334 0.1
3 0.15052083333333333 0.3802083333333333 0.20625 0.13229166666666667
2 0.7791666666666667 0.6510416666666666 0.109375 0.0875
0 0.678125 0.6125 0.11875 0.06770833333333333
5 0.6484375 0.6546875 0.16666666666666666 0.09375
20 0.5125 0.6385416666666667 0.125 0.053125
20 0.43697916666666664 0.6026041666666667 0.12083333333333333 0.06666666666666667
9 0.3182291666666667 0.646875 0.07395833333333333 0.07083333333333333
9 0.38229166666666664 0.6354166666666666 0.06145833333333333 0.057291666666666664
18 0.5447916666666667 0.6041666666666666 0.09583333333333334 0.052083333333333336
18 0.603125 0.5942708333333333 0.08125 0.046875
18 0.459375 0.5796875 0.090625 0.035416666666666666
7 0.16145833333333334 0.628125 0.24791666666666667 0.09583333333333334
21 0.42864583333333334 0.3802083333333333 0.16770833333333332 0.109375
17 0.5203125 0.4015625 0.10729166666666666 0.09895833333333333