16 0.37083333333333335 0.6453125 0.07083333333333333 0.11145833333333334
11 0.2911458333333333 0.6979166666666666 0.06875 0.08541666666666667
17 0.22447916666666667 0.58125 0.071875 0.05625
5 0.2796875 0.5723958333333333 0.075 0.053125
17 0.3145833333333333 0.5609375 0.052083333333333336 0.052083333333333336
5 0.2453125 0.4895833333333333 0.1125 0.041666666666666664
16 0.29583333333333334 0.3567708333333333 0.128125 0.04791666666666667
9 0.5546875 0.3546875 0.07083333333333333 0.023958333333333335
20 0.6296875 0.353125 0.04583333333333333 0.022916666666666665
14 0.5942708333333333 0.3567708333333333 0.027083333333333334 0.017708333333333333
21 0.5005208333333333 0.346875 0.06145833333333333 0.042708333333333334
1 0.4625 0.41875 0.034375 0.025
6 0.5130208333333334 0.4171875 0.04583333333333333 0.027083333333333334
7 0.5817708333333333 0.4239583333333333 0.05416666666666667 0.008333333333333333
0 0.6260416666666667 0.4114583333333333 0.04791666666666667 0.029166666666666667
15 0.6447916666666667 0.3963541666666667 0.05625 0.05520833333333333
20 0.5609375 0.471875 0.042708333333333334 0.022916666666666665
20 0.5114583333333333 0.4921875 0.04375 0.021875
18 0.44895833333333335 0.478125 0.08333333333333333 0.065625
3 0.6578125 0.48333333333333334 0.06458333333333334 0.0375
14 0.6109375 0.4869791666666667 0.03229166666666667 0.017708333333333333
10 0.5661458333333333 0.49114583333333334 0.06979166666666667 0.030208333333333334
2 0.5619791666666667 0.55625 0.10625 0.022916666666666665
8 0.4588541666666667 0.5515625 0.07604166666666666 0.034375
7 0.5020833333333333 0.63125 0.08645833333333333 0.030208333333333334
0 0.64375 0.5442708333333334 0.05520833333333333 0.030208333333333334
13 0.6088541666666667 0.5322916666666667 0.12708333333333333 0.04895833333333333