13 0.4453125 0.2989583333333333 0.28125 0.17291666666666666
5 0.2078125 0.2520833333333333 0.1875 0.06666666666666667
5 0.19166666666666668 0.29010416666666666 0.22083333333333333 0.06770833333333333
1 0.7635416666666667 0.6015625 0.15208333333333332 0.071875
6 0.528125 0.5682291666666667 0.28229166666666666 0.08125
17 0.6177083333333333 0.5333333333333333 0.15 0.08125
8 0.38125 0.4942708333333333 0.30625 0.07708333333333334
7 0.15364583333333334 0.4984375 0.26145833333333335 0.0625
0 0.12604166666666666 0.434375 0.15208333333333332 0.07291666666666667
20 0.49375 0.7151041666666667 0.10416666666666667 0.04791666666666667
20 0.6213541666666667 0.7401041666666667 0.10416666666666667 0.0375
2 0.5328125 0.8088541666666667 0.3145833333333333 0.10833333333333334
9 0.23697916666666666 0.6916666666666667 0.16770833333333332 0.07708333333333334
21 0.2760416666666667 0.628125 0.14791666666666667 0.10520833333333333
3 0.08333333333333333 0.6182291666666667 0.16666666666666666 0.09791666666666667
18 0.35052083333333334 0.8630208333333333 0.3854166666666667 0.12083333333333333