16 0.36822916666666666 0.6432291666666666 0.06875 0.11041666666666666
11 0.2875 0.6942708333333333 0.06770833333333333 0.08385416666666666
17 0.22291666666666668 0.5765625 0.07083333333333333 0.05520833333333333
5 0.2786458333333333 0.56875 0.07395833333333333 0.0515625
17 0.31354166666666666 0.5578125 0.0515625 0.051041666666666666
5 0.2453125 0.48489583333333336 0.11145833333333334 0.04010416666666667
16 0.2984375 0.353125 0.12708333333333333 0.0453125
9 0.5572916666666666 0.35572916666666665 0.07083333333333333 0.022395833333333334
20 0.6322916666666667 0.35520833333333335 0.04583333333333333 0.021875
14 0.596875 0.35833333333333334 0.0265625 0.017708333333333333
21 0.503125 0.346875 0.06041666666666667 0.041666666666666664
1 0.4640625 0.41822916666666665 0.034375 0.023958333333333335
6 0.5145833333333333 0.4171875 0.0453125 0.026041666666666668
7 0.5833333333333334 0.42552083333333335 0.05416666666666667 0.0078125
0 0.6276041666666666 0.41354166666666664 0.04791666666666667 0.028645833333333332
15 0.6463541666666667 0.39895833333333336 0.05520833333333333 0.05416666666666667
20 0.5614583333333333 0.47291666666666665 0.042708333333333334 0.021875
20 0.5114583333333333 0.4921875 0.04375 0.020833333333333332
18 0.44947916666666665 0.47708333333333336 0.08177083333333333 0.0640625
3 0.6583333333333333 0.4859375 0.06354166666666666 0.0359375
14 0.6109375 0.4890625 0.03177083333333333 0.0171875
10 0.5661458333333333 0.4921875 0.06927083333333334 0.029166666666666667
2 0.5609375 0.5572916666666666 0.10625 0.021354166666666667
8 0.4578125 0.5510416666666667 0.075 0.03333333333333333
7 0.5 0.63125 0.08645833333333333 0.029166666666666667
0 0.6427083333333333 0.546875 0.05520833333333333 0.0296875
13 0.6083333333333333 0.534375 0.12604166666666666 0.046875