18 0.3072916666666667 0.3697916666666667 0.2520833333333333 0.109375
7 0.44895833333333335 0.38177083333333334 0.0765625 0.03958333333333333
11 0.40625 0.7114583333333333 0.16145833333333334 0.19114583333333332
11 0.315625 0.79375 0.15364583333333334 0.16145833333333334
6 0.7572916666666667 0.4901041666666667 0.1625 0.034375
7 0.6380208333333334 0.5057291666666667 0.12291666666666666 0.0390625
8 0.5890625 0.5921875 0.1078125 0.057291666666666664
9 0.6619791666666667 0.5947916666666667 0.04791666666666667 0.019270833333333334
9 0.7489583333333333 0.5901041666666667 0.1265625 0.029166666666666667
0 0.5088541666666667 0.42291666666666666 0.07760416666666667 0.04635416666666667
3 0.5677083333333334 0.40729166666666666 0.08645833333333333 0.046875
5 0.625 0.42083333333333334 0.06666666666666667 0.022916666666666665
10 0.6729166666666667 0.40989583333333335 0.03697916666666667 0.027604166666666666
10 0.7348958333333333 0.4005208333333333 0.043229166666666666 0.025
7 0.6104166666666667 0.38645833333333335 0.13072916666666667 0.052083333333333336
13 0.721875 0.37395833333333334 0.12864583333333332 0.06666666666666667
0 0.6484375 0.28020833333333334 0.07708333333333334 0.04635416666666667
2 0.60625 0.30104166666666665 0.0578125 0.0171875
15 0.49375 0.275 0.10885416666666667 0.09479166666666666
17 0.42604166666666665 0.19427083333333334 0.08020833333333334 0.0609375
14 0.4953125 0.20364583333333333 0.05260416666666667 0.027083333333333334
5 0.5567708333333333 0.20625 0.07083333333333333 0.022916666666666665
1 0.621875 0.190625 0.08177083333333333 0.044270833333333336
14 0.671875 0.19270833333333334 0.025 0.011979166666666667
10 0.7541666666666667 0.17604166666666668 0.16614583333333333 0.07135416666666666
7 0.734375 0.2864583333333333 0.06041666666666667 0.015625
4 0.5770833333333333 0.2864583333333333 0.07291666666666667 0.05