9 0.6270833333333333 0.4171875 0.30520833333333336 0.0421875
6 0.2078125 0.41041666666666665 0.18020833333333333 0.06302083333333333
3 0.14791666666666667 0.22395833333333334 0.18072916666666666 0.10572916666666667
1 0.5630208333333333 0.2375 0.11979166666666667 0.0609375
4 0.6145833333333334 0.22395833333333334 0.17552083333333332 0.084375
5 0.375 0.4046875 0.159375 0.071875
21 0.21614583333333334 0.5588541666666667 0.13645833333333332 0.103125
7 0.32083333333333336 0.5817708333333333 0.10208333333333333 0.03697916666666667
7 0.4786458333333333 0.590625 0.2859375 0.0453125
14 0.5494791666666666 0.5395833333333333 0.06458333333333334 0.034895833333333334
14 0.6 0.5630208333333333 0.06822916666666666 0.03333333333333333
17 0.6802083333333333 0.5526041666666667 0.09791666666666667 0.08489583333333334
2 0.8036458333333333 0.5895833333333333 0.14322916666666666 0.0703125
2 0.3145833333333333 0.7026041666666667 0.24375 0.096875
13 0.46510416666666665 0.696875 0.2515625 0.13333333333333333
8 0.6895833333333333 0.7135416666666666 0.2682291666666667 0.06927083333333334
0 0.290625 0.8416666666666667 0.13020833333333334 0.06510416666666667
0 0.31875 0.7916666666666666 0.09270833333333334 0.0375
0 0.42239583333333336 0.8067708333333333 0.11041666666666666 0.06510416666666667
7 0.5864583333333333 0.8447916666666667 0.11614583333333334 0.033854166666666664