18 0.1453125 0.6578125 0.0921875 0.0515625
18 0.15833333333333333 0.7104166666666667 0.09375 0.058333333333333334
18 0.23385416666666667 0.6822916666666666 0.07760416666666667 0.0515625
18 0.20260416666666667 0.6307291666666667 0.0921875 0.05260416666666667
11 0.37604166666666666 0.5994791666666667 0.08802083333333334 0.1078125
11 0.06354166666666666 0.5255208333333333 0.1265625 0.18020833333333333
16 0.13697916666666668 0.5109375 0.13697916666666668 0.16822916666666668
10 0.3375 0.36302083333333335 0.04895833333333333 0.035416666666666666
17 0.14635416666666667 0.3458333333333333 0.10989583333333333 0.07916666666666666
11 0.25364583333333335 0.8458333333333333 0.19583333333333333 0.1265625
13 0.4635416666666667 0.596875 0.11458333333333333 0.07864583333333333
3 0.5723958333333333 0.42135416666666664 0.08854166666666667 0.0515625
14 0.484375 0.43802083333333336 0.04635416666666667 0.025
14 0.45625 0.43645833333333334 0.0359375 0.025520833333333333
6 0.4088541666666667 0.4322916666666667 0.07760416666666667 0.04010416666666667
7 0.5015625 0.35572916666666665 0.059895833333333336 0.0203125
2 0.6010416666666667 0.3536458333333333 0.10833333333333334 0.019270833333333334
4 0.690625 0.3380208333333333 0.10052083333333334 0.04791666666666667
15 0.5984375 0.4046875 0.06979166666666667 0.06770833333333333
1 0.5015625 0.43125 0.05 0.03177083333333333
21 0.4432291666666667 0.4125 0.075 0.03697916666666667
9 0.646875 0.428125 0.06927083333333334 0.03229166666666667
5 0.6828125 0.38958333333333334 0.05625 0.04635416666666667
5 0.6994791666666667 0.41041666666666665 0.0828125 0.03229166666666667
5 0.7145833333333333 0.434375 0.06875 0.015625
8 0.39791666666666664 0.353125 0.075 0.030208333333333334
0 0.5526041666666667 0.5296875 0.058333333333333334 0.0359375
0 0.5828125 0.5213541666666667 0.0546875 0.03802083333333333
0 0.5213541666666667 0.5104166666666666 0.058854166666666666 0.018229166666666668
20 0.46927083333333336 0.5354166666666667 0.05677083333333333 0.03177083333333333
20 0.5005208333333333 0.5302083333333333 0.040625 0.0296875
7 0.665625 0.521875 0.11614583333333334 0.025520833333333333
17 0.503125 0.3385416666666667 0.04583333333333333 0.027604166666666666