16 0.6598958333333333 0.9067708333333333 0.19895833333333332 0.18645833333333334
5 0.6161458333333333 0.23697916666666666 0.10208333333333333 0.027083333333333334
18 0.44479166666666664 0.196875 0.06875 0.027083333333333334
18 0.2640625 0.4276041666666667 0.13854166666666667 0.078125
14 0.2375 0.4479166666666667 0.052083333333333336 0.03229166666666667
9 0.5822916666666667 0.346875 0.08125 0.034375
8 0.4161458333333333 0.3229166666666667 0.221875 0.06354166666666666
3 0.5052083333333334 0.31145833333333334 0.1125 0.06875
21 0.415625 0.278125 0.1125 0.052083333333333336
10 0.3015625 0.2994791666666667 0.146875 0.065625
15 0.471875 0.4088541666666667 0.09791666666666667 0.075
1 0.4015625 0.40989583333333335 0.06041666666666667 0.051041666666666666
20 0.33697916666666666 0.40625 0.06875 0.0375
20 0.3671875 0.4244791666666667 0.07083333333333333 0.023958333333333335
6 0.21666666666666667 0.4630208333333333 0.051041666666666666 0.029166666666666667
11 0.790625 0.375 0.17708333333333334 0.16875
5 0.915625 0.26197916666666665 0.16458333333333333 0.08854166666666667
2 0.4666666666666667 0.21302083333333333 0.15729166666666666 0.040625
0 0.22916666666666666 0.28489583333333335 0.03229166666666667 0.052083333333333336
10 0.8916666666666667 0.24010416666666667 0.10208333333333333 0.027083333333333334
11 0.6822916666666666 0.5630208333333333 0.051041666666666666 0.11354166666666667
7 0.26197916666666665 0.6505208333333333 0.17291666666666666 0.06354166666666666
7 0.40625 0.6338541666666667 0.08645833333333333 0.034375