12 0.5557291666666667 0.24739583333333334 0.071875 0.03958333333333333
12 0.2713541666666667 0.23385416666666667 0.07083333333333333 0.036458333333333336
9 0.60625 0.25625 0.041666666666666664 0.021875
0 0.46927083333333336 0.2359375 0.08125 0.04583333333333333
1 0.4661458333333333 0.34427083333333336 0.075 0.03958333333333333
3 0.5890625 0.34479166666666666 0.09375 0.06354166666666666
2 0.5135416666666667 0.4427083333333333 0.128125 0.022916666666666665
6 0.33541666666666664 0.4552083333333333 0.11354166666666667 0.035416666666666666
20 0.31354166666666666 0.43333333333333335 0.040625 0.016666666666666666
5 0.42135416666666664 0.46145833333333336 0.08645833333333333 0.036458333333333336
20 0.22760416666666666 0.5520833333333334 0.06354166666666666 0.03125
14 0.16302083333333334 0.5494791666666666 0.05 0.029166666666666667
13 0.3578125 0.5369791666666667 0.203125 0.09270833333333334
15 0.2453125 0.43645833333333334 0.09270833333333334 0.052083333333333336
11 0.2755208333333333 0.33541666666666664 0.18020833333333333 0.04895833333333333
17 0.3328125 0.31197916666666664 0.07395833333333333 0.03854166666666667
16 0.3567708333333333 0.2265625 0.10833333333333334 0.059375
8 0.5203125 0.46770833333333334 0.125 0.040625