18 0.6390625 0.21458333333333332 0.09427083333333333 0.05625
18 0.3203125 0.21354166666666666 0.096875 0.05572916666666667
14 0.44947916666666665 0.23125 0.06614583333333333 0.04010416666666667
4 0.5130208333333334 0.23541666666666666 0.10833333333333334 0.06614583333333333
17 0.3765625 0.33229166666666665 0.09322916666666667 0.06354166666666666
9 0.4822916666666667 0.35052083333333334 0.18541666666666667 0.026041666666666668
6 0.34010416666666665 0.4947916666666667 0.13125 0.07447916666666667
8 0.46041666666666664 0.5135416666666667 0.2171875 0.04583333333333333
2 0.6401041666666667 0.5135416666666667 0.1234375 0.027083333333333334
3 0.4265625 0.6317708333333333 0.14322916666666666 0.0734375
1 0.5541666666666667 0.6390625 0.09895833333333333 0.049479166666666664
20 0.6619791666666667 0.6380208333333334 0.096875 0.04375
14 0.753125 0.6359375 0.06614583333333333 0.03697916666666667
7 0.6802083333333333 0.609375 0.071875 0.0203125
15 0.5416666666666666 0.49166666666666664 0.10729166666666666 0.04479166666666667
0 0.34739583333333335 0.22552083333333334 0.09114583333333333 0.06666666666666667
0 0.4088541666666667 0.23697916666666666 0.08072916666666667 0.06510416666666667