6 0.340625 0.790625 0.06614583333333333 0.08072916666666667
0 0.5114583333333333 0.7666666666666667 0.028645833333333332 0.03854166666666667
9 0.4901041666666667 0.7473958333333334 0.01875 0.024479166666666666
12 0.6296875 0.6567708333333333 0.021354166666666667 0.0328125
12 0.6114583333333333 0.6588541666666666 0.027604166666666666 0.033854166666666664
7 0.4979166666666667 0.6734375 0.04635416666666667 0.036458333333333336
7 0.5760416666666667 0.6671875 0.03854166666666667 0.0515625
10 0.5604166666666667 0.571875 0.07604166666666666 0.05520833333333333
10 0.6208333333333333 0.5661458333333333 0.08125 0.0515625
16 0.6140625 0.34010416666666665 0.053125 0.13333333333333333
21 0.35208333333333336 0.578125 0.040625 0.036458333333333336
7 0.3984375 0.6854166666666667 0.0390625 0.05
17 0.115625 0.7234375 0.0484375 0.16197916666666667
11 0.20729166666666668 0.6166666666666667 0.0421875 0.10729166666666666
5 0.8770833333333333 0.1734375 0.096875 0.090625
15 0.446875 0.325 0.022916666666666665 0.030208333333333334
0 0.6276041666666666 0.7739583333333333 0.034375 0.04375