10 0.359375 0.39947916666666666 0.07760416666666667 0.05625
5 0.08645833333333333 0.20104166666666667 0.06875 0.0515625
5 0.1453125 0.20208333333333334 0.0515625 0.05
5 0.09114583333333333 0.24479166666666666 0.07083333333333333 0.0421875
5 0.153125 0.24427083333333333 0.0484375 0.04114583333333333
20 0.5880208333333333 0.521875 0.0359375 0.03802083333333333
0 0.40572916666666664 0.63125 0.035416666666666666 0.05677083333333333
0 0.4588541666666667 0.640625 0.036458333333333336 0.06197916666666667
12 0.4203125 0.6739583333333333 0.0328125 0.04010416666666667
0 0.35260416666666666 0.6640625 0.0328125 0.052083333333333336
14 0.378125 0.6765625 0.022916666666666665 0.030729166666666665
14 0.4744791666666667 0.6765625 0.023958333333333335 0.0265625
0 0.3776041666666667 0.6395833333333333 0.025520833333333333 0.04114583333333333
12 0.3515625 0.6223958333333334 0.026041666666666668 0.033854166666666664
11 0.76875 0.771875 0.06302083333333333 0.20416666666666666
17 0.9036458333333334 0.715625 0.046875 0.1109375
20 0.653125 0.5135416666666667 0.05 0.06145833333333333