10 0.2765625 0.453125 0.09895833333333333 0.034375
10 0.35989583333333336 0.45260416666666664 0.065625 0.034375
16 0.6963541666666667 0.6036458333333333 0.08125 0.15729166666666666
21 0.6942708333333333 0.3880208333333333 0.10625 0.07291666666666667
0 0.3015625 0.7755208333333333 0.040625 0.029166666666666667
0 0.353125 0.771875 0.0375 0.027083333333333334
0 0.3921875 0.7671875 0.03854166666666667 0.029166666666666667
9 0.2734375 0.6833333333333333 0.08333333333333333 0.0125
9 0.27239583333333334 0.675 0.07604166666666666 0.008333333333333333
9 0.2786458333333333 0.671875 0.078125 0.009375
9 0.28229166666666666 0.6645833333333333 0.07708333333333334 0.010416666666666666