10 0.8447916666666667 0.2984375 0.3098958333333333 0.1671875
18 0.5270833333333333 0.6536458333333334 0.06041666666666667 0.042708333333333334
18 0.25416666666666665 0.8213541666666667 0.20625 0.12395833333333334
5 0.08489583333333334 0.4765625 0.10885416666666667 0.03854166666666667
5 0.1125 0.5364583333333334 0.1125 0.1140625
18 0.403125 0.6375 0.05364583333333333 0.03854166666666667
18 0.459375 0.6260416666666667 0.05625 0.0421875
18 0.5140625 0.625 0.05 0.03229166666666667
18 0.39895833333333336 0.6770833333333334 0.0515625 0.0359375
18 0.33177083333333335 0.6864583333333333 0.06145833333333333 0.040625
0 0.5302083333333333 0.7276041666666667 0.071875 0.06145833333333333
0 0.46041666666666664 0.7864583333333334 0.071875 0.06666666666666667
0 0.5328125 0.7734375 0.06822916666666666 0.0484375
0 0.3921875 0.7848958333333333 0.05260416666666667 0.042708333333333334
0 0.42239583333333336 0.7421875 0.06770833333333333 0.04895833333333333
20 0.4432291666666667 0.39739583333333334 0.029166666666666667 0.020833333333333332
15 0.7869791666666667 0.7364583333333333 0.05625 0.14479166666666668
16 0.7322916666666667 0.6979166666666666 0.08125 0.1734375
11 0.6989583333333333 0.8859375 0.059895833333333336 0.1390625