17 0.8244791666666667 0.4510416666666667 0.08177083333333333 0.078125
11 0.8354166666666667 0.7088541666666667 0.06927083333333334 0.13229166666666667
0 0.42864583333333334 0.628125 0.03125 0.022395833333333334
0 0.453125 0.6192708333333333 0.026041666666666668 0.0234375
0 0.421875 0.6171875 0.0296875 0.0203125
7 0.4890625 0.671875 0.033854166666666664 0.015625
7 0.4088541666666667 0.6770833333333334 0.09895833333333333 0.013541666666666667
9 0.36875 0.5635416666666667 0.030208333333333334 0.03854166666666667
9 0.37395833333333334 0.5739583333333333 0.029166666666666667 0.03802083333333333
9 0.35104166666666664 0.5864583333333333 0.014583333333333334 0.013020833333333334
21 0.578125 0.49895833333333334 0.04739583333333333 0.04010416666666667