16 0.6375 0.24947916666666667 0.25729166666666664 0.19791666666666666
16 0.45729166666666665 0.2375 0.15572916666666667 0.1734375
16 0.8869791666666667 0.24270833333333333 0.22604166666666667 0.19583333333333333
10 0.215625 0.40989583333333335 0.26979166666666665 0.103125
0 0.53125 0.4421875 0.10729166666666666 0.04739583333333333
10 0.440625 0.38958333333333334 0.16041666666666668 0.046875
5 0.8770833333333333 0.37135416666666665 0.20104166666666667 0.019791666666666666
18 0.6479166666666667 0.44479166666666664 0.10364583333333334 0.044270833333333336
18 0.75 0.6083333333333333 0.0625 0.030208333333333334
18 0.6864583333333333 0.6020833333333333 0.06927083333333334 0.027083333333333334
18 0.6557291666666667 0.5875 0.07239583333333334 0.028645833333333332
18 0.8166666666666667 0.6041666666666666 0.06927083333333334 0.03177083333333333
18 0.6328125 0.5619791666666667 0.05625 0.023958333333333335