11 0.7723958333333333 0.8104166666666667 0.049479166666666664 0.08802083333333334
16 0.803125 0.45989583333333334 0.09739583333333333 0.14427083333333332
16 0.7135416666666666 0.26979166666666665 0.10625 0.13802083333333334
10 0.5744791666666667 0.4 0.1515625 0.03177083333333333
10 0.5729166666666666 0.43125 0.1484375 0.030729166666666665
10 0.6994791666666667 0.4328125 0.09010416666666667 0.030208333333333334
3 0.6208333333333333 0.6729166666666667 0.05416666666666667 0.03697916666666667
20 0.5395833333333333 0.6807291666666667 0.051041666666666666 0.027604166666666666
20 0.6453125 0.7 0.04635416666666667 0.030729166666666665
3 0.6963541666666667 0.6979166666666666 0.043229166666666666 0.028125
12 0.5229166666666667 0.7130208333333333 0.030208333333333334 0.021354166666666667
9 0.5760416666666667 0.6427083333333333 0.025 0.025
9 0.6041666666666666 0.6432291666666666 0.027083333333333334 0.022395833333333334
9 0.6291666666666667 0.6427083333333333 0.025520833333333333 0.020833333333333332
7 0.7234375 0.37552083333333336 0.0484375 0.030729166666666665
11 0.9020833333333333 0.7427083333333333 0.07708333333333334 0.1
15 0.7442708333333333 0.7833333333333333 0.0609375 0.08489583333333334
20 0.5828125 0.3671875 0.17083333333333334 0.033854166666666664