17 0.7286458333333333 0.41770833333333335 0.0734375 0.24479166666666666
10 0.8432291666666667 0.1890625 0.31354166666666666 0.084375
10 0.3828125 0.14739583333333334 0.07239583333333334 0.06302083333333333
10 0.4588541666666667 0.13541666666666666 0.08072916666666667 0.075
10 0.5505208333333333 0.13125 0.11041666666666666 0.06770833333333333
10 0.3765625 0.20677083333333332 0.1015625 0.059375
10 0.4640625 0.20364583333333333 0.075 0.06354166666666666
10 0.5541666666666667 0.19583333333333333 0.10364583333333334 0.06927083333333334
21 0.06875 0.4625 0.09895833333333333 0.14479166666666668
11 0.2989583333333333 0.38333333333333336 0.090625 0.21927083333333333
16 0.1265625 0.38177083333333334 0.1203125 0.21510416666666668
5 0.5375 0.5338541666666666 0.07291666666666667 0.0765625
9 0.23802083333333332 0.5463541666666667 0.08125 0.06510416666666667