16 0.39114583333333336 0.43020833333333336 0.11041666666666666 0.12604166666666666
11 0.18489583333333334 0.6005208333333333 0.1 0.15416666666666667
5 0.134375 0.3625 0.146875 0.04375
4 0.7463541666666667 0.421875 0.09166666666666666 0.027083333333333334
10 0.753125 0.50625 0.08645833333333333 0.03958333333333333
17 0.7244791666666667 0.5729166666666666 0.05520833333333333 0.059375
7 0.4864583333333333 0.8119791666666667 0.09166666666666666 0.04375
7 0.309375 0.8916666666666667 0.08958333333333333 0.09166666666666666
7 0.334375 0.8223958333333333 0.06354166666666666 0.05416666666666667
6 0.6536458333333334 0.7416666666666667 0.0875 0.027083333333333334
21 0.4473958333333333 0.42604166666666665 0.020833333333333332 0.046875