4 0.321875 0.10625 0.125 0.020833333333333332
4 0.484375 0.08229166666666667 0.13333333333333333 0.06197916666666667
10 0.12135416666666667 0.13229166666666667 0.24270833333333333 0.12135416666666667
10 0.049479166666666664 0.03125 0.09895833333333333 0.0625
10 0.2296875 0.0578125 0.25 0.08229166666666667
10 0.0625 0.07395833333333333 0.125 0.036458333333333336
14 0.16822916666666668 0.48333333333333334 0.04375 0.029166666666666667
14 0.23958333333333334 0.47708333333333336 0.043229166666666666 0.030729166666666665
14 0.13229166666666667 0.515625 0.03958333333333333 0.024479166666666666
14 0.17552083333333332 0.5098958333333333 0.04479166666666667 0.027604166666666666
14 0.21458333333333332 0.49895833333333334 0.04010416666666667 0.0265625
14 0.19947916666666668 0.4703125 0.0375 0.029166666666666667
0 0.13333333333333333 0.48385416666666664 0.059895833333333336 0.04114583333333333
0 0.21510416666666668 0.4354166666666667 0.0609375 0.0359375
18 0.234375 0.45677083333333335 0.050520833333333334 0.025
7 0.7484375 0.30416666666666664 0.11822916666666666 0.096875
7 0.6729166666666667 0.2916666666666667 0.09583333333333334 0.0890625