4 0.47239583333333335 0.4671875 0.13645833333333332 0.05
6 0.61875 0.47291666666666665 0.10677083333333333 0.0359375
5 0.5890625 0.575 0.16927083333333334 0.08177083333333333
8 0.44635416666666666 0.6067708333333334 0.27760416666666665 0.10729166666666666
16 0.7604166666666666 0.8255208333333334 0.09739583333333333 0.14947916666666666
16 0.8067708333333333 0.8541666666666666 0.10625 0.16875
2 0.7697916666666667 0.9182291666666667 0.209375 0.12083333333333333
14 0.36354166666666665 0.934375 0.15052083333333333 0.10104166666666667
20 0.4875 0.21510416666666668 0.16770833333333332 0.06041666666666667
19 0.5692708333333333 0.4390625 0.1296875 0.06979166666666667
0 0.40677083333333336 0.4395833333333333 0.16666666666666666 0.06458333333333334
6 0.7432291666666667 0.459375 0.1375 0.06927083333333334