6 0.6234375 0.4744791666666667 0.11145833333333334 0.034895833333333334
5 0.6291666666666667 0.55625 0.1515625 0.0515625
19 0.40677083333333336 0.571875 0.146875 0.06510416666666667
16 0.6848958333333334 0.8192708333333333 0.09739583333333333 0.15729166666666666
4 0.53125 0.83125 0.103125 0.04895833333333333
2 0.5755208333333334 0.8854166666666666 0.1859375 0.0875
8 0.7682291666666666 0.9177083333333333 0.21354166666666666 0.11458333333333333
14 0.3619791666666667 0.9286458333333333 0.15364583333333334 0.08177083333333333
20 0.4817708333333333 0.21354166666666666 0.15729166666666666 0.05416666666666667
0 0.39791666666666664 0.4427083333333333 0.17708333333333334 0.051041666666666666
7 0.4203125 0.45208333333333334 0.1328125 0.05572916666666667
6 0.7427083333333333 0.46041666666666664 0.12291666666666666 0.06927083333333334