4 0.5265625 0.4661458333333333 0.13854166666666667 0.05520833333333333
6 0.3802083333333333 0.47708333333333336 0.10833333333333334 0.03958333333333333
5 0.41354166666666664 0.578125 0.171875 0.0875
8 0.5572916666666666 0.6046875 0.28125 0.11666666666666667
16 0.25104166666666666 0.834375 0.10208333333333333 0.153125
16 0.20572916666666666 0.8645833333333334 0.1125 0.171875
2 0.24479166666666666 0.9276041666666667 0.21354166666666666 0.128125
14 0.6515625 0.9291666666666667 0.15416666666666667 0.10625
20 0.5026041666666666 0.21458333333333332 0.16979166666666667 0.06666666666666667
19 0.42864583333333334 0.44166666666666665 0.13229166666666667 0.07395833333333333
0 0.5911458333333334 0.43645833333333334 0.16875 0.07083333333333333
6 0.2557291666666667 0.46770833333333334 0.13958333333333334 0.07395833333333333