6 0.6213541666666667 0.4661458333333333 0.11354166666666667 0.042708333333333334
5 0.6328125 0.546875 0.15520833333333334 0.0625
19 0.4119791666666667 0.578125 0.15104166666666666 0.075
16 0.7067708333333333 0.8057291666666667 0.10833333333333334 0.16354166666666667
4 0.5541666666666667 0.828125 0.10625 0.05625
2 0.6020833333333333 0.8791666666666667 0.19166666666666668 0.1
8 0.796875 0.8979166666666667 0.22083333333333333 0.12916666666666668
14 0.3921875 0.9369791666666667 0.159375 0.09270833333333334
20 0.46197916666666666 0.215625 0.16041666666666668 0.06458333333333334
0 0.39427083333333335 0.45 0.18020833333333333 0.06354166666666666
7 0.4171875 0.4578125 0.13645833333333332 0.06458333333333334
6 0.7395833333333334 0.44375 0.12708333333333333 0.078125