15 0.2890625 0.5182291666666666 0.07135416666666666 0.07916666666666666
12 0.2515625 0.3255208333333333 0.04583333333333333 0.03958333333333333
10 0.6192708333333333 0.2604166666666667 0.1265625 0.03958333333333333
15 0.53125 0.39010416666666664 0.06041666666666667 0.14270833333333333
17 0.6932291666666667 0.425 0.06927083333333334 0.06666666666666667
16 0.7802083333333333 0.7104166666666667 0.12708333333333333 0.2109375
6 0.2989583333333333 0.81875 0.0359375 0.09947916666666666
14 0.325 0.7473958333333334 0.04895833333333333 0.028645833333333332
1 0.521875 0.7359375 0.043229166666666666 0.028645833333333332
6 0.35 0.8171875 0.07135416666666666 0.03229166666666667
9 0.440625 0.8010416666666667 0.2515625 0.10729166666666666