21 0.903125 0.3229166666666667 0.16666666666666666 0.10104166666666667
21 0.5348958333333333 0.4583333333333333 0.09375 0.1
21 0.5265625 0.24739583333333334 0.09479166666666666 0.059375
15 0.7848958333333333 0.6822916666666666 0.09375 0.12395833333333334
11 0.8317708333333333 0.6109375 0.06458333333333334 0.06354166666666666
7 0.39479166666666665 0.7260416666666667 0.075 0.04583333333333333
7 0.3953125 0.7604166666666666 0.084375 0.036458333333333336
6 0.21979166666666666 0.7375 0.09791666666666667 0.05
4 0.44166666666666665 0.24635416666666668 0.090625 0.042708333333333334
10 0.353125 0.2859375 0.09895833333333333 0.06041666666666667
10 0.26927083333333335 0.27760416666666665 0.096875 0.059375
17 0.09947916666666666 0.6515625 0.090625 0.140625
17 0.16458333333333333 0.6536458333333334 0.08020833333333334 0.090625
15 0.059375 0.621875 0.10625 0.12395833333333334