21 0.1140625 0.28854166666666664 0.159375 0.08697916666666666
21 0.46875 0.4552083333333333 0.08645833333333333 0.09322916666666667
21 0.49583333333333335 0.24583333333333332 0.090625 0.0515625
15 0.20052083333333334 0.6567708333333333 0.08385416666666666 0.11666666666666667
11 0.15989583333333332 0.5817708333333333 0.059375 0.058854166666666666
7 0.5848958333333333 0.734375 0.07135416666666666 0.03958333333333333
7 0.5817708333333333 0.76875 0.08229166666666667 0.029166666666666667
6 0.7583333333333333 0.7609375 0.09427083333333333 0.041666666666666664
4 0.5802083333333333 0.2526041666666667 0.08802083333333334 0.035416666666666666
10 0.6651041666666667 0.2994791666666667 0.09479166666666666 0.05260416666666667
10 0.7494791666666667 0.2984375 0.09270833333333334 0.0515625
17 0.8859375 0.6859375 0.07916666666666666 0.134375
17 0.8208333333333333 0.6822916666666666 0.0734375 0.08489583333333334
15 0.928125 0.6598958333333333 0.096875 0.115625