6 0.4890625 0.35520833333333335 0.103125 0.09427083333333333
7 0.5796875 0.3729166666666667 0.1 0.07708333333333334
20 0.46510416666666665 0.14114583333333333 0.1421875 0.0625
10 0.3078125 0.08697916666666666 0.11041666666666666 0.075
10 0.3145833333333333 0.134375 0.0828125 0.059375
14 0.6041666666666666 0.5041666666666667 0.027604166666666666 0.03229166666666667
14 0.6307291666666667 0.5109375 0.030208333333333334 0.029166666666666667
18 0.4234375 0.49114583333333334 0.03177083333333333 0.027083333333333334
21 0.5973958333333333 0.2359375 0.1171875 0.10364583333333334
21 0.5114583333333333 0.24427083333333333 0.07447916666666667 0.07708333333333334
5 0.6489583333333333 0.5947916666666667 0.043229166666666666 0.07708333333333334
5 0.7041666666666667 0.5755208333333334 0.075 0.05