16 0.5458333333333333 0.5328125 0.08385416666666666 0.17395833333333333
6 0.40625 0.7619791666666667 0.08072916666666667 0.07447916666666667
21 0.621875 0.5677083333333334 0.06041666666666667 0.10104166666666667
19 0.5854166666666667 0.7411458333333333 0.08385416666666666 0.09270833333333334
4 0.56875 0.690625 0.05364583333333333 0.05572916666666667
10 0.6755208333333333 0.27239583333333334 0.0828125 0.051041666666666666
7 0.390625 0.4166666666666667 0.05416666666666667 0.027604166666666666
13 0.46875 0.746875 0.052083333333333336 0.08489583333333334
7 0.125 0.13541666666666666 0.09791666666666667 0.13333333333333333
7 0.25833333333333336 0.171875 0.075 0.09322916666666667
11 0.35104166666666664 0.22447916666666667 0.034375 0.12135416666666667