16 0.9145833333333333 0.6958333333333333 0.16770833333333332 0.340625
16 0.46822916666666664 0.3494791666666667 0.15416666666666667 0.10833333333333334
21 0.3296875 0.3411458333333333 0.134375 0.10208333333333333
10 0.32447916666666665 0.4828125 0.20104166666666667 0.08229166666666667
3 0.3171875 0.759375 0.12604166666666666 0.078125
20 0.3328125 0.584375 0.15208333333333332 0.08020833333333334
20 0.33177083333333335 0.6567708333333333 0.1375 0.07604166666666666
20 0.16354166666666667 0.6791666666666667 0.23229166666666667 0.08854166666666667
7 0.47291666666666665 0.6385416666666667 0.13125 0.04479166666666667
17 0.7317708333333334 0.32395833333333335 0.08541666666666667 0.16666666666666666
8 0.12708333333333333 0.48072916666666665 0.15104166666666666 0.0625