11 0.1046875 0.5864583333333333 0.10416666666666667 0.21041666666666667
11 0.19322916666666667 0.5296875 0.103125 0.25833333333333336
17 0.2625 0.5192708333333333 0.07916666666666666 0.21145833333333333
15 0.15208333333333332 0.9041666666666667 0.071875 0.18645833333333334
10 0.5661458333333333 0.3703125 0.052083333333333336 0.053125
0 0.3848958333333333 0.73125 0.03333333333333333 0.04583333333333333
12 0.4786458333333333 0.7276041666666667 0.040625 0.034375
14 0.4557291666666667 0.7463541666666667 0.021875 0.026041666666666668
14 0.478125 0.7489583333333333 0.027083333333333334 0.022916666666666665
1 0.5375 0.7171875 0.025 0.030208333333333334
14 0.4630208333333333 0.7145833333333333 0.020833333333333332 0.019791666666666666
21 0.44635416666666666 0.48333333333333334 0.057291666666666664 0.057291666666666664