3 0.43645833333333334 0.5015625 0.053125 0.04479166666666667
3 0.39427083333333335 0.50625 0.042708333333333334 0.0375
3 0.30416666666666664 0.5125 0.040625 0.03333333333333333
3 0.3489583333333333 0.5135416666666667 0.05 0.027083333333333334
3 0.3609375 0.49583333333333335 0.053125 0.020833333333333332
16 0.5770833333333333 0.3359375 0.05520833333333333 0.09166666666666666
13 0.6338541666666667 0.6052083333333333 0.11979166666666667 0.05625
6 0.4125 0.43333333333333335 0.065625 0.011458333333333333
0 0.5614583333333333 0.5036458333333333 0.040625 0.03125
0 0.5213541666666667 0.5057291666666667 0.04583333333333333 0.030208333333333334
0 0.5302083333333333 0.48125 0.04791666666666667 0.03125
18 0.5921875 0.5057291666666667 0.040625 0.025
18 0.6427083333333333 0.4890625 0.042708333333333334 0.03229166666666667
18 0.6317708333333333 0.5052083333333334 0.03958333333333333 0.020833333333333332
18 0.66875 0.5015625 0.03958333333333333 0.027083333333333334
18 0.596875 0.48333333333333334 0.03958333333333333 0.028125
18 0.6307291666666667 0.47708333333333336 0.0375 0.022916666666666665
18 0.659375 0.4796875 0.023958333333333335 0.020833333333333332
10 0.653125 0.3651041666666667 0.09375 0.034375