16 0.9244791666666666 0.2765625 0.15104166666666666 0.21770833333333334
21 0.7677083333333333 0.31875 0.12916666666666668 0.12395833333333334
0 0.7817708333333333 0.44427083333333334 0.07916666666666666 0.06666666666666667
18 0.8557291666666667 0.446875 0.07083333333333333 0.06145833333333333
10 0.21041666666666667 0.42604166666666665 0.15 0.084375
18 0.7088541666666667 0.6255208333333333 0.06666666666666667 0.04791666666666667
18 0.7807291666666667 0.6291666666666667 0.06354166666666666 0.046875
18 0.8296875 0.61875 0.075 0.04791666666666667
18 0.7630208333333334 0.5984375 0.04895833333333333 0.026041666666666668
18 0.6989583333333333 0.5916666666666667 0.04583333333333333 0.026041666666666668
18 0.6734375 0.6119791666666666 0.040625 0.03333333333333333
18 0.7864583333333334 0.5822916666666667 0.05 0.03333333333333333
6 0.5598958333333334 0.8369791666666667 0.11354166666666667 0.18125