17 0.309375 0.45989583333333334 0.09583333333333334 0.18645833333333334
15 0.234375 0.3515625 0.11458333333333333 0.078125
10 0.5833333333333334 0.215625 0.1625 0.075
10 0.6067708333333334 0.27395833333333336 0.196875 0.071875
5 0.75 0.265625 0.12708333333333333 0.07395833333333333
7 0.6572916666666667 0.2875 0.075 0.03333333333333333
15 0.071875 0.5010416666666667 0.14375 0.3375
3 0.7307291666666667 0.8401041666666667 0.09270833333333334 0.084375
9 0.809375 0.8604166666666667 0.090625 0.08541666666666667
8 0.6114583333333333 0.5927083333333333 0.14375 0.06354166666666666
7 0.6494791666666667 0.5010416666666667 0.17291666666666666 0.06458333333333334
16 0.31145833333333334 0.759375 0.16041666666666668 0.2604166666666667