17 0.5848958333333333 0.38177083333333334 0.059895833333333336 0.13333333333333333
11 0.575 0.7614583333333333 0.07447916666666667 0.240625
16 0.8166666666666667 0.8109375 0.10052083333333334 0.35520833333333335
16 0.9145833333333333 0.8229166666666666 0.11666666666666667 0.3541666666666667
10 0.09322916666666667 0.18802083333333333 0.1109375 0.09114583333333333
10 0.09947916666666666 0.2682291666666667 0.10416666666666667 0.075
20 0.1671875 0.6276041666666666 0.10677083333333333 0.11354166666666667
21 0.403125 0.6880208333333333 0.03854166666666667 0.08645833333333333
19 0.28489583333333335 0.7114583333333333 0.06197916666666667 0.0328125
20 0.1515625 0.8947916666666667 0.05677083333333333 0.049479166666666664
20 0.20833333333333334 0.8864583333333333 0.05416666666666667 0.040625
7 0.16822916666666668 0.5369791666666667 0.0875 0.0234375
7 0.16354166666666667 0.55625 0.0828125 0.021354166666666667