10 0.8989583333333333 0.16458333333333333 0.14375 0.11666666666666667
10 0.88125 0.24791666666666667 0.18541666666666667 0.11770833333333333
15 0.18645833333333334 0.4557291666666667 0.11666666666666667 0.22395833333333334
15 0.23489583333333333 0.4239583333333333 0.10729166666666666 0.21145833333333333
5 0.18177083333333333 0.196875 0.234375 0.14375
5 0.34791666666666665 0.171875 0.14166666666666666 0.11770833333333333
17 0.34375 0.8260416666666667 0.09479166666666666 0.240625
4 0.6166666666666667 0.45625 0.10104166666666667 0.0875
4 0.6109375 0.5098958333333333 0.08333333333333333 0.06354166666666666
6 0.6927083333333334 0.4239583333333333 0.05 0.12395833333333334
13 0.7213541666666666 0.521875 0.14270833333333333 0.134375