10 0.07864583333333333 0.19322916666666667 0.13645833333333332 0.1078125
10 0.10208333333333333 0.275 0.17864583333333334 0.10520833333333333
15 0.8098958333333334 0.43385416666666665 0.10208333333333333 0.2171875
15 0.759375 0.40572916666666664 0.09270833333333334 0.20572916666666666
5 0.7963541666666667 0.17552083333333332 0.22552083333333334 0.128125
5 0.6286458333333333 0.16197916666666667 0.13489583333333333 0.10885416666666667
17 0.6786458333333333 0.8145833333333333 0.07864583333333333 0.2359375
4 0.3807291666666667 0.46458333333333335 0.09583333333333334 0.08072916666666667
4 0.39010416666666664 0.5177083333333333 0.07916666666666666 0.058333333333333334
6 0.3026041666666667 0.4375 0.04114583333333333 0.12135416666666667
13 0.28072916666666664 0.5375 0.134375 0.125