19 0.7104166666666667 0.16041666666666668 0.23072916666666668 0.134375
0 0.1640625 0.19010416666666666 0.15104166666666666 0.0828125
18 0.2677083333333333 0.1203125 0.17604166666666668 0.1078125
14 0.128125 0.11770833333333333 0.10833333333333334 0.0625
14 0.17864583333333334 0.07135416666666666 0.10625 0.06822916666666666
10 0.5265625 0.44635416666666666 0.165625 0.059375
4 0.6885416666666667 0.5 0.15104166666666666 0.07135416666666666
3 0.20520833333333333 0.46197916666666666 0.1515625 0.0609375
3 0.3098958333333333 0.4578125 0.1375 0.06770833333333333
3 0.221875 0.41458333333333336 0.09583333333333334 0.0515625
3 0.3723958333333333 0.4296875 0.10208333333333333 0.05364583333333333
3 0.421875 0.4317708333333333 0.06354166666666666 0.04791666666666667
3 0.29322916666666665 0.4114583333333333 0.06979166666666667 0.0484375
6 0.34375 0.8348958333333333 0.2421875 0.09166666666666666
18 0.6796875 0.6463541666666667 0.2359375 0.13854166666666667
20 0.5296875 0.5052083333333334 0.14791666666666667 0.0859375