17 0.6395833333333333 0.5072916666666667 0.0859375 0.05416666666666667
21 0.6567708333333333 0.5604166666666667 0.10729166666666666 0.05572916666666667
5 0.5958333333333333 0.1375 0.14270833333333333 0.07135416666666666
4 0.27447916666666666 0.13177083333333334 0.09947916666666666 0.0484375
10 0.42916666666666664 0.17447916666666666 0.12395833333333334 0.04895833333333333
10 0.440625 0.22083333333333333 0.090625 0.042708333333333334
6 0.21979166666666666 0.7 0.058854166666666666 0.05260416666666667
7 0.3390625 0.6713541666666667 0.05520833333333333 0.0359375
7 0.8015625 0.9015625 0.19270833333333334 0.12552083333333333
20 0.41302083333333334 0.7578125 0.03333333333333333 0.021354166666666667
14 0.3765625 0.8182291666666667 0.023958333333333335 0.016666666666666666
20 0.3953125 0.7921875 0.04010416666666667 0.025
20 0.4453125 0.7645833333333333 0.03125 0.0265625