10 0.37447916666666664 0.4739583333333333 0.1109375 0.059895833333333336
19 0.16354166666666667 0.6145833333333334 0.06979166666666667 0.04479166666666667
15 0.6354166666666666 0.5958333333333333 0.05625 0.11927083333333334
5 0.6015625 0.4765625 0.10625 0.06145833333333333
5 0.2953125 0.4661458333333333 0.05677083333333333 0.044270833333333336
11 0.8880208333333334 0.5677083333333334 0.07291666666666667 0.0546875
18 0.3416666666666667 0.8072916666666666 0.046875 0.03802083333333333
18 0.3984375 0.7984375 0.043229166666666666 0.035416666666666666
14 0.3026041666666667 0.8203125 0.0328125 0.027604166666666666
14 0.30364583333333334 0.7942708333333334 0.0296875 0.021354166666666667
12 0.328125 0.7786458333333334 0.0375 0.021875
12 0.365625 0.7817708333333333 0.034895833333333334 0.025
7 0.22239583333333332 0.8234375 0.06145833333333333 0.018229166666666668