5 0.8708333333333333 0.15104166666666666 0.25833333333333336 0.08541666666666667
17 0.6932291666666667 0.6151041666666667 0.05625 0.07604166666666666
17 0.7984375 0.9463541666666667 0.07604166666666666 0.10625
16 0.32395833333333335 0.19479166666666667 0.11770833333333333 0.19375
10 0.13072916666666667 0.3536458333333333 0.25729166666666664 0.07395833333333333
10 0.13229166666666667 0.4083333333333333 0.2625 0.075
21 0.2838541666666667 0.35833333333333334 0.10729166666666666 0.08854166666666667
0 0.3229166666666667 0.9005208333333333 0.04895833333333333 0.041666666666666664
0 0.209375 0.9348958333333334 0.05416666666666667 0.03958333333333333
3 0.090625 0.7182291666666667 0.08229166666666667 0.06458333333333334
4 0.0546875 0.45989583333333334 0.109375 0.0375
4 0.053125 0.4947916666666667 0.10625 0.0375
4 0.0546875 0.5213541666666667 0.109375 0.03854166666666667
4 0.06145833333333333 0.5541666666666667 0.09791666666666667 0.03229166666666667
15 0.8791666666666667 0.9270833333333334 0.1 0.13645833333333332
11 0.7963541666666667 0.8734375 0.08333333333333333 0.08645833333333333