21 0.6645833333333333 0.5223958333333333 0.0625 0.058333333333333334
4 0.7578125 0.43802083333333336 0.09583333333333334 0.035416666666666666
21 0.5958333333333333 0.175 0.07708333333333334 0.07395833333333333
15 0.275 0.11822916666666666 0.058333333333333334 0.07916666666666666
17 0.4244791666666667 0.38645833333333335 0.052083333333333336 0.08125
17 0.453125 0.38229166666666664 0.042708333333333334 0.08333333333333333
17 0.27447916666666666 0.8223958333333333 0.075 0.1125
11 0.34427083333333336 0.7817708333333333 0.06041666666666667 0.10208333333333333
16 0.2703125 0.6557291666666667 0.08958333333333333 0.15416666666666667
5 0.7770833333333333 0.9083333333333333 0.08125 0.071875
10 0.8510416666666667 0.153125 0.11979166666666667 0.06041666666666667
21 0.646875 0.18854166666666666 0.06770833333333333 0.07916666666666666
12 0.8234375 0.2526041666666667 0.040625 0.021875
12 0.7848958333333333 0.25625 0.034375 0.019791666666666666
14 0.7776041666666667 0.7494791666666667 0.0375 0.030208333333333334
14 0.8104166666666667 0.7505208333333333 0.03229166666666667 0.016666666666666666
12 0.8359375 0.7859375 0.057291666666666664 0.034375
12 0.7572916666666667 0.759375 0.035416666666666666 0.03333333333333333
12 0.8 0.7723958333333333 0.042708333333333334 0.030208333333333334
12 0.8505208333333333 0.7635416666666667 0.03854166666666667 0.023958333333333335
6 0.6140625 0.7109375 0.09479166666666666 0.035416666666666666