10 0.5109375 0.30364583333333334 0.18958333333333333 0.0859375
10 0.5546875 0.3645833333333333 0.09947916666666666 0.05
12 0.425 0.29739583333333336 0.06041666666666667 0.03958333333333333
12 0.484375 0.34791666666666665 0.06197916666666667 0.05
12 0.44114583333333335 0.37083333333333335 0.058854166666666666 0.0390625
19 0.221875 0.371875 0.21614583333333334 0.10364583333333334
0 0.3578125 0.35989583333333336 0.07447916666666667 0.057291666666666664
0 0.421875 0.3416666666666667 0.07552083333333333 0.057291666666666664
0 0.3078125 0.321875 0.07760416666666667 0.03854166666666667
0 0.32760416666666664 0.3421875 0.0625 0.03958333333333333
0 0.3619791666666667 0.3125 0.04791666666666667 0.03229166666666667
0 0.384375 0.32447916666666665 0.05260416666666667 0.029166666666666667
4 0.0609375 0.35 0.1203125 0.057291666666666664
21 0.9119791666666667 0.8458333333333333 0.17604166666666668 0.23541666666666666