0 0.21510416666666668 0.7848958333333333 0.08541666666666667 0.065625
0 0.28177083333333336 0.7973958333333333 0.08854166666666667 0.06875
18 0.3625 0.7692708333333333 0.071875 0.040625
19 0.4588541666666667 0.5369791666666667 0.11979166666666667 0.06354166666666666
4 0.3203125 0.534375 0.15416666666666667 0.046875
4 0.32135416666666666 0.49322916666666666 0.14270833333333333 0.04895833333333333
21 0.603125 0.5260416666666666 0.12395833333333334 0.08854166666666667
18 0.5791666666666667 0.7364583333333333 0.071875 0.058333333333333334
18 0.6651041666666667 0.759375 0.07916666666666666 0.059375
18 0.7270833333333333 0.7723958333333333 0.07083333333333333 0.0625
18 0.6067708333333334 0.7723958333333333 0.071875 0.05520833333333333
18 0.6239583333333333 0.7171875 0.06875 0.051041666666666666
18 0.7036458333333333 0.71875 0.078125 0.05625
18 0.6484375 0.6713541666666667 0.06875 0.041666666666666664
18 0.5875 0.68125 0.059375 0.042708333333333334
18 0.6546875 0.7015625 0.052083333333333336 0.034375
18 0.7130208333333333 0.6885416666666667 0.05520833333333333 0.03229166666666667
18 0.47604166666666664 0.9734375 0.08125 0.053125
18 0.6614583333333334 0.9447916666666667 0.084375 0.042708333333333334
18 0.24479166666666666 0.9734375 0.09791666666666667 0.053125
0 0.32447916666666665 0.98125 0.06770833333333333 0.0375
12 0.3953125 0.9776041666666667 0.07604166666666666 0.04479166666666667
12 0.3541666666666667 0.9505208333333334 0.06354166666666666 0.03854166666666667
0 0.5744791666666667 0.9760416666666667 0.09791666666666667 0.046875
0 0.8015625 0.9635416666666666 0.08229166666666667 0.05416666666666667
0 0.7119791666666667 0.9677083333333333 0.084375 0.052083333333333336
0 0.565625 0.940625 0.08020833333333334 0.029166666666666667