6 0.4744791666666667 0.521875 0.10625 0.07916666666666666
6 0.5776041666666667 0.5067708333333333 0.05520833333333333 0.07708333333333334
8 0.4046875 0.63125 0.103125 0.04479166666666667
9 0.396875 0.5411458333333333 0.13125 0.05
9 0.36822916666666666 0.53125 0.10208333333333333 0.042708333333333334
1 0.49114583333333334 0.34479166666666666 0.05520833333333333 0.035416666666666666
9 0.44583333333333336 0.35833333333333334 0.05520833333333333 0.078125
1 0.5432291666666667 0.33229166666666665 0.06458333333333334 0.030208333333333334
1 0.6098958333333333 0.3307291666666667 0.06666666666666667 0.03229166666666667
14 0.6177083333333333 0.3546875 0.036458333333333336 0.023958333333333335
14 0.5572916666666666 0.37135416666666665 0.04895833333333333 0.026041666666666668
14 0.5953125 0.3640625 0.03958333333333333 0.021875
14 0.5723958333333333 0.35104166666666664 0.041666666666666664 0.022916666666666665
14 0.5369791666666667 0.35989583333333336 0.0375 0.022916666666666665
14 0.5046875 0.36666666666666664 0.041666666666666664 0.023958333333333335
14 0.5364583333333334 0.3463541666666667 0.035416666666666666 0.016666666666666666
20 0.41770833333333335 0.22083333333333333 0.16666666666666666 0.10416666666666667
10 0.6427083333333333 0.046875 0.11666666666666667 0.06770833333333333
5 0.078125 0.06614583333333333 0.15625 0.08645833333333333