3 0.21302083333333333 0.15 0.16041666666666668 0.11458333333333333
12 0.296875 0.234375 0.159375 0.09791666666666667
10 0.12604166666666666 0.3703125 0.23645833333333333 0.22291666666666668
10 0.16927083333333334 0.434375 0.2 0.21041666666666667
16 0.20520833333333333 0.5979166666666667 0.17395833333333333 0.20625
20 0.39427083333333335 0.15885416666666666 0.17916666666666667 0.10729166666666666
14 0.30885416666666665 0.18802083333333333 0.08333333333333333 0.03854166666666667
7 0.8067708333333333 0.5145833333333333 0.08645833333333333 0.10520833333333333
7 0.884375 0.5244791666666667 0.10625 0.09479166666666666
7 0.9484375 0.5182291666666666 0.103125 0.10729166666666666
4 0.9036458333333334 0.41302083333333334 0.19270833333333334 0.09895833333333333