0 0.16979166666666667 0.5526041666666667 0.06458333333333334 0.041666666666666664
0 0.23854166666666668 0.5489583333333333 0.0578125 0.0390625
3 0.4401041666666667 0.5848958333333333 0.06041666666666667 0.050520833333333334
18 0.5270833333333333 0.7302083333333333 0.04114583333333333 0.030208333333333334
18 0.30572916666666666 0.7786458333333334 0.05416666666666667 0.03697916666666667
18 0.4864583333333333 0.7958333333333333 0.04375 0.04010416666666667
18 0.528125 0.771875 0.05520833333333333 0.03854166666666667
13 0.39166666666666666 0.7104166666666667 0.11041666666666666 0.07083333333333333
13 0.46458333333333335 0.696875 0.07604166666666666 0.07864583333333333
18 0.12708333333333333 0.6338541666666667 0.04895833333333333 0.033854166666666664
0 0.3026041666666667 0.5453125 0.057291666666666664 0.03802083333333333
3 0.3859375 0.5359375 0.06770833333333333 0.05260416666666667
20 0.4734375 0.28125 0.11302083333333333 0.0359375