10 0.08333333333333333 0.43072916666666666 0.16614583333333333 0.11770833333333333
3 0.3104166666666667 0.76875 0.13854166666666667 0.075
3 0.39114583333333336 0.7328125 0.11302083333333333 0.05364583333333333
3 0.39739583333333334 0.8140625 0.11302083333333333 0.10677083333333333
20 0.14947916666666666 0.7291666666666666 0.103125 0.043229166666666666
20 0.28072916666666664 0.7244791666666667 0.07552083333333333 0.0359375
14 0.709375 0.6859375 0.06145833333333333 0.030729166666666665
14 0.7640625 0.6677083333333333 0.057291666666666664 0.028645833333333332
14 0.8354166666666667 0.6713541666666667 0.07447916666666667 0.030729166666666665
12 0.7875 0.7010416666666667 0.0796875 0.0375
12 0.6401041666666667 0.671875 0.04375 0.025
12 0.8536458333333333 0.6916666666666667 0.052083333333333336 0.009895833333333333
3 0.3958333333333333 0.6901041666666666 0.08541666666666667 0.05625
6 0.5692708333333333 0.7166666666666667 0.11875 0.0515625
20 0.32760416666666664 0.5854166666666667 0.17395833333333333 0.0671875
20 0.3489583333333333 0.5348958333333333 0.14947916666666666 0.04479166666666667
12 0.6088541666666667 0.240625 0.059895833333333336 0.03125
0 0.8895833333333333 0.8166666666666667 0.09635416666666667 0.04114583333333333