17 0.7671875 0.8697916666666666 0.12083333333333333 0.18958333333333333
15 0.8713541666666667 0.9192708333333334 0.115625 0.16041666666666668
10 0.18385416666666668 0.18020833333333333 0.10520833333333333 0.05625
18 0.36875 0.7994791666666666 0.042708333333333334 0.035416666666666666
18 0.4109375 0.7796875 0.03958333333333333 0.0375
18 0.46145833333333336 0.7817708333333333 0.042708333333333334 0.03125
12 0.4276041666666667 0.8088541666666667 0.06041666666666667 0.0375
18 0.5755208333333334 0.7505208333333333 0.035416666666666666 0.027083333333333334
18 0.35885416666666664 0.7692708333333333 0.03958333333333333 0.025
6 0.3255208333333333 0.8114583333333333 0.07395833333333333 0.059375
6 0.3854166666666667 0.8223958333333333 0.034375 0.029166666666666667
11 0.659375 0.5296875 0.13541666666666666 0.23958333333333334
19 0.5411458333333333 0.5229166666666667 0.075 0.06145833333333333
13 0.4791666666666667 0.30885416666666665 0.17291666666666666 0.20208333333333334
5 0.7234375 0.08489583333333334 0.29791666666666666 0.08333333333333333