4 0.14583333333333334 0.4005208333333333 0.12083333333333333 0.05520833333333333
4 0.15364583333333334 0.44635416666666666 0.13125 0.051041666666666666
0 0.0484375 0.4328125 0.09166666666666666 0.065625
21 0.184375 0.5552083333333333 0.15416666666666667 0.10520833333333333
19 0.30416666666666664 0.5239583333333333 0.10208333333333333 0.04895833333333333
10 0.4239583333333333 0.5713541666666667 0.1125 0.05416666666666667
0 0.30052083333333335 0.20364583333333333 0.07395833333333333 0.027083333333333334
0 0.37552083333333336 0.21927083333333333 0.07604166666666666 0.03333333333333333
0 0.2942708333333333 0.2630208333333333 0.06458333333333334 0.019791666666666666
0 0.36041666666666666 0.27395833333333336 0.04791666666666667 0.015625
3 0.4197916666666667 0.7723958333333333 0.09166666666666666 0.07291666666666667
13 0.184375 0.6869791666666667 0.34270833333333334 0.15208333333333332
10 0.6578125 0.6026041666666667 0.16979166666666667 0.07604166666666666
14 0.7458333333333333 0.6145833333333334 0.051041666666666666 0.04479166666666667
10 0.8510416666666667 0.6609375 0.14791666666666667 0.07604166666666666