4 0.14270833333333333 0.41302083333333334 0.11927083333333334 0.0515625
4 0.15208333333333332 0.4583333333333333 0.13020833333333334 0.04635416666666667
0 0.04635416666666667 0.4484375 0.0890625 0.06302083333333333
21 0.18645833333333334 0.5661458333333333 0.15052083333333333 0.10052083333333334
19 0.30520833333333336 0.5307291666666667 0.10052083333333334 0.0453125
10 0.4265625 0.5739583333333333 0.1109375 0.050520833333333334
0 0.29010416666666666 0.2109375 0.0734375 0.025
0 0.365625 0.22395833333333334 0.075 0.03125
0 0.2859375 0.2703125 0.0640625 0.017708333333333333
0 0.35260416666666666 0.2791666666666667 0.04791666666666667 0.0140625
3 0.42916666666666664 0.775 0.0890625 0.06979166666666667
13 0.19114583333333332 0.6979166666666666 0.3380208333333333 0.140625
10 0.6614583333333334 0.596875 0.1671875 0.06979166666666667
14 0.7494791666666667 0.6057291666666667 0.049479166666666664 0.043229166666666666
10 0.85625 0.6484375 0.1453125 0.07135416666666666