16 0.8385416666666666 0.7822916666666667 0.11145833333333334 0.26614583333333336
21 0.49635416666666665 0.42916666666666664 0.04635416666666667 0.07083333333333333
16 0.6494791666666667 0.2859375 0.0484375 0.1640625
17 0.7359375 0.4296875 0.06875 0.18385416666666668
15 0.7375 0.7854166666666667 0.052083333333333336 0.1328125
17 0.24635416666666668 0.759375 0.0359375 0.14166666666666666
1 0.3953125 0.7171875 0.043229166666666666 0.0453125
1 0.3536458333333333 0.6963541666666667 0.036458333333333336 0.0359375
20 0.39479166666666665 0.6828125 0.046875 0.041666666666666664
0 0.5458333333333333 0.7104166666666667 0.03854166666666667 0.0546875
0 0.5109375 0.6776041666666667 0.03229166666666667 0.03802083333333333
0 0.5442708333333334 0.6729166666666667 0.034375 0.03177083333333333
0 0.5130208333333334 0.7078125 0.033854166666666664 0.04895833333333333
12 0.5958333333333333 0.7145833333333333 0.0359375 0.03854166666666667
14 0.6276041666666666 0.7140625 0.029166666666666667 0.0359375
4 0.6453125 0.5791666666666667 0.03854166666666667 0.059895833333333336