20 0.6947916666666667 0.5765625 0.25104166666666666 0.09010416666666667
6 0.359375 0.8890625 0.125 0.153125
13 0.240625 0.6973958333333333 0.42864583333333334 0.09114583333333333
14 0.6739583333333333 0.7994791666666666 0.06927083333333334 0.03333333333333333
14 0.5630208333333333 0.8166666666666667 0.07395833333333333 0.034895833333333334
14 0.6088541666666667 0.7963541666666667 0.05677083333333333 0.03333333333333333
14 0.5427083333333333 0.790625 0.07395833333333333 0.0359375
14 0.7114583333333333 0.7885416666666667 0.052083333333333336 0.0203125
19 0.5786458333333333 0.4796875 0.23697916666666666 0.06510416666666667
5 0.596875 0.39010416666666664 0.2359375 0.053125
10 0.5682291666666667 0.34427083333333336 0.27708333333333335 0.041666666666666664
21 0.3140625 0.3338541666666667 0.16354166666666667 0.06510416666666667
16 0.11927083333333334 0.5166666666666667 0.09114583333333333 0.17604166666666668
16 0.3515625 0.5192708333333333 0.12916666666666668 0.1703125
16 0.39010416666666664 0.49895833333333334 0.10572916666666667 0.140625
9 0.2942708333333333 0.7802083333333333 0.0875 0.040625
9 0.3385416666666667 0.7932291666666667 0.07916666666666666 0.03802083333333333
9 0.3802083333333333 0.80625 0.065625 0.033854166666666664