20 0.39010416666666664 0.5739583333333333 0.07708333333333334 0.03958333333333333
1 0.328125 0.5796875 0.06875 0.034375
1 0.2791666666666667 0.5854166666666667 0.030208333333333334 0.028125
8 0.3572916666666667 0.7307291666666667 0.12291666666666666 0.065625
8 0.3578125 0.7651041666666667 0.11354166666666667 0.040625
8 0.496875 0.7026041666666667 0.125 0.059375
8 0.4947916666666667 0.7348958333333333 0.12604166666666666 0.051041666666666666
11 0.8458333333333333 0.6473958333333333 0.125 0.19791666666666666
15 0.7854166666666667 0.6208333333333333 0.09479166666666666 0.18541666666666667
10 0.27447916666666666 0.20625 0.1375 0.04895833333333333
10 0.3828125 0.16770833333333332 0.15729166666666666 0.053125
10 0.4005208333333333 0.21145833333333333 0.121875 0.04791666666666667
10 0.515625 0.21770833333333334 0.115625 0.04791666666666667
10 0.5171875 0.175 0.11979166666666667 0.05
21 0.41875 0.35885416666666664 0.06875 0.07916666666666666
21 0.3640625 0.353125 0.06145833333333333 0.075
21 0.5463541666666667 0.3671875 0.07291666666666667 0.07708333333333334
21 0.5177083333333333 0.3609375 0.06354166666666666 0.07291666666666667
21 0.49166666666666664 0.35520833333333335 0.058333333333333334 0.06979166666666667
21 0.44895833333333335 0.3536458333333333 0.0375 0.07083333333333333