16 0.665625 0.47239583333333335 0.0890625 0.165625
17 0.8479166666666667 0.4859375 0.0390625 0.06875
10 0.44166666666666665 0.22447916666666667 0.10520833333333333 0.0375
19 0.546875 0.3723958333333333 0.06302083333333333 0.034895833333333334
19 0.5651041666666666 0.41770833333333335 0.06979166666666667 0.04791666666666667
12 0.37552083333333336 0.6463541666666667 0.052083333333333336 0.028125
12 0.40208333333333335 0.66875 0.0359375 0.0296875
3 0.3828125 0.6385416666666667 0.0546875 0.034375
14 0.3671875 0.6739583333333333 0.034375 0.027604166666666666
6 0.35520833333333335 0.5010416666666667 0.06927083333333334 0.03697916666666667
3 0.4322916666666667 0.6380208333333334 0.046875 0.034375
20 0.4942708333333333 0.6682291666666667 0.0421875 0.034895833333333334
20 0.5390625 0.6671875 0.04791666666666667 0.03177083333333333
20 0.5197916666666667 0.6401041666666667 0.04479166666666667 0.03125
21 0.37604166666666666 0.21614583333333334 0.028125 0.0484375