10 0.6807291666666667 0.09479166666666666 0.09375 0.08020833333333334
10 0.6927083333333334 0.15729166666666666 0.08333333333333333 0.06822916666666666
10 0.6828125 0.21822916666666667 0.078125 0.058333333333333334
11 0.6958333333333333 0.37552083333333336 0.049479166666666664 0.2171875
0 0.3203125 0.7026041666666667 0.0390625 0.043229166666666666
0 0.3125 0.7473958333333334 0.043229166666666666 0.058333333333333334
0 0.3567708333333333 0.7166666666666667 0.036458333333333336 0.052083333333333336
0 0.390625 0.7239583333333334 0.027604166666666666 0.050520833333333334
18 0.35104166666666664 0.7572916666666667 0.033854166666666664 0.0359375
18 0.42083333333333334 0.7354166666666667 0.0296875 0.04479166666666667
18 0.4114583333333333 0.7552083333333334 0.030729166666666665 0.0359375
18 0.4432291666666667 0.7557291666666667 0.03229166666666667 0.0390625
18 0.4630208333333333 0.7213541666666666 0.025 0.04635416666666667
18 0.4192708333333333 0.7 0.027604166666666666 0.036458333333333336