18 0.8692708333333333 0.5645833333333333 0.05 0.026041666666666668
18 0.8692708333333333 0.590625 0.052083333333333336 0.029166666666666667
18 0.8192708333333333 0.5833333333333334 0.04895833333333333 0.030208333333333334
18 0.7229166666666667 0.5635416666666667 0.058333333333333334 0.03333333333333333
18 0.6598958333333333 0.5651041666666666 0.06145833333333333 0.036458333333333336
3 0.5994791666666667 0.5359375 0.06458333333333334 0.029166666666666667
3 0.5901041666666667 0.565625 0.06354166666666666 0.042708333333333334
6 0.48125 0.55625 0.11666666666666667 0.06041666666666667
7 0.8463541666666666 0.6510416666666666 0.096875 0.058333333333333334
10 0.7755208333333333 0.6177083333333333 0.08854166666666667 0.035416666666666666
7 0.7833333333333333 0.36822916666666666 0.11354166666666667 0.026041666666666668