21 0.7734375 0.4015625 0.203125 0.096875
63 0.38984375 0.61875 0.1765625 0.14375
77 0.5515625 0.59453125 0.290625 0.1546875
46 0.79453125 0.53515625 0.2546875 0.1578125
60 0.65546875 0.83671875 0.1921875 0.1328125
13 0.8265625 0.8078125 0.1875 0.134375
68 0.50078125 0.9109375 0.1828125 0.153125
82 0.728125 0.8890625 0.134375 0.115625
82 0.90390625 0.8453125 0.1421875 0.115625
54 0.31171875 0.25703125 0.1421875 0.0703125
22 0.5078125 0.20859375 0.15 0.0734375
79 0.3515625 0.49296875 0.15625 0.1109375
26 0.553125 0.4484375 0.275 0.121875