25 0.575 0.6109375 0.078125 0.1625
79 0.5609375 0.38828125 0.09375 0.1671875
81 0.62109375 0.775 0.1578125 0.134375
60 0.615625 0.62265625 0.11875 0.2140625
22 0.61484375 0.4140625 0.0765625 0.15625
57 0.85546875 0.7125 0.1734375 0.109375
57 0.84375 0.6296875 0.18125 0.11875
76 0.86875 0.51328125 0.065625 0.1265625
29 0.94140625 0.7125 0.1171875 0.225
68 0.9296875 0.4828125 0.140625 0.1875
18 0.92265625 0.30234375 0.1203125 0.1953125
77 0.159375 0.4171875 0.153125 0.2625
63 0.23828125 0.83671875 0.1078125 0.1421875
26 0.20546875 0.5078125 0.0859375 0.228125
84 0.23125 0.69140625 0.084375 0.1671875
40 0.44375 0.6515625 0.121875 0.175
13 0.41796875 0.4015625 0.0765625 0.159375
42 0.4546875 0.53046875 0.065625 0.1015625
28 0.4421875 0.4265625 0.075 0.14375