26 0.45625 0.3890625 0.06875 0.125
25 0.53828125 0.36015625 0.0953125 0.1671875
79 0.61796875 0.578125 0.1078125 0.165625
33 0.5296875 0.20703125 0.075 0.0859375
60 0.57578125 0.3328125 0.1515625 0.23125
76 0.66875 0.5515625 0.090625 0.18125
42 0.553125 0.14765625 0.09375 0.1421875
57 0.7875 0.22734375 0.1875 0.1453125
22 0.8421875 0.378125 0.08125 0.11875
81 0.771875 0.1296875 0.140625 0.134375
68 0.8984375 0.503125 0.13125 0.16875
18 0.884375 0.31796875 0.140625 0.2109375
29 0.85390625 0.11953125 0.1640625 0.2390625
54 0.96328125 0.52109375 0.0734375 0.1765625
48 0.94609375 0.32421875 0.1015625 0.2078125
77 0.22421875 0.76328125 0.2296875 0.2265625
63 0.146875 0.4296875 0.084375 0.13125
81 0.11796875 0.3125 0.1578125 0.134375
49 0.1109375 0.2609375 0.1375 0.10625
82 0.178125 0.42734375 0.159375 0.3046875
84 0.2359375 0.60625 0.1 0.175
40 0.428125 0.51796875 0.16875 0.1765625
46 0.35703125 0.25078125 0.2078125 0.2234375
40 0.3984375 0.38828125 0.13125 0.1703125
13 0.49140625 0.6234375 0.1015625 0.19375
28 0.49296875 0.5984375 0.0921875 0.15
26 0.40859375 0.271875 0.1046875 0.14375