25 0.5921875 0.3734375 0.0875 0.184375
81 0.60078125 0.19765625 0.1546875 0.1328125
18 0.6109375 0.57578125 0.08125 0.2171875
60 0.6125 0.32734375 0.096875 0.1984375
22 0.64921875 0.48515625 0.0546875 0.1296875
57 0.85390625 0.22890625 0.1765625 0.1109375
57 0.85546875 0.32421875 0.1734375 0.1046875
46 0.9109375 0.61015625 0.13125 0.2234375
76 0.91796875 0.43984375 0.0640625 0.1171875
68 0.9546875 0.1875 0.084375 0.209375
48 0.97421875 0.4375 0.0515625 0.2125
63 0.18125 0.20703125 0.1 0.1390625
77 0.18984375 0.65390625 0.0921875 0.2828125
26 0.20703125 0.553125 0.0703125 0.234375
84 0.203125 0.3578125 0.071875 0.171875
79 0.453125 0.65390625 0.09375 0.1484375
28 0.4625 0.27578125 0.059375 0.1609375
42 0.47109375 0.409375 0.0640625 0.109375