25 0.6078125 0.41015625 0.165625 0.0953125
79 0.3875 0.45078125 0.171875 0.1109375
81 0.76484375 0.34375 0.1484375 0.16875
60 0.6140625 0.36796875 0.221875 0.1421875
22 0.40625 0.3921875 0.159375 0.09375
57 0.67421875 0.11796875 0.1265625 0.1796875
57 0.59375 0.1390625 0.1375 0.1875
76 0.47265625 0.13046875 0.1296875 0.0796875
29 0.66171875 0.05 0.2359375 0.1
68 0.4359375 0.07421875 0.2 0.1484375
18 0.25703125 0.1 0.2046875 0.140625
77 0.4640625 0.846875 0.271875 0.18125
63 0.8734375 0.71796875 0.15 0.1234375
26 0.5484375 0.790625 0.228125 0.1125
84 0.72890625 0.74140625 0.1703125 0.1015625
40 0.66328125 0.53515625 0.1828125 0.1390625
13 0.41875 0.590625 0.1625 0.09375
42 0.5421875 0.53828125 0.10625 0.0765625
28 0.4390625 0.5640625 0.146875 0.090625