25 0.40390625 0.60625 0.1140625 0.184375
81 0.35859375 0.7671875 0.1671875 0.15
18 0.42890625 0.41796875 0.1140625 0.2140625
60 0.3734375 0.64609375 0.125 0.2015625
22 0.3734375 0.49296875 0.075 0.1296875
57 0.13203125 0.68515625 0.1828125 0.1359375
57 0.15078125 0.596875 0.1796875 0.128125
46 0.159375 0.32109375 0.1625 0.2296875
76 0.1171875 0.4765625 0.08125 0.11875
68 0.04375 0.69609375 0.0875 0.2171875
48 0.05234375 0.46171875 0.1046875 0.2140625
63 0.746875 0.846875 0.11875 0.146875
77 0.83359375 0.43359375 0.1359375 0.2765625
26 0.796875 0.5234375 0.10625 0.228125
84 0.75859375 0.7046875 0.0984375 0.171875
79 0.590625 0.378125 0.1125 0.153125
28 0.50234375 0.72421875 0.0828125 0.1578125
42 0.52265625 0.6 0.0796875 0.1125