63 0.64453125 0.553125 0.1640625 0.128125
25 0.49140625 0.59296875 0.1890625 0.1328125
28 0.32265625 0.63828125 0.1578125 0.0921875
54 0.36015625 0.9125 0.0671875 0.05
54 0.27265625 0.94375 0.1109375 0.1
84 0.67890625 0.85703125 0.1984375 0.1203125
13 0.47265625 0.9078125 0.1203125 0.125
13 0.3359375 0.95625 0.103125 0.0875
29 0.1625 0.25390625 0.246875 0.1296875
22 0.58203125 0.18828125 0.1359375 0.0609375
76 0.41953125 0.22890625 0.1515625 0.0703125
79 0.6109375 0.40859375 0.153125 0.1203125
42 0.303125 0.48828125 0.1125 0.0796875
33 0.19453125 0.51328125 0.0953125 0.0828125
68 0.4578125 0.465625 0.16875 0.1