29 0.334375 0.24296875 0.196875 0.1421875
13 0.7265625 0.12265625 0.128125 0.1234375
13 0.659375 0.15625 0.121875 0.096875
61 0.57265625 0.18671875 0.1671875 0.1140625
57 0.3578125 0.4453125 0.14375 0.19375
39 0.56171875 0.4390625 0.1234375 0.103125
27 0.73046875 0.3953125 0.2046875 0.11875
85 0.45625 0.62578125 0.146875 0.1078125
56 0.75859375 0.53359375 0.2921875 0.1546875
57 0.68984375 0.76796875 0.1359375 0.1796875
56 0.56484375 0.87265625 0.1953125 0.1609375
56 0.8625 0.79921875 0.2 0.1671875