63 0.440625 0.64921875 0.115625 0.1578125
25 0.41796875 0.4921875 0.1171875 0.184375
28 0.3890625 0.31875 0.078125 0.15625
54 0.11015625 0.32578125 0.0453125 0.0640625
54 0.0890625 0.23515625 0.090625 0.1046875
84 0.1328125 0.65234375 0.103125 0.1953125
13 0.103125 0.440625 0.115625 0.1125
13 0.0703125 0.296875 0.08125 0.096875
29 0.79296875 0.19765625 0.1078125 0.2421875
22 0.81484375 0.6265625 0.0484375 0.134375
76 0.79140625 0.45859375 0.0578125 0.1515625
79 0.58984375 0.63125 0.1078125 0.146875
42 0.54296875 0.3140625 0.0703125 0.109375
33 0.52890625 0.2015625 0.0765625 0.090625
68 0.5484375 0.471875 0.084375 0.165625