40 0.421875 0.37265625 0.140625 0.1890625
84 0.4140625 0.22109375 0.096875 0.1640625
77 0.415625 0.5890625 0.109375 0.3
21 0.11015625 0.61484375 0.1140625 0.2078125
76 0.09765625 0.440625 0.0734375 0.140625
28 0.0859375 0.21484375 0.0875 0.1234375
81 0.8875 0.61796875 0.15625 0.1359375
81 0.865625 0.34453125 0.1375 0.1359375
26 0.83046875 0.3 0.0984375 0.334375
13 0.83828125 0.4953125 0.0796875 0.18125
33 0.81875 0.140625 0.0625 0.090625
60 0.58046875 0.23828125 0.1078125 0.2234375
29 0.5921875 0.61484375 0.1125 0.2328125