54 0.34140625 0.50078125 0.1671875 0.0765625
81 0.76484375 0.53359375 0.1328125 0.1578125
40 0.35 0.6234375 0.15 0.13125
28 0.5796875 0.59609375 0.125 0.0890625
57 0.696875 0.80703125 0.11875 0.1703125
49 0.38046875 0.8875 0.0703125 0.109375
21 0.6640625 0.90546875 0.284375 0.1203125
68 0.42890625 0.94140625 0.1921875 0.1171875
22 0.8359375 0.91953125 0.1875 0.0921875
40 0.28125 0.20390625 0.203125 0.1765625
79 0.44375 0.2140625 0.178125 0.1
84 0.69296875 0.18046875 0.2046875 0.1015625
25 0.73203125 0.4171875 0.1921875 0.115625
76 0.56875 0.4640625 0.128125 0.053125