40 0.596875 0.425 0.128125 0.175
84 0.6 0.28046875 0.0875 0.1546875
77 0.6109375 0.63046875 0.09375 0.2828125
21 0.9015625 0.64609375 0.1 0.1953125
76 0.90859375 0.47890625 0.0640625 0.1328125
28 0.91171875 0.26484375 0.0796875 0.1140625
81 0.16328125 0.6734375 0.1453125 0.125
81 0.17421875 0.4140625 0.1265625 0.125
26 0.20703125 0.36953125 0.0828125 0.3171875
13 0.20625 0.55703125 0.06875 0.1703125
33 0.21171875 0.21875 0.0578125 0.084375
60 0.44296875 0.303125 0.0953125 0.209375
29 0.4421875 0.6625 0.096875 0.21875