47 0.3984375 0.35703125 0.090625 0.2171875
30 0.43046875 0.76484375 0.0984375 0.2421875
21 0.10703125 0.6359375 0.1328125 0.24375
46 0.0796875 0.38359375 0.146875 0.2453125
32 0.1109375 0.80390625 0.10625 0.1515625
49 0.896875 0.77265625 0.121875 0.0859375
79 0.8359375 0.30234375 0.090625 0.1796875
33 0.86328125 0.67734375 0.0734375 0.1015625
28 0.840625 0.5046875 0.065625 0.115625
29 0.6171875 0.76171875 0.11875 0.2359375
23 0.58984375 0.54296875 0.0765625 0.2015625
39 0.5640625 0.36015625 0.071875 0.1859375