34 0.44921875 0.678125 0.1109375 0.059375
45 0.59453125 0.65234375 0.0953125 0.0359375
45 0.66875 0.65078125 0.0375 0.0296875
41 0.95234375 0.65703125 0.0765625 0.0359375
41 0.88671875 0.6546875 0.0671875 0.0375
87 0.0390625 0.51875 0.078125 0.071875
66 0.18515625 0.51796875 0.0984375 0.0609375
87 0.3953125 0.484375 0.18125 0.10625
66 0.11171875 0.471875 0.0609375 0.0625
66 0.24921875 0.47265625 0.0640625 0.0609375
87 0.04296875 0.4578125 0.0828125 0.065625
66 0.17578125 0.45625 0.0953125 0.071875
84 0.390625 0.39453125 0.034375 0.0265625
84 0.303125 0.38203125 0.04375 0.0296875
84 0.40859375 0.37578125 0.0484375 0.0265625
84 0.34609375 0.37109375 0.0390625 0.0234375
84 0.87421875 0.2140625 0.1359375 0.053125
65 0.5328125 0.940625 0.2 0.115625
84 0.9015625 0.16328125 0.153125 0.0765625
84 0.075 0.08125 0.125 0.090625
57 0.90859375 0.92578125 0.1578125 0.1296875