39 0.559375 0.09140625 0.10625 0.1484375
39 0.4125 0.11796875 0.125 0.1609375
57 0.39765625 0.26171875 0.2453125 0.1734375
39 0.34765625 0.11640625 0.0734375 0.1546875
39 0.2796875 0.12578125 0.109375 0.1484375
51 0.0390625 0.25546875 0.078125 0.1265625
27 0.0953125 0.77578125 0.115625 0.2890625
87 0.9890625 0.85859375 0.021875 0.1515625
87 0.98046875 0.72109375 0.0390625 0.1296875
57 0.86484375 0.2765625 0.2359375 0.1875
57 0.86875 0.3609375 0.24375 0.125
87 0.92734375 0.73046875 0.0953125 0.1484375
87 0.94296875 0.87578125 0.1109375 0.1453125
28 0.7859375 0.58828125 0.121875 0.1921875
39 0.6390625 0.07578125 0.0875 0.1453125