39 0.56640625 0.84296875 0.0796875 0.1265625
39 0.43359375 0.83515625 0.0953125 0.1359375
57 0.40234375 0.7078125 0.2078125 0.13125
39 0.3734375 0.84296875 0.05 0.1359375
39 0.31328125 0.84296875 0.0828125 0.1265625
51 0.07109375 0.753125 0.0828125 0.10625
27 0.07734375 0.28359375 0.0734375 0.2546875
87 0.90625 0.08984375 0.084375 0.1640625
87 0.90078125 0.23046875 0.0765625 0.1109375
57 0.85078125 0.64453125 0.2578125 0.1484375
57 0.84453125 0.5703125 0.2734375 0.090625
87 0.82578125 0.23203125 0.0703125 0.1265625
87 0.8234375 0.08984375 0.0875 0.1421875
28 0.715625 0.37421875 0.090625 0.1640625
39 0.6390625 0.84765625 0.0625 0.1265625