34 0.5140625 0.3109375 0.121875 0.08125
45 0.64921875 0.37578125 0.1015625 0.0546875
45 0.72109375 0.4 0.0421875 0.0375
41 0.9796875 0.46875 0.040625 0.046875
41 0.9359375 0.45546875 0.075 0.0515625
87 0.06640625 0.35 0.0984375 0.0875
66 0.21171875 0.39296875 0.1109375 0.0796875
87 0.40703125 0.4859375 0.2015625 0.14375
66 0.1265625 0.41796875 0.071875 0.0734375
66 0.2625 0.4546875 0.075 0.075
87 0.0515625 0.41171875 0.1 0.0828125
66 0.18359375 0.45 0.1109375 0.090625
84 0.3765625 0.571875 0.0375 0.034375
84 0.2890625 0.56015625 0.05 0.0390625
84 0.38828125 0.5953125 0.0515625 0.0375
84 0.32734375 0.58125 0.0453125 0.03125
84 0.80078125 0.8828125 0.1453125 0.08125
65 0.66875 0.08046875 0.21875 0.1484375
84 0.8109375 0.940625 0.165625 0.10625
84 0.0265625 0.7890625 0.053125 0.115625
57 0.9703125 0.1953125 0.059375 0.15625