57 0.4359375 0.96953125 0.240625 0.0609375
57 0.8546875 0.171875 0.290625 0.103125
57 0.93671875 0.12109375 0.1265625 0.1046875
67 0.45078125 0.47265625 0.1140625 0.0734375
79 0.0875 0.51796875 0.175 0.1515625
14 0.13359375 0.02890625 0.1546875 0.0578125
14 0.11015625 0.3984375 0.0984375 0.05625
77 0.440625 0.10625 0.246875 0.2125
27 0.83359375 0.65 0.1171875 0.159375
52 0.071875 0.67890625 0.140625 0.1609375
16 0.31484375 0.53359375 0.1265625 0.1484375
16 0.8625 0.36015625 0.134375 0.1640625
85 0.3171875 0.64296875 0.11875 0.0796875