34 0.3421875 0.43203125 0.071875 0.1140625
45 0.34296875 0.57421875 0.0484375 0.0953125
45 0.334375 0.64609375 0.034375 0.0390625
41 0.284375 0.91640625 0.04375 0.0765625
41 0.296875 0.85390625 0.046875 0.0703125
87 0.55625 0.053125 0.084375 0.10625
66 0.534375 0.203125 0.071875 0.103125
87 0.534375 0.409375 0.128125 0.1875
66 0.58984375 0.140625 0.0671875 0.065625
66 0.5671875 0.271875 0.06875 0.06875
87 0.61640625 0.06484375 0.0796875 0.1109375
66 0.5953125 0.20390625 0.08125 0.1015625
84 0.621875 0.41796875 0.03125 0.0359375
84 0.64765625 0.33671875 0.0359375 0.0453125
84 0.63671875 0.4375 0.0328125 0.05
84 0.65078125 0.3796875 0.0265625 0.040625
84 0.71953125 0.909375 0.0703125 0.1375
65 0.078125 0.47109375 0.140625 0.2078125
84 0.76484375 0.93125 0.0953125 0.1375
84 0.95859375 0.15390625 0.0828125 0.1546875
57 0.0546875 0.83671875 0.109375 0.1765625