57 0.74609375 0.43203125 0.1640625 0.1015625
74 0.59296875 0.92265625 0.1546875 0.1046875
74 0.60234375 0.83828125 0.1203125 0.1015625
57 0.66328125 0.63125 0.1265625 0.1
65 0.59921875 0.48828125 0.1109375 0.1953125
84 0.41328125 0.61328125 0.0203125 0.0234375
22 0.54453125 0.178125 0.0515625 0.078125
84 0.403125 0.640625 0.01875 0.028125
84 0.41328125 0.57265625 0.0234375 0.0265625
84 0.41875 0.55 0.01875 0.028125
84 0.39140625 0.6375 0.0171875 0.021875
84 0.396875 0.61796875 0.015625 0.0234375
23 0.34765625 0.72578125 0.1234375 0.1359375