8 0.64765625 0.2890625 0.1640625 0.15
12 0.33203125 0.3578125 0.1671875 0.178125
8 0.5140625 0.23828125 0.15625 0.1296875
8 0.17265625 0.25390625 0.1484375 0.1296875
8 0.428125 0.846875 0.165625 0.13125
12 0.5546875 0.74375 0.165625 0.134375
12 0.340625 0.7859375 0.15625 0.140625
8 0.74765625 0.64765625 0.1546875 0.1234375
12 0.2421875 0.71484375 0.18125 0.1546875
12 0.68125 0.55703125 0.196875 0.1640625
8 0.453125 0.58515625 0.153125 0.1109375
12 0.56328125 0.50390625 0.1890625 0.1265625
8 0.76328125 0.38828125 0.1484375 0.1484375
12 0.75 0.31328125 0.203125 0.1546875