10 0.06953125 0.9171875 0.0734375 0.1375
0 0.353125 0.74140625 0.125 0.3546875
0 0.2515625 0.69296875 0.103125 0.5609375
0 0.12890625 0.60703125 0.1609375 0.6140625
0 0.05859375 0.584375 0.1171875 0.521875
10 0.71796875 0.446875 0.1390625 0.153125
10 0.0546875 0.978125 0.0625 0.04375
10 0.6296875 0.37421875 0.09375 0.1484375
10 0.38125 0.34140625 0.109375 0.2203125
10 0.46015625 0.32890625 0.1140625 0.2453125
0 0.6375 0.22734375 0.471875 0.4546875
0 0.77734375 0.19609375 0.4328125 0.3921875
10 0.21875 0.09609375 0.103125 0.1515625
6 0.096875 0.09375 0.175 0.153125
10 0.1578125 0.94609375 0.0875 0.1078125
6 0.49921875 0.91171875 0.1984375 0.1765625
6 0.66875 0.90390625 0.175 0.1828125