11 0.06640625 0.11328125 0.0328125 0.0359375
11 0.02109375 0.12265625 0.0421875 0.1578125
11 0.11171875 0.1234375 0.0890625 0.121875
3 0.5375 0.109375 0.10625 0.14375
11 0.1015625 0.128125 0.203125 0.2375
2 0.4546875 0.1125 0.103125 0.1
3 0.56796875 0.1171875 0.2359375 0.234375
3 0.646875 0.1296875 0.09375 0.1125
11 0.075 0.2015625 0.021875 0.021875
11 0.09921875 0.23515625 0.0359375 0.0359375
11 0.0375 0.25625 0.075 0.14375
11 0.03046875 0.29140625 0.0453125 0.0671875
3 0.4703125 0.27578125 0.13125 0.1765625
11 0.01640625 0.36953125 0.0328125 0.1953125
2 0.253125 0.36328125 0.128125 0.1890625
2 0.253125 0.36953125 0.125 0.1734375
3 0.396875 0.46796875 0.1 0.1671875
2 0.20078125 0.553125 0.0859375 0.128125
2 0.0953125 0.63203125 0.109375 0.1796875
2 0.03046875 0.746875 0.0453125 0.10625
3 0.209375 0.77265625 0.278125 0.3890625
2 0.1015625 0.78828125 0.115625 0.1828125
11 0.04296875 0.06015625 0.0734375 0.0796875
2 0.37578125 0.05703125 0.0609375 0.1078125
11 0.1671875 0.06328125 0.03125 0.0671875
3 0.62734375 0.05234375 0.1109375 0.1046875