11 0.03515625 0.153125 0.0703125 0.13125
3 0.4390625 0.08125 0.125 0.15625
11 0.0625 0.17578125 0.125 0.2234375
2 0.3578125 0.096875 0.115625 0.1125
3 0.4734375 0.1078125 0.259375 0.215625
3 0.54921875 0.08828125 0.1078125 0.1234375
11 0.02265625 0.26796875 0.0390625 0.0390625
3 0.3953125 0.2578125 0.153125 0.190625
2 0.19296875 0.3734375 0.1515625 0.203125
2 0.19375 0.3796875 0.146875 0.1875
3 0.35078125 0.45625 0.1203125 0.178125
2 0.16796875 0.5671875 0.1015625 0.1375
2 0.07421875 0.66015625 0.1328125 0.1921875
3 0.20625 0.78359375 0.328125 0.4203125
2 0.103125 0.81328125 0.1375 0.1953125
2 0.27421875 0.06953125 0.0703125 0.0828125
11 0.0671875 0.09453125 0.0375 0.0546875
3 0.52109375 0.0359375 0.1171875 0.071875