12 0.14296875 0.18359375 0.1671875 0.1359375
12 0.1890625 0.30390625 0.1625 0.1140625
12 0.3515625 0.6578125 0.18125 0.1375
12 0.334375 0.45390625 0.1625 0.1140625
12 0.27890625 0.18984375 0.1984375 0.1296875
12 0.41796875 0.8046875 0.1578125 0.109375
12 0.44609375 0.62890625 0.2203125 0.1640625
12 0.540625 0.86015625 0.15 0.1046875
12 0.4375 0.31328125 0.178125 0.1296875
12 0.43203125 0.053125 0.1515625 0.10625
12 0.56796875 0.4765625 0.1796875 0.125
12 0.63359375 0.66953125 0.1640625 0.1296875
12 0.67421875 0.76484375 0.1546875 0.1203125
12 0.7921875 0.84296875 0.203125 0.1484375
12 0.7859375 0.6625 0.203125 0.15