85 0.56171875 0.11328125 0.2453125 0.1859375
27 0.415625 0.81484375 0.221875 0.3703125
8 0.3046875 0.80859375 0.209375 0.1609375
85 0.3125 0.125 0.21875 0.203125
8 0.22578125 0.928125 0.2296875 0.134375
85 0.1921875 0.2328125 0.253125 0.209375
85 0.15546875 0.0734375 0.2859375 0.146875
8 0.12890625 0.78125 0.2109375 0.2375
85 0.11328125 0.40390625 0.2265625 0.2265625
8 0.10078125 0.6359375 0.2015625 0.225
8 0.08515625 0.89921875 0.1703125 0.1765625
85 0.08984375 0.16875 0.1640625 0.2375
16 0.5984375 0.50078125 0.365625 0.2765625
16 0.64765625 0.753125 0.3703125 0.225
67 0.85546875 0.15703125 0.2890625 0.2984375