12 0.72265625 0.94296875 0.1703125 0.1140625
12 0.7265625 0.8203125 0.165625 0.1125
12 0.70859375 0.4171875 0.1859375 0.1375
12 0.6453125 0.61875 0.165625 0.1125
12 0.59609375 0.89609375 0.2046875 0.1296875
12 0.7015625 0.25 0.1625 0.109375
12 0.60625 0.40859375 0.225 0.1640625
12 0.6046875 0.14765625 0.15625 0.1046875
12 0.49140625 0.715625 0.1828125 0.13125
12 0.3953125 0.95625 0.153125 0.0875
12 0.4296875 0.50625 0.184375 0.125
12 0.440625 0.2953125 0.16875 0.13125
12 0.43828125 0.18828125 0.1578125 0.1203125
12 0.35390625 0.0703125 0.2078125 0.140625
12 0.29140625 0.24375 0.2078125 0.15