8 0.321875 0.67890625 0.1375 0.1515625
12 0.3609375 0.36640625 0.165625 0.1515625
8 0.2609375 0.55234375 0.115625 0.1453125
8 0.24765625 0.221875 0.1171875 0.1375
8 0.84140625 0.41953125 0.1171875 0.1546875
12 0.7515625 0.55 0.121875 0.15625
12 0.775 0.3390625 0.128125 0.14375
8 0.675 0.7421875 0.109375 0.14375
12 0.69765625 0.25 0.1390625 0.16875
12 0.5828125 0.68671875 0.146875 0.1859375
8 0.58984375 0.46484375 0.0984375 0.1453125
12 0.52265625 0.578125 0.1109375 0.18125
8 0.428125 0.78203125 0.1375 0.1359375
12 0.3546875 0.77578125 0.1375 0.1921875