3 0.05234375 0.31953125 0.1046875 0.1515625
3 0.3 0.30859375 0.115625 0.1484375
3 0.8859375 0.278125 0.11875 0.140625
3 0.41796875 0.3140625 0.1015625 0.175
3 0.15234375 0.35 0.1484375 0.203125
3 0.7453125 0.309375 0.10625 0.175
3 0.51484375 0.33125 0.0953125 0.146875
3 0.6359375 0.33359375 0.115625 0.1390625
2 0.83359375 0.33359375 0.1171875 0.1671875
2 0.02421875 0.3953125 0.0484375 0.171875
2 0.9375 0.3875 0.10625 0.134375
2 0.084375 0.45078125 0.090625 0.1328125
2 0.26484375 0.440625 0.1015625 0.175
2 0.72265625 0.4140625 0.1046875 0.15625
2 0.35703125 0.44453125 0.1109375 0.1609375
2 0.60703125 0.4390625 0.0984375 0.15625
2 0.45 0.4515625 0.09375 0.18125
2 0.17265625 0.48125 0.1078125 0.13125
2 0.54296875 0.4734375 0.1015625 0.175
3 0.9328125 0.04296875 0.078125 0.0859375
3 0.36796875 0.06953125 0.1265625 0.1296875
3 0.55 0.06328125 0.109375 0.1265625
3 0.1046875 0.09453125 0.134375 0.1421875
2 0.984375 0.865625 0.03125 0.2
2 0.74921875 0.89140625 0.1078125 0.1921875
2 0.88203125 0.88671875 0.0984375 0.1828125
2 0.61328125 0.90625 0.1046875 0.18125
2 0.05234375 0.95 0.0515625 0.1
2 0.45234375 0.92734375 0.1140625 0.1453125
2 0.171875 0.9375 0.13125 0.125
2 0.32734375 0.93203125 0.1109375 0.1359375