85 0.06015625 0.3125 0.1203125 0.11875
85 0.1375 0.3859375 0.128125 0.096875
85 0.23515625 0.3703125 0.1609375 0.115625
85 0.32890625 0.334375 0.1640625 0.121875
85 0.43046875 0.20703125 0.2078125 0.1421875
27 0.51640625 0.54453125 0.2609375 0.2078125
85 0.50625 0.30546875 0.184375 0.1265625
85 0.58046875 0.19296875 0.1953125 0.1203125
27 0.6640625 0.56796875 0.29375 0.2015625
85 0.64140625 0.259375 0.1609375 0.115625
27 0.67265625 0.371875 0.4046875 0.296875
85 0.86015625 0.52890625 0.1984375 0.1265625
85 0.84140625 0.409375 0.2171875 0.140625
85 0.90859375 0.48046875 0.1828125 0.1359375