2 0.85 0.3703125 0.171875 0.31875
3 0.7734375 0.59453125 0.228125 0.2578125
12 0.734375 0.753125 0.1375 0.134375
12 0.7828125 0.1875 0.159375 0.1875
2 0.6546875 0.8078125 0.2 0.3
3 0.69296875 0.1265625 0.2234375 0.228125
12 0.58203125 0.49375 0.1359375 0.15
3 0.5578125 0.30859375 0.28125 0.2640625
2 0.48203125 0.53671875 0.2203125 0.2953125
12 0.41171875 0.8984375 0.1265625 0.19375
12 0.4265625 0.6921875 0.128125 0.159375
12 0.44921875 0.36796875 0.1296875 0.1953125
2 0.3484375 0.834375 0.20625 0.253125
12 0.3765625 0.1140625 0.1625 0.165625
12 0.940625 0.4484375 0.11875 0.159375
3 0.1703125 0.840625 0.23125 0.259375
3 0.24296875 0.1 0.1890625 0.2
2 0.08515625 0.51640625 0.1703125 0.1953125
2 0.10546875 0.2671875 0.1859375 0.26875
3 0.0453125 0.803125 0.090625 0.278125
12 0.06171875 0.3765625 0.1109375 0.1375