2 0.8796875 0.390625 0.184375 0.33125
3 0.7953125 0.621875 0.2375 0.26875
12 0.75234375 0.78515625 0.1421875 0.1421875
12 0.81328125 0.20234375 0.1671875 0.1953125
2 0.6703125 0.840625 0.2125 0.3125
3 0.721875 0.1359375 0.234375 0.240625
12 0.60078125 0.51484375 0.1421875 0.1546875
3 0.578125 0.321875 0.29375 0.275
2 0.49765625 0.55703125 0.2328125 0.3078125
12 0.4203125 0.91328125 0.128125 0.1703125
12 0.4375 0.7171875 0.134375 0.165625
12 0.46640625 0.38125 0.1359375 0.203125
2 0.35234375 0.8625 0.2171875 0.2625
12 0.39609375 0.1171875 0.1703125 0.175
12 0.9546875 0.47109375 0.090625 0.1609375
3 0.171875 0.85 0.2375 0.2375
3 0.25703125 0.103125 0.1984375 0.20625
2 0.0875 0.5296875 0.175 0.203125
2 0.11171875 0.2703125 0.1984375 0.28125
3 0.04453125 0.80546875 0.0890625 0.2578125
12 0.0640625 0.38359375 0.11875 0.1421875