86 0.23515625 0.34375 0.0671875 0.065625
86 0.2578125 0.39296875 0.059375 0.0890625
86 0.28828125 0.40625 0.0703125 0.09375
28 0.4234375 0.415625 0.078125 0.1625
28 0.45625 0.4046875 0.0625 0.1625
39 0.4578125 0.240625 0.025 0.0375
39 0.45 0.18671875 0.025 0.0453125
75 0.53828125 0.5921875 0.0234375 0.040625
84 0.59375 0.853125 0.025 0.025
75 0.54921875 0.62578125 0.0234375 0.0359375
84 0.5875 0.80625 0.01875 0.028125
84 0.57421875 0.74375 0.0203125 0.025
84 0.58359375 0.771875 0.0265625 0.028125
87 0.49296875 0.31875 0.0828125 0.13125
84 0.60078125 0.82421875 0.0265625 0.0390625
84 0.5765625 0.69921875 0.028125 0.0390625
75 0.55078125 0.57421875 0.0328125 0.0609375
75 0.5640625 0.621875 0.015625 0.028125
84 0.5875 0.7328125 0.021875 0.034375
84 0.59921875 0.78671875 0.0203125 0.0390625
39 0.4796875 0.221875 0.01875 0.0375
39 0.4734375 0.1640625 0.03125 0.05625
39 0.49375 0.209375 0.025 0.04375
39 0.4828125 0.1484375 0.03125 0.059375
87 0.5421875 0.309375 0.075 0.11875
79 0.60625 0.56484375 0.034375 0.0421875
39 0.51484375 0.13203125 0.0546875 0.0640625
79 0.61796875 0.60546875 0.0390625 0.0453125
79 0.6015625 0.53203125 0.034375 0.0359375
39 0.53046875 0.19296875 0.0546875 0.0671875
27 0.690625 0.4984375 0.071875 0.184375
47 0.8375 0.22734375 0.078125 0.2109375
57 0.32109375 0.8875 0.2484375 0.15625
57 0.29765625 0.7640625 0.2453125 0.15625
86 0.234375 0.39140625 0.0375 0.0453125
86 0.25390625 0.47578125 0.0390625 0.0453125