84 0.809375 0.1453125 0.121875 0.165625
84 0.69375 0.15625 0.10625 0.128125
84 0.5765625 0.159375 0.1 0.13125
22 0.3140625 0.20234375 0.353125 0.0515625
26 0.553125 0.41015625 0.121875 0.0515625
79 0.278125 0.434375 0.040625 0.103125
79 0.2234375 0.4359375 0.06875 0.134375
26 0.525 0.515625 0.071875 0.065625
79 0.196875 0.51875 0.084375 0.084375
26 0.59375 0.5203125 0.059375 0.053125
79 0.27421875 0.528125 0.0546875 0.071875
79 0.175 0.58984375 0.03125 0.0578125
79 0.23125 0.596875 0.065625 0.08125
79 0.27890625 0.6296875 0.0609375 0.071875
79 0.18984375 0.659375 0.0546875 0.08125
79 0.24375 0.69375 0.0625 0.071875
53 0.4203125 0.909375 0.484375 0.18125
53 0.8203125 0.9078125 0.234375 0.184375