87 0.2015625 0.09296875 0.134375 0.1046875
87 0.315625 0.075 0.128125 0.109375
28 0.44609375 0.10390625 0.1421875 0.1328125
87 0.2140625 0.16640625 0.13125 0.0828125
28 0.57109375 0.1046875 0.1578125 0.0875
87 0.32890625 0.14765625 0.1171875 0.0796875
75 0.79453125 0.61875 0.0390625 0.040625
75 0.7609375 0.6296875 0.053125 0.075
75 0.68671875 0.65625 0.0453125 0.05625
75 0.81953125 0.6328125 0.0328125 0.05
75 0.63671875 0.66640625 0.0734375 0.0453125
75 0.79609375 0.65234375 0.0515625 0.0359375
75 0.85078125 0.6828125 0.0546875 0.078125
75 0.665625 0.71953125 0.0625 0.0640625
21 0.38984375 0.771875 0.2203125 0.1375
75 0.7609375 0.70859375 0.153125 0.0890625