64 0.18984375 0.30078125 0.1109375 0.0765625
64 0.20390625 0.24609375 0.0859375 0.0703125
64 0.196875 0.36484375 0.071875 0.0578125
79 0.21953125 0.34375 0.0328125 0.040625
39 0.1484375 0.85234375 0.03125 0.0421875
39 0.284375 0.01640625 0.059375 0.0328125
39 0.16171875 0.8203125 0.0296875 0.03125
39 0.175 0.78828125 0.03125 0.0359375
51 0.18203125 0.75859375 0.0515625 0.0390625
44 0.32109375 0.32109375 0.0796875 0.0640625
51 0.26640625 0.68515625 0.0578125 0.0390625
84 0.27734375 0.64765625 0.0546875 0.0546875
44 0.3828125 0.2953125 0.075 0.059375
84 0.37890625 0.3890625 0.0453125 0.034375
84 0.39140625 0.3515625 0.0859375 0.0625
16 0.375 0.45234375 0.090625 0.1015625
84 0.37109375 0.56484375 0.0234375 0.0140625
84 0.3765625 0.546875 0.025 0.01875
78 0.365625 0.665625 0.053125 0.146875
51 0.4109375 0.39296875 0.034375 0.0328125
51 0.39296875 0.51875 0.0359375 0.046875
65 0.3640625 0.89453125 0.190625 0.1953125
70 0.48203125 0.53984375 0.0765625 0.0671875
53 0.54765625 0.17578125 0.1796875 0.1703125
51 0.5 0.49296875 0.059375 0.0484375
57 0.5734375 0.075 0.184375 0.078125
57 0.584375 0.03203125 0.203125 0.0640625
51 0.5203125 0.70234375 0.0375 0.0296875
70 0.478125 0.95625 0.096875 0.0875
24 0.54140625 0.60625 0.1140625 0.090625
51 0.56796875 0.6640625 0.0453125 0.0375
68 0.76953125 0.64375 0.0359375 0.04375
68 0.7875 0.5953125 0.0375 0.03125
68 0.83125 0.6234375 0.04375 0.0375
57 0.796875 0.9140625 0.290625 0.10625
16 0.83125 0.73515625 0.084375 0.1328125
68 0.84921875 0.6515625 0.0390625 0.034375
79 0.12109375 0.41640625 0.0421875 0.0265625
79 0.13359375 0.390625 0.0578125 0.034375
79 0.13125 0.43984375 0.040625 0.0421875
79 0.14765625 0.415625 0.0421875 0.028125
79 0.15 0.4640625 0.028125 0.028125
79 0.16484375 0.3859375 0.0328125 0.0375
13 0.08515625 0.903125 0.0984375 0.0875