87 0.04375 0.7078125 0.0875 0.125
87 0.05078125 0.59296875 0.0953125 0.1171875
28 0.10703125 0.471875 0.1171875 0.128125
87 0.11796875 0.71171875 0.0671875 0.1234375
28 0.13359375 0.34765625 0.0671875 0.1515625
87 0.125 0.59375 0.065625 0.109375
75 0.6828125 0.2375 0.0375 0.034375
75 0.68515625 0.27265625 0.0703125 0.0453125
75 0.69765625 0.35078125 0.0515625 0.0390625
75 0.70234375 0.21640625 0.0484375 0.0265625
75 0.696875 0.40078125 0.0375 0.0703125
75 0.71640625 0.24296875 0.0296875 0.0484375
75 0.75703125 0.19453125 0.0734375 0.0453125
75 0.75390625 0.38515625 0.0578125 0.0546875
21 0.74765625 0.6640625 0.1109375 0.209375
75 0.76328125 0.28828125 0.0703125 0.1453125