65 0.8359375 0.48046875 0.078125 0.0765625
87 0.6921875 0.0890625 0.109375 0.128125
57 0.72421875 0.22578125 0.2265625 0.1453125
15 0.73359375 0.33515625 0.1890625 0.1453125
87 0.6171875 0.1140625 0.109375 0.134375
79 0.69609375 0.6203125 0.0265625 0.040625
79 0.70703125 0.66328125 0.0265625 0.0359375
79 0.7125 0.70859375 0.040625 0.0421875
79 0.721875 0.75390625 0.028125 0.0296875
51 0.446875 0.409375 0.08125 0.084375
64 0.49453125 0.56875 0.0796875 0.084375
13 0.46953125 0.5 0.0671875 0.078125
39 0.36875 0.20703125 0.090625 0.1578125
27 0.2453125 0.353125 0.034375 0.034375
27 0.27578125 0.4953125 0.0328125 0.034375
27 0.234375 0.38671875 0.040625 0.0453125
27 0.259375 0.4734375 0.034375 0.034375
27 0.2375 0.45078125 0.0375 0.0359375
27 0.1890625 0.2984375 0.034375 0.034375
27 0.25 0.50234375 0.0375 0.0359375
27 0.21953125 0.41015625 0.0421875 0.0421875
27 0.22265625 0.43671875 0.0328125 0.0296875
27 0.20546875 0.37890625 0.0296875 0.0328125
27 0.23203125 0.47734375 0.0296875 0.0328125