65 0.990625 0.3546875 0.01875 0.159375
51 0.43046875 0.48671875 0.0515625 0.0671875
51 0.3921875 0.45 0.075 0.084375
44 0.4109375 0.3609375 0.053125 0.065625
44 0.365625 0.340625 0.0875 0.109375
13 0.2140625 0.34453125 0.0875 0.0984375
66 0.2546875 0.18046875 0.08125 0.0890625
66 0.225 0.25078125 0.08125 0.0890625
64 0.1921875 0.18828125 0.071875 0.0953125
64 0.2078125 0.10546875 0.071875 0.0828125
64 0.1375 0.22265625 0.084375 0.0984375
64 0.1140625 0.30859375 0.0875 0.1015625
64 0.15859375 0.14140625 0.0734375 0.0953125
64 0.18203125 0.0453125 0.0796875 0.090625