84 0.23359375 0.075 0.1609375 0.15
84 0.35234375 0.0875 0.1359375 0.15625
84 0.4734375 0.11484375 0.13125 0.1578125
22 0.73828125 0.2109375 0.3765625 0.125
26 0.446875 0.378125 0.1375 0.078125
79 0.72890625 0.4609375 0.0640625 0.115625
79 0.784375 0.47265625 0.096875 0.1515625
26 0.45625 0.49375 0.0875 0.08125
79 0.796875 0.56484375 0.10625 0.1046875
26 0.384375 0.48515625 0.071875 0.0671875
79 0.7140625 0.55859375 0.071875 0.0859375
79 0.80546875 0.64140625 0.0453125 0.0671875
79 0.74453125 0.63828125 0.0828125 0.0953125
79 0.68828125 0.6625 0.0796875 0.0875
79 0.77578125 0.7125 0.0734375 0.096875
79 0.71171875 0.7359375 0.0796875 0.0875
53 0.4875 0.890625 0.5375 0.21875
53 0.10390625 0.8328125 0.2078125 0.225