87 0.153125 0.709375 0.128125 0.10625
79 0.43203125 0.32734375 0.0484375 0.0328125
79 0.43515625 0.28984375 0.0453125 0.0359375
65 0.47421875 0.62421875 0.0890625 0.0953125
79 0.471875 0.32265625 0.053125 0.0515625
79 0.48359375 0.28125 0.0484375 0.03125
51 0.6984375 0.56796875 0.0875 0.0640625
57 0.7078125 0.12890625 0.2875 0.0671875
57 0.71953125 0.065625 0.3015625 0.0875
57 0.7265625 0.01796875 0.303125 0.0359375
13 0.7859375 0.740625 0.115625 0.078125
13 0.78671875 0.65390625 0.0984375 0.0796875
13 0.7828125 0.57265625 0.1125 0.0828125
87 0.13671875 0.81015625 0.1640625 0.1109375
23 0.1140625 0.32578125 0.15625 0.1203125
23 0.11015625 0.21484375 0.1453125 0.0921875