57 0.84375 0.4734375 0.1625 0.140625
57 0.86015625 0.54765625 0.1234375 0.0828125
74 0.646875 0.1859375 0.10625 0.065625
74 0.61484375 0.0796875 0.1046875 0.084375
74 0.63046875 0.13984375 0.1046875 0.0765625
51 0.73203125 0.49453125 0.0390625 0.0515625
51 0.709375 0.4296875 0.040625 0.05625
74 0.64921875 0.23203125 0.0828125 0.0671875
74 0.68125 0.365625 0.0625 0.065625
23 0.73125 0.5703125 0.071875 0.08125
23 0.75703125 0.66640625 0.0828125 0.1265625
13 0.696875 0.465625 0.05 0.059375
51 0.7046875 0.51484375 0.040625 0.0484375
87 0.66640625 0.696875 0.0921875 0.109375
74 0.4890625 0.42890625 0.10625 0.0921875