57 0.825 0.571875 0.159375 0.128125
57 0.81328125 0.6546875 0.1265625 0.06875
74 0.7375 0.203125 0.109375 0.053125
74 0.74765625 0.08359375 0.1046875 0.0734375
74 0.740625 0.15078125 0.10625 0.0671875
51 0.70390625 0.55 0.0359375 0.053125
51 0.70703125 0.475 0.0359375 0.05625
74 0.72265625 0.2515625 0.0828125 0.059375
74 0.70234375 0.39921875 0.0578125 0.0640625
23 0.6734375 0.62578125 0.065625 0.0796875
23 0.6625 0.73359375 0.06875 0.1328125
13 0.67890625 0.50625 0.0453125 0.059375
51 0.66953125 0.559375 0.0359375 0.05
87 0.56015625 0.72890625 0.0828125 0.1078125
74 0.48359375 0.3875 0.1046875 0.084375