53 0.6640625 0.81796875 0.1625 0.1359375
86 0.35625 0.83203125 0.175 0.1265625
70 0.5140625 0.85546875 0.134375 0.1296875
70 0.165625 0.82109375 0.178125 0.1296875
57 0.17421875 0.15625 0.1515625 0.096875
57 0.88359375 0.23515625 0.1578125 0.0921875
57 0.31640625 0.17734375 0.1515625 0.0953125
57 0.73671875 0.22421875 0.1390625 0.0890625
57 0.59453125 0.21015625 0.1453125 0.0921875
57 0.45625 0.19609375 0.140625 0.0890625
47 0.2296875 0.4046875 0.175 0.05
47 0.64453125 0.490625 0.1796875 0.04375
47 0.2390625 0.45390625 0.1625 0.0515625
25 0.6125 0.6453125 0.16875 0.1125