65 0.01875 0.790625 0.0375 0.1625
51 0.60078125 0.5078125 0.0421875 0.065625
51 0.65 0.53828125 0.065625 0.0796875
44 0.65078125 0.6359375 0.0453125 0.0625
44 0.7046875 0.64765625 0.071875 0.1046875
13 0.8625 0.6046875 0.075 0.09375
66 0.859375 0.78828125 0.071875 0.0828125
66 0.8734375 0.70625 0.071875 0.084375
64 0.921875 0.76484375 0.059375 0.0921875
64 0.9265625 0.85390625 0.0625 0.0765625
64 0.9640625 0.71640625 0.059375 0.0921875
64 0.9671875 0.61953125 0.059375 0.0953125
64 0.965625 0.80546875 0.053125 0.0921875
64 0.9609375 0.91484375 0.053125 0.0921875