65 0.1515625 0.603125 0.06875 0.06875
87 0.13125 0.18203125 0.09375 0.1171875
57 0.15546875 0.321875 0.2203125 0.109375
15 0.1890625 0.42734375 0.178125 0.1203125
87 0.21015625 0.17578125 0.0921875 0.1265625
79 0.3359375 0.67734375 0.01875 0.0390625
79 0.3421875 0.72109375 0.021875 0.0328125
79 0.35703125 0.7671875 0.0359375 0.0375
79 0.365625 0.81171875 0.025 0.0265625
51 0.4859375 0.3828125 0.071875 0.075
64 0.503125 0.55 0.06875 0.075
13 0.5 0.47734375 0.05625 0.0703125
39 0.47890625 0.16484375 0.0640625 0.1578125
27 0.6515625 0.2515625 0.03125 0.03125
27 0.678125 0.396875 0.028125 0.03125
27 0.6734375 0.278125 0.034375 0.040625
27 0.6859375 0.36875 0.03125 0.03125
27 0.69609375 0.3390625 0.0359375 0.03125
27 0.68125 0.1796875 0.03125 0.03125
27 0.70546875 0.3921875 0.0359375 0.03125
27 0.69609375 0.29375 0.0390625 0.0375
27 0.70390625 0.3203125 0.0296875 0.025
27 0.6984375 0.25859375 0.025 0.0296875
27 0.7125 0.36171875 0.025 0.0296875