87 0.56640625 0.2859375 0.1015625 0.053125
23 0.72890625 0.3109375 0.1484375 0.1125
25 0.4484375 0.32265625 0.109375 0.0703125
28 0.58828125 0.3484375 0.1453125 0.08125
73 0.81796875 0.38984375 0.1609375 0.0828125
87 0.30078125 0.39296875 0.1109375 0.0828125
26 0.4609375 0.41796875 0.184375 0.0859375
51 0.5703125 0.51015625 0.075 0.0609375
87 0.2953125 0.48046875 0.121875 0.0953125
45 0.4703125 0.53671875 0.1125 0.0671875
51 0.75625 0.58359375 0.090625 0.0671875
74 0.28671875 0.57890625 0.0609375 0.0890625
74 0.1625 0.57109375 0.05 0.1015625
57 0.44140625 0.6296875 0.1140625 0.115625
24 0.34375 0.72578125 0.14375 0.0921875
50 0.1765625 0.7953125 0.109375 0.090625
57 0.11640625 0.884375 0.1296875 0.146875