87 0.66953125 0.66875 0.0578125 0.1
23 0.63359375 0.83515625 0.1140625 0.1546875
25 0.6453125 0.55078125 0.06875 0.1109375
28 0.61171875 0.6796875 0.0828125 0.128125
87 0.584375 0.3890625 0.08125 0.115625
26 0.5453125 0.5453125 0.0875 0.19375
87 0.50078125 0.371875 0.0984375 0.13125
51 0.4390625 0.64375 0.071875 0.0875
84 0.4546875 0.4625 0.0625 0.075
45 0.4234375 0.55625 0.08125 0.125
51 0.3546875 0.8171875 0.078125 0.078125
57 0.3390625 0.49453125 0.121875 0.0984375
24 0.2515625 0.3890625 0.1 0.1375
50 0.1875 0.23203125 0.134375 0.0859375
57 0.128125 0.15078125 0.140625 0.1109375