23 0.26171875 0.640625 0.1421875 0.1125
87 0.415625 0.6796875 0.096875 0.05625
28 0.40546875 0.63046875 0.1328125 0.0890625
25 0.53359375 0.665625 0.1171875 0.08125
87 0.69921875 0.61328125 0.1328125 0.0953125
27 0.53515625 0.56875 0.1984375 0.1
87 0.71875 0.5265625 0.13125 0.103125
51 0.45 0.45234375 0.090625 0.0640625
85 0.634375 0.478125 0.090625 0.06875
45 0.53828125 0.440625 0.1421875 0.08125
51 0.27578125 0.3609375 0.1015625 0.084375
57 0.60078125 0.35390625 0.1078125 0.1234375
24 0.71171875 0.259375 0.1421875 0.09375
57 0.953125 0.15234375 0.09375 0.1109375