87 0.715625 0.5640625 0.065625 0.109375
23 0.671875 0.72890625 0.128125 0.1609375
25 0.6890625 0.4375 0.084375 0.11875
28 0.64921875 0.5796875 0.0984375 0.153125
73 0.5796875 0.8140625 0.103125 0.171875
87 0.63203125 0.2765625 0.0953125 0.121875
26 0.58984375 0.44140625 0.1078125 0.1953125
51 0.4828125 0.54296875 0.06875 0.0828125
87 0.5421875 0.26171875 0.109375 0.1359375
45 0.465625 0.43828125 0.08125 0.1234375
51 0.3875 0.728125 0.078125 0.1
74 0.4421875 0.2421875 0.096875 0.071875
74 0.465625 0.115625 0.10625 0.0625
57 0.3734375 0.39765625 0.128125 0.1265625
24 0.284375 0.28515625 0.10625 0.1546875
50 0.2296875 0.10390625 0.103125 0.1203125
57 0.1578125 0.05390625 0.1375 0.1078125