87 0.56796875 0.6546875 0.0984375 0.065625
23 0.71015625 0.6109375 0.1484375 0.121875
25 0.4578125 0.640625 0.1125 0.078125
28 0.5796875 0.59453125 0.134375 0.0859375
87 0.30390625 0.59453125 0.1265625 0.0953125
27 0.4484375 0.5515625 0.171875 0.09375
87 0.2859375 0.51171875 0.13125 0.1046875
51 0.53203125 0.43671875 0.0890625 0.0609375
84 0.36328125 0.46328125 0.0734375 0.0578125
45 0.44609375 0.43671875 0.1328125 0.0859375
51 0.69609375 0.35390625 0.0890625 0.0703125
57 0.39609375 0.346875 0.1109375 0.125