87 0.5203125 0.33515625 0.0875 0.0421875
23 0.66796875 0.33515625 0.1265625 0.0890625
25 0.42109375 0.38046875 0.1015625 0.0515625
28 0.55078125 0.38828125 0.1234375 0.0546875
87 0.2890625 0.46796875 0.1125 0.0671875
27 0.43828125 0.4671875 0.1640625 0.053125
87 0.296875 0.55234375 0.115625 0.0734375
51 0.55 0.55078125 0.078125 0.0421875
84 0.384375 0.57421875 0.0625 0.0421875
45 0.46875 0.57578125 0.121875 0.0546875
51 0.72890625 0.58203125 0.0796875 0.0515625
57 0.44765625 0.67421875 0.0859375 0.1046875