87 0.46953125 0.303125 0.1046875 0.065625
23 0.63046875 0.259375 0.1578125 0.128125
25 0.3765625 0.38515625 0.115625 0.0828125
28 0.515625 0.35 0.15 0.1
73 0.74453125 0.29609375 0.1671875 0.1046875
87 0.26953125 0.51015625 0.1203125 0.0953125
26 0.428125 0.4671875 0.190625 0.109375
51 0.56640625 0.50703125 0.0828125 0.0703125
87 0.3015625 0.59296875 0.13125 0.1078125
45 0.4859375 0.571875 0.11875 0.08125
51 0.765625 0.49765625 0.096875 0.0765625
74 0.3328125 0.68671875 0.071875 0.0953125
74 0.2171875 0.7296875 0.0625 0.103125
57 0.49609375 0.66953125 0.1265625 0.1265625
24 0.44453125 0.79765625 0.1515625 0.1078125
50 0.32109375 0.93125 0.1171875 0.103125
57 0.29765625 0.978125 0.1390625 0.04375