87 0.58046875 0.1203125 0.1328125 0.040625
73 0.23671875 0.18125 0.1671875 0.053125
28 0.553125 0.17578125 0.1625 0.0671875
25 0.7421875 0.17265625 0.15625 0.0828125
26 0.68125 0.3046875 0.2375 0.078125
51 0.52265625 0.4203125 0.0859375 0.059375
87 0.83984375 0.41484375 0.0890625 0.1078125
51 0.2953125 0.46953125 0.103125 0.0734375
84 0.7515625 0.44765625 0.090625 0.0671875
45 0.6328125 0.45546875 0.14375 0.0828125
57 0.653125 0.57890625 0.1125 0.1234375
24 0.7421875 0.703125 0.1375 0.084375
23 0.371875 0.1140625 0.165625 0.13125