23 0.62734375 0.32578125 0.1421875 0.1140625
87 0.478125 0.29296875 0.1 0.0578125
25 0.3640625 0.315625 0.115625 0.075
28 0.49296875 0.34765625 0.1234375 0.0828125
73 0.709375 0.4078125 0.134375 0.084375
26 0.36953125 0.41171875 0.1765625 0.0890625
87 0.2125 0.37421875 0.125 0.0921875
51 0.46796875 0.51171875 0.0859375 0.0609375
87 0.20546875 0.46015625 0.1265625 0.0984375
84 0.29453125 0.50390625 0.0796875 0.0609375
51 0.6328125 0.584375 0.084375 0.065625
45 0.3859375 0.52734375 0.11875 0.0671875
74 0.18671875 0.5609375 0.0546875 0.08125
57 0.33984375 0.6140625 0.1140625 0.11875
24 0.2421875 0.70546875 0.121875 0.0890625
50 0.08828125 0.7828125 0.0640625 0.115625
57 0.05234375 0.8421875 0.0578125 0.1