35 0.76484375 0.59921875 0.0578125 0.1609375
28 0.76640625 0.29765625 0.0546875 0.1328125
87 0.6796875 0.63046875 0.059375 0.0796875
83 0.71484375 0.31875 0.0921875 0.121875
58 0.73046875 0.2359375 0.0890625 0.075
28 0.66015625 0.4765625 0.0828125 0.16875
18 0.625 0.3171875 0.0625 0.1875
53 0.5171875 0.7328125 0.10625 0.196875
84 0.534375 0.56328125 0.05 0.1171875
84 0.5359375 0.27109375 0.059375 0.1109375
64 0.3046875 0.5203125 0.05 0.078125
51 0.22734375 0.7046875 0.0359375 0.059375
51 0.25390625 0.575 0.0328125 0.053125