51 0.54375 0.55546875 0.034375 0.0265625
61 0.42734375 0.5671875 0.0546875 0.04375
51 0.63359375 0.5546875 0.0484375 0.03125
51 0.58359375 0.5578125 0.0515625 0.040625
61 0.490625 0.56640625 0.0625 0.0359375
48 0.46875 0.6078125 0.134375 0.05
57 0.24453125 0.64453125 0.1515625 0.2265625
28 0.55234375 0.2984375 0.1140625 0.03125
87 0.3984375 0.3109375 0.059375 0.03125
87 0.3703125 0.33046875 0.0625 0.0359375
87 0.4390625 0.33203125 0.0625 0.0390625
87 0.48828125 0.33203125 0.0453125 0.0359375
51 0.22109375 0.3515625 0.0859375 0.06875
28 0.6671875 0.32265625 0.0875 0.0359375
87 0.37890625 0.3546875 0.0765625 0.025
87 0.44375 0.3671875 0.06875 0.040625
28 0.49765625 0.36484375 0.0421875 0.0359375
48 0.6640625 0.40234375 0.08125 0.0234375
28 0.48203125 0.4515625 0.0578125 0.06875
28 0.65 0.46953125 0.115625 0.0421875