17 0.3194444444444444 0.225 0.08333333333333333 0.14333333333333334
9 0.425 0.265 0.1388888888888889 0.08333333333333333
35 0.5361111111111111 0.26166666666666666 0.07222222222222222 0.09333333333333334
16 0.7361111111111112 0.26 0.1111111111111111 0.12666666666666668
32 0.8277777777777777 0.24833333333333332 0.10555555555555556 0.14
27 0.7722222222222223 0.42333333333333334 0.06666666666666667 0.09
13 0.6611111111111111 0.4066666666666667 0.07777777777777778 0.08333333333333333
5 0.7388888888888889 0.4166666666666667 0.07777777777777778 0.12
23 0.4638888888888889 0.4033333333333333 0.08333333333333333 0.11
9 0.375 0.3933333333333333 0.12222222222222222 0.10333333333333333
26 0.37222222222222223 0.525 0.15 0.11666666666666667
16 0.49444444444444446 0.525 0.09444444444444444 0.08666666666666667
20 0.6472222222222223 0.7033333333333334 0.15 0.15666666666666668
11 0.775 0.715 0.1111111111111111 0.16666666666666666
3 0.4888888888888889 0.6666666666666666 0.15555555555555556 0.14
12 0.4222222222222222 0.825 0.15555555555555556 0.15333333333333332
10 0.5944444444444444 0.865 0.15555555555555556 0.17
23 0.5194444444444445 0.4083333333333333 0.10555555555555556 0.10333333333333333
23 0.5055555555555555 0.37 0.06111111111111111 0.07333333333333333
16 0.5694444444444444 0.5366666666666666 0.08888888888888889 0.1
27 0.8138888888888889 0.42 0.03888888888888889 0.12666666666666668
27 0.8472222222222222 0.4066666666666667 0.05555555555555555 0.10333333333333333
29 0.175 0.5433333333333333 0.14444444444444443 0.24
29 0.06388888888888888 0.615 0.12777777777777777 0.3566666666666667