9 0.09444444444444444 0.041666666666666664 0.18888888888888888 0.08
16 0.5972222222222222 0.04833333333333333 0.16111111111111112 0.09333333333333334
32 0.7611111111111111 0.02666666666666667 0.14444444444444443 0.05333333333333334
9 0.06111111111111111 0.295 0.12222222222222222 0.10333333333333333
27 0.8083333333333333 0.24 0.07777777777777778 0.13333333333333333
27 0.7388888888888889 0.265 0.05555555555555555 0.14
27 0.6777777777777778 0.2916666666666667 0.06666666666666667 0.11666666666666667
26 0.08611111111111111 0.48333333333333334 0.17222222222222222 0.18
16 0.3055555555555556 0.48 0.25555555555555554 0.18
20 0.5111111111111111 0.735 0.2222222222222222 0.2633333333333333
3 0.28888888888888886 0.705 0.21666666666666667 0.23666666666666666
11 0.7416666666666667 0.745 0.18333333333333332 0.27666666666666667
12 0.2361111111111111 0.9383333333333334 0.2388888888888889 0.12333333333333334
23 0.26666666666666666 0.2783333333333333 0.17777777777777778 0.15333333333333332
23 0.16944444444444445 0.265 0.1388888888888889 0.17