10 0.8138888888888889 0.5616666666666666 0.35 0.29333333333333333
35 0.7777777777777778 0.39166666666666666 0.17777777777777778 0.07
9 0.7555555555555555 0.31 0.15555555555555556 0.11333333333333333
17 0.8222222222222222 0.23833333333333334 0.28888888888888886 0.06666666666666667
27 0.5277777777777778 0.6583333333333333 0.2 0.05
27 0.5 0.635 0.23333333333333334 0.03333333333333333
27 0.49444444444444446 0.6016666666666667 0.2111111111111111 0.03
13 0.5055555555555555 0.5116666666666667 0.14444444444444443 0.04
23 0.46944444444444444 0.4033333333333333 0.20555555555555555 0.08666666666666667
23 0.5805555555555556 0.4033333333333333 0.1388888888888889 0.03333333333333333
23 0.4722222222222222 0.36 0.23333333333333334 0.06666666666666667
9 0.4583333333333333 0.305 0.20555555555555555 0.13666666666666666
26 0.19166666666666668 0.29 0.22777777777777777 0.14
16 0.18055555555555555 0.37666666666666665 0.24444444444444444 0.08
16 0.18888888888888888 0.4533333333333333 0.2222222222222222 0.07333333333333333
16 0.2722222222222222 0.395 0.06666666666666667 0.07
30 0.25277777777777777 0.5883333333333334 0.09444444444444444 0.19666666666666666
20 0.08888888888888889 0.525 0.17777777777777778 0.11666666666666667
3 0.075 0.4116666666666667 0.15 0.11
11 0.08888888888888889 0.635 0.17777777777777778 0.08333333333333333