17 0.6805555555555556 0.7516666666666667 0.08333333333333333 0.09666666666666666
9 0.575 0.735 0.1388888888888889 0.08333333333333333
35 0.4638888888888889 0.7383333333333333 0.07222222222222222 0.09333333333333334
16 0.2611111111111111 0.7383333333333333 0.1111111111111111 0.12333333333333334
32 0.17222222222222222 0.7416666666666667 0.1 0.11666666666666667
27 0.22777777777777777 0.5766666666666667 0.06666666666666667 0.08666666666666667
13 0.3388888888888889 0.5933333333333334 0.07777777777777778 0.08
5 0.2611111111111111 0.5833333333333334 0.07777777777777778 0.12
23 0.5361111111111111 0.5966666666666667 0.08333333333333333 0.10666666666666667
9 0.625 0.6066666666666667 0.12222222222222222 0.10666666666666667
26 0.6277777777777778 0.475 0.14444444444444443 0.11666666666666667
16 0.5055555555555555 0.475 0.08888888888888889 0.08333333333333333
20 0.3527777777777778 0.2966666666666667 0.15 0.16
11 0.225 0.285 0.1111111111111111 0.16666666666666666
3 0.5111111111111111 0.3333333333333333 0.15555555555555556 0.14
12 0.5777777777777777 0.22666666666666666 0.15555555555555556 0.05333333333333334
23 0.48055555555555557 0.5916666666666667 0.10555555555555556 0.10333333333333333
23 0.49444444444444446 0.63 0.05555555555555555 0.07333333333333333
16 0.4305555555555556 0.4633333333333333 0.09444444444444444 0.1
27 0.18611111111111112 0.58 0.03888888888888889 0.12666666666666668
27 0.1527777777777778 0.5933333333333334 0.05555555555555555 0.10666666666666667
29 0.825 0.45666666666666667 0.14444444444444443 0.24
29 0.9361111111111111 0.385 0.12777777777777777 0.3566666666666667