33 0.03333333333333333 0.6233333333333333 0.06666666666666667 0.05333333333333334
33 0.07222222222222222 0.6033333333333334 0.14444444444444443 0.07333333333333333
33 0.21944444444444444 0.52 0.16666666666666666 0.06
33 0.2361111111111111 0.62 0.17777777777777778 0.06
33 0.3472222222222222 0.595 0.12777777777777777 0.06333333333333334
33 0.23055555555555557 0.5666666666666667 0.14444444444444443 0.04
12 0.07222222222222222 0.5366666666666666 0.14444444444444443 0.1
36 0.08888888888888889 0.43 0.17777777777777778 0.04
36 0.21666666666666667 0.4666666666666667 0.28888888888888886 0.02666666666666667
36 0.25833333333333336 0.4483333333333333 0.24444444444444444 0.04666666666666667
36 0.2972222222222222 0.38333333333333336 0.11666666666666667 0.02
13 0.05555555555555555 0.28 0.1111111111111111 0.08
13 0.16111111111111112 0.31 0.15555555555555556 0.05333333333333334
12 0.8527777777777777 0.365 0.29444444444444445 0.13