17 0.8166666666666667 0.77 0.1 0.06
35 0.5861111111111111 0.7716666666666666 0.10555555555555556 0.056666666666666664
32 0.24444444444444444 0.7683333333333333 0.1111111111111111 0.06333333333333334
5 0.33055555555555555 0.75 0.1388888888888889 0.1
13 0.41388888888888886 0.7616666666666667 0.08333333333333333 0.07666666666666666
9 0.7194444444444444 0.7483333333333333 0.18333333333333332 0.10333333333333333
26 0.7333333333333333 0.6183333333333333 0.17777777777777778 0.11666666666666667
11 0.26666666666666666 0.43166666666666664 0.1111111111111111 0.17666666666666667
3 0.5194444444444445 0.4666666666666667 0.10555555555555556 0.13333333333333333
20 0.37222222222222223 0.25166666666666665 0.16666666666666666 0.10333333333333333
9 0.6972222222222222 0.775 0.15 0.05