10 0.3972222222222222 0.6883333333333334 0.4888888888888889 0.21
35 0.6805555555555556 0.6666666666666666 0.11666666666666667 0.10666666666666667
9 0.8166666666666667 0.6533333333333333 0.18888888888888888 0.09333333333333334
17 0.9361111111111111 0.6933333333333334 0.1111111111111111 0.17333333333333334
27 0.2361111111111111 0.5166666666666667 0.08333333333333333 0.12
27 0.275 0.5 0.05555555555555555 0.14
27 0.33055555555555555 0.49666666666666665 0.05 0.12666666666666668
13 0.48055555555555557 0.5033333333333333 0.07222222222222222 0.08666666666666667
23 0.6611111111111111 0.4816666666666667 0.14444444444444443 0.12333333333333334
23 0.6611111111111111 0.5483333333333333 0.06111111111111111 0.08
23 0.7333333333333333 0.48333333333333334 0.1111111111111111 0.14
9 0.825 0.475 0.22777777777777777 0.12333333333333334
26 0.85 0.315 0.22777777777777777 0.14
16 0.7055555555555556 0.30833333333333335 0.13333333333333333 0.14666666666666667
16 0.5777777777777777 0.31333333333333335 0.12222222222222222 0.13333333333333333
16 0.675 0.36333333333333334 0.11666666666666667 0.04
30 0.3527777777777778 0.3516666666666667 0.3277777777777778 0.056666666666666664
20 0.4583333333333333 0.25333333333333335 0.19444444444444445 0.10666666666666667
3 0.6472222222222223 0.245 0.18333333333333332 0.09
11 0.275 0.25333333333333335 0.1388888888888889 0.10666666666666667