33 0.9277777777777778 0.39666666666666667 0.14444444444444443 0.07333333333333333
33 0.7805555555555556 0.48 0.16666666666666666 0.06666666666666667
33 0.7638888888888888 0.38 0.18333333333333332 0.06
33 0.6527777777777778 0.405 0.12777777777777777 0.06333333333333334
33 0.7694444444444445 0.43333333333333335 0.14444444444444443 0.04
12 0.9277777777777778 0.46166666666666667 0.14444444444444443 0.09666666666666666
36 0.9083333333333333 0.57 0.18333333333333332 0.04
36 0.7833333333333333 0.5333333333333333 0.28888888888888886 0.03
36 0.7416666666666667 0.5516666666666666 0.25 0.04666666666666667
36 0.7027777777777777 0.6166666666666667 0.11666666666666667 0.02
13 0.9444444444444444 0.7166666666666667 0.1111111111111111 0.08
13 0.8388888888888889 0.69 0.15555555555555556 0.05333333333333334
12 0.14722222222222223 0.635 0.29444444444444445 0.13
23 0.05 0.38166666666666665 0.1 0.10333333333333333
20 0.03333333333333333 0.6866666666666666 0.06666666666666667 0.09333333333333334