33 0.7055555555555556 0.8566666666666667 0.08888888888888889 0.08
33 0.6722222222222223 0.7666666666666667 0.11666666666666667 0.11
33 0.5333333333333333 0.6683333333333333 0.10555555555555556 0.1
33 0.7 0.6583333333333333 0.1 0.11
33 0.6583333333333333 0.5916666666666667 0.10555555555555556 0.07666666666666666
33 0.6111111111111112 0.6616666666666666 0.06666666666666667 0.08666666666666667
12 0.5611111111111111 0.8 0.16111111111111112 0.17333333333333334
36 0.38333333333333336 0.7816666666666666 0.06666666666666667 0.18
36 0.4444444444444444 0.67 0.05 0.17333333333333334
36 0.41388888888888886 0.645 0.07777777777777778 0.15
36 0.3055555555555556 0.6216666666666667 0.03333333333333333 0.07
13 0.1361111111111111 0.7966666666666666 0.13333333333333333 0.12666666666666668
13 0.18333333333333332 0.7033333333333334 0.08888888888888889 0.09333333333333334
12 0.275 0.27166666666666667 0.21666666666666667 0.21333333333333335
23 0.6972222222222222 0.06166666666666667 0.17222222222222222 0.12333333333333334
20 0.18888888888888888 0.041666666666666664 0.15555555555555556 0.08333333333333333