17 0.9527777777777777 0.49 0.09444444444444444 0.08666666666666667
15 0.7388888888888889 0.67 0.18888888888888888 0.12
18 0.6916666666666667 0.7683333333333333 0.16111111111111112 0.06333333333333334
30 0.6194444444444445 0.505 0.11666666666666667 0.14333333333333334
11 0.10833333333333334 0.5466666666666666 0.21666666666666667 0.1
35 0.30277777777777776 0.3416666666666667 0.1388888888888889 0.15666666666666668
31 0.2916666666666667 0.525 0.08888888888888889 0.18333333333333332
33 0.06666666666666667 0.30333333333333334 0.1111111111111111 0.06666666666666667
33 0.10277777777777777 0.395 0.12222222222222222 0.07
35 0.03888888888888889 0.7 0.07777777777777778 0.08
35 0.03333333333333333 0.7666666666666667 0.06666666666666667 0.06666666666666667