15 0.24166666666666667 0.23166666666666666 0.2833333333333333 0.06333333333333334
30 0.8583333333333333 0.49 0.25555555555555554 0.07333333333333333
11 0.6361111111111111 0.7033333333333334 0.17222222222222222 0.19333333333333333
33 0.1361111111111111 0.7433333333333333 0.12222222222222222 0.06666666666666667
33 0.2361111111111111 0.7266666666666667 0.1111111111111111 0.06666666666666667
33 0.35833333333333334 0.73 0.11666666666666667 0.05333333333333334
35 0.7833333333333333 0.5566666666666666 0.12222222222222222 0.07333333333333333
35 0.8916666666666667 0.5566666666666666 0.09444444444444444 0.07333333333333333
1 0.14444444444444443 0.5516666666666666 0.2 0.07333333333333333
1 0.2972222222222222 0.555 0.15555555555555556 0.06
29 0.875 0.71 0.25 0.16666666666666666
30 0.6444444444444445 0.5233333333333333 0.17777777777777778 0.04666666666666667