30 0.18055555555555555 0.3616666666666667 0.14444444444444443 0.16666666666666666
31 0.275 0.37166666666666665 0.07222222222222222 0.08333333333333333
31 0.40555555555555556 0.375 0.18888888888888888 0.15333333333333332
30 0.4638888888888889 0.24666666666666667 0.10555555555555556 0.09333333333333334
29 0.6638888888888889 0.6366666666666667 0.2111111111111111 0.22
33 0.175 0.6433333333333333 0.08333333333333333 0.12666666666666668
33 0.2611111111111111 0.6333333333333333 0.08333333333333333 0.1
33 0.24722222222222223 0.5733333333333334 0.06111111111111111 0.07333333333333333
8 0.4444444444444444 0.7533333333333333 0.044444444444444446 0.08666666666666667
8 0.46944444444444444 0.78 0.05 0.04
35 0.6194444444444445 0.775 0.07222222222222222 0.05