33 0.8361111111111111 0.4116666666666667 0.08333333333333333 0.13666666666666666
36 0.7555555555555555 0.7616666666666667 0.34444444444444444 0.07666666666666666
30 0.8444444444444444 0.705 0.15555555555555556 0.15333333333333332
33 0.7444444444444445 0.43166666666666664 0.08888888888888889 0.10666666666666667
29 0.32222222222222224 0.4216666666666667 0.2 0.22
34 0.5472222222222223 0.45 0.3055555555555556 0.18666666666666668
35 0.275 0.25833333333333336 0.09444444444444444 0.11666666666666667
8 0.5527777777777778 0.30333333333333334 0.06111111111111111 0.08666666666666667
8 0.5222222222222223 0.25 0.05555555555555555 0.1
30 0.5111111111111111 0.7716666666666666 0.13333333333333333 0.056666666666666664
31 0.5944444444444444 0.675 0.2222222222222222 0.12