33 0.6472222222222223 0.7016666666666667 0.22777777777777777 0.05
36 0.06388888888888888 0.6533333333333333 0.12777777777777777 0.20666666666666667
30 0.15833333333333333 0.7066666666666667 0.25555555555555554 0.09333333333333334
33 0.6138888888888889 0.6466666666666666 0.17777777777777778 0.05333333333333334
29 0.6305555555555555 0.3933333333333333 0.36666666666666664 0.12
34 0.5833333333333334 0.5283333333333333 0.3111111111111111 0.18333333333333332
35 0.9027777777777778 0.365 0.19444444444444445 0.056666666666666664
8 0.8277777777777777 0.5316666666666666 0.14444444444444443 0.03666666666666667
8 0.9166666666666666 0.5133333333333333 0.16666666666666666 0.03333333333333333
30 0.04722222222222222 0.5066666666666667 0.09444444444444444 0.08
31 0.20833333333333334 0.5566666666666666 0.2 0.13333333333333333