20 0.30833333333333335 0.7866666666666666 0.11666666666666667 0.02666666666666667
12 0.4083333333333333 0.775 0.08888888888888889 0.05
11 0.4361111111111111 0.6683333333333333 0.09444444444444444 0.09666666666666666
11 0.37777777777777777 0.6816666666666666 0.08888888888888889 0.10333333333333333
11 0.275 0.675 0.08888888888888889 0.05333333333333334
11 0.2722222222222222 0.74 0.07777777777777778 0.06666666666666667
35 0.17222222222222222 0.305 0.07777777777777778 0.06333333333333334
35 0.25 0.3016666666666667 0.07777777777777778 0.06333333333333334
35 0.3194444444444444 0.2966666666666667 0.08333333333333333 0.06
35 0.375 0.2916666666666667 0.06111111111111111 0.056666666666666664
15 0.8416666666666667 0.26666666666666666 0.2222222222222222 0.09333333333333334
35 0.3055555555555556 0.22333333333333333 0.1 0.04666666666666667