3 0.6277777777777778 0.3516666666666667 0.5666666666666667 0.14333333333333334
25 0.5055555555555555 0.4583333333333333 0.3333333333333333 0.09
12 0.15833333333333333 0.565 0.31666666666666665 0.17666666666666667
16 0.9 0.5466666666666666 0.2 0.06
13 0.9 0.61 0.2 0.06666666666666667
25 0.09722222222222222 0.3233333333333333 0.19444444444444445 0.11333333333333333
23 0.09444444444444444 0.42 0.18888888888888888 0.07333333333333333
16 0.1 0.47 0.2 0.06
33 0.5638888888888889 0.52 0.10555555555555556 0.02666666666666667
33 0.5222222222222223 0.5333333333333333 0.1111111111111111 0.02666666666666667
33 0.4083333333333333 0.5116666666666667 0.12222222222222222 0.02666666666666667
33 0.43333333333333335 0.5333333333333333 0.12222222222222222 0.02