16 0.48055555555555557 0.165 0.08333333333333333 0.15333333333333332
16 0.5666666666666667 0.16166666666666665 0.07777777777777778 0.15666666666666668
16 0.6527777777777778 0.15833333333333333 0.08888888888888889 0.16
16 0.7527777777777778 0.15333333333333332 0.11666666666666667 0.17333333333333334
16 0.8583333333333333 0.14833333333333334 0.11666666666666667 0.16
25 0.5138888888888888 0.43833333333333335 0.12222222222222222 0.18666666666666668
25 0.6277777777777778 0.44166666666666665 0.13333333333333333 0.20666666666666667
25 0.7416666666666667 0.43666666666666665 0.12222222222222222 0.23333333333333334
25 0.8722222222222222 0.45166666666666666 0.14444444444444443 0.23333333333333334
12 0.175 0.595 0.2611111111111111 0.31
16 0.125 0.305 0.09444444444444444 0.15
16 0.05 0.31166666666666665 0.1 0.15333333333333332
13 0.04722222222222222 0.6616666666666666 0.07777777777777778 0.11