16 0.06388888888888888 0.5116666666666667 0.12777777777777777 0.05
16 0.06388888888888888 0.46 0.12777777777777777 0.04666666666666667
16 0.06666666666666667 0.4066666666666667 0.13333333333333333 0.05333333333333334
16 0.07222222222222222 0.34833333333333333 0.14444444444444443 0.07
16 0.06666666666666667 0.285 0.13333333333333333 0.07
25 0.3972222222222222 0.49166666666666664 0.3111111111111111 0.07333333333333333
25 0.4027777777777778 0.42333333333333334 0.34444444444444444 0.08
25 0.39444444444444443 0.355 0.3888888888888889 0.07333333333333333
25 0.41944444444444445 0.27666666666666667 0.3888888888888889 0.08666666666666667
12 0.6583333333333333 0.695 0.5166666666666667 0.15666666666666668
16 0.175 0.725 0.25 0.056666666666666664
16 0.18611111111111112 0.77 0.25555555555555554 0.06
13 0.7694444444444445 0.7716666666666666 0.18333333333333332 0.04666666666666667