16 0.9666666666666667 0.48833333333333334 0.06666666666666667 0.05
16 0.9666666666666667 0.54 0.06666666666666667 0.04666666666666667
16 0.9694444444444444 0.5916666666666667 0.06111111111111111 0.056666666666666664
16 0.9666666666666667 0.6516666666666666 0.06666666666666667 0.07
25 0.6027777777777777 0.5083333333333333 0.3055555555555556 0.07
25 0.5972222222222222 0.5766666666666667 0.34444444444444444 0.08
25 0.6055555555555555 0.645 0.3888888888888889 0.07
25 0.5805555555555556 0.7233333333333334 0.3888888888888889 0.08666666666666667
12 0.3416666666666667 0.305 0.5166666666666667 0.15666666666666668
16 0.825 0.275 0.25 0.05333333333333334
16 0.8138888888888889 0.23 0.25555555555555554 0.06
13 0.23055555555555557 0.22833333333333333 0.18333333333333332 0.04666666666666667