16 0.7638888888888888 0.32 0.11666666666666667 0.09333333333333334
22 0.4166666666666667 0.335 0.2222222222222222 0.05
22 0.575 0.34 0.10555555555555556 0.05333333333333334
22 0.6666666666666666 0.3383333333333333 0.08888888888888889 0.05
35 0.1638888888888889 0.2916666666666667 0.15 0.13666666666666666
16 0.5083333333333333 0.5933333333333334 0.08888888888888889 0.08
16 0.40555555555555556 0.5916666666666667 0.1 0.08333333333333333
16 0.5611111111111111 0.5816666666666667 0.07777777777777778 0.07
33 0.6222222222222222 0.7766666666666666 0.1111111111111111 0.04666666666666667
33 0.7333333333333333 0.7783333333333333 0.1 0.043333333333333335
33 0.8361111111111111 0.78 0.10555555555555556 0.04