16 0.603125 0.26197916666666665 0.08229166666666667 0.15833333333333333
3 0.49895833333333334 0.5067708333333333 0.040625 0.041666666666666664
20 0.5229166666666667 0.5182291666666666 0.03125 0.03958333333333333
16 0.5354166666666667 0.25625 0.07083333333333333 0.15833333333333333
5 0.7505208333333333 0.1453125 0.10520833333333333 0.096875
3 0.5 0.5401041666666667 0.04479166666666667 0.04583333333333333
20 0.5729166666666666 0.521875 0.035416666666666666 0.04479166666666667
20 0.6026041666666667 0.5453125 0.026041666666666668 0.03333333333333333
0 0.5442708333333334 0.5421875 0.034375 0.035416666666666666
10 0.403125 0.1875 0.071875 0.04479166666666667
17 0.2552083333333333 0.5229166666666667 0.030208333333333334 0.10416666666666667
17 0.8213541666666667 0.3536458333333333 0.0625 0.14583333333333334