3 0.8390625 0.2078125 0.0546875 0.03802083333333333
9 0.74375 0.6020833333333333 0.134375 0.058854166666666666
20 0.375 0.640625 0.10416666666666667 0.07708333333333334
20 0.32760416666666664 0.6083333333333333 0.05625 0.046875
1 0.284375 0.7979166666666667 0.07239583333333334 0.05625
20 0.26927083333333335 0.753125 0.03854166666666667 0.041666666666666664
20 0.2869791666666667 0.29322916666666665 0.07708333333333334 0.06614583333333333
20 0.3328125 0.16666666666666666 0.16770833333333332 0.08229166666666667
20 0.7182291666666667 0.22447916666666667 0.0609375 0.059895833333333336
20 0.7541666666666667 0.19375 0.05677083333333333 0.04010416666666667
20 0.7838541666666666 0.21197916666666666 0.05677083333333333 0.06927083333333334