19 0.06875 0.22447916666666667 0.1125 0.07708333333333334
1 0.30364583333333334 0.221875 0.07916666666666666 0.0375
1 0.2828125 0.18385416666666668 0.08125 0.042708333333333334
10 0.434375 0.475 0.18229166666666666 0.09583333333333334
3 0.32083333333333336 0.46770833333333334 0.0625 0.051041666666666666
5 0.7510416666666667 0.6453125 0.25 0.121875
11 0.7244791666666667 0.5151041666666667 0.10208333333333333 0.128125
15 0.6697916666666667 0.5583333333333333 0.13333333333333333 0.13020833333333334
17 0.6973958333333333 0.7213541666666666 0.08333333333333333 0.09479166666666666
6 0.42135416666666664 0.5864583333333333 0.12708333333333333 0.06458333333333334
20 0.35572916666666665 0.171875 0.090625 0.052083333333333336