10 0.45416666666666666 0.47604166666666664 0.05520833333333333 0.03854166666666667
19 0.3411458333333333 0.4786458333333333 0.0625 0.03229166666666667
3 0.6385416666666667 0.6911458333333333 0.051041666666666666 0.0625
0 0.546875 0.734375 0.0375 0.046875
20 0.58125 0.7369791666666666 0.035416666666666666 0.035416666666666666
0 0.44895833333333335 0.7338541666666667 0.03229166666666667 0.04583333333333333
7 0.3984375 0.8072916666666666 0.08958333333333333 0.03958333333333333
21 0.1875 0.7953125 0.09375 0.09791666666666667
11 0.11875 0.9057291666666667 0.05416666666666667 0.17083333333333334
5 0.4322916666666667 0.8552083333333333 0.06458333333333334 0.041666666666666664
5 0.42552083333333335 0.8348958333333333 0.06145833333333333 0.04375