17 0.27239583333333334 0.3375 0.059375 0.11041666666666666
5 0.27395833333333336 0.23385416666666667 0.07604166666666666 0.04791666666666667
5 0.1609375 0.21927083333333333 0.0875 0.034375
11 0.1453125 0.7901041666666667 0.075 0.10104166666666667
6 0.38697916666666665 0.734375 0.06979166666666667 0.041666666666666664
7 0.43020833333333336 0.5791666666666667 0.07291666666666667 0.04479166666666667
10 0.5598958333333334 0.5348958333333333 0.058333333333333334 0.03125
10 0.5609375 0.4942708333333333 0.059375 0.051041666666666666
21 0.3796875 0.41041666666666665 0.053125 0.051041666666666666
16 0.5708333333333333 0.2890625 0.0625 0.109375
21 0.4119791666666667 0.409375 0.042708333333333334 0.04895833333333333