4 0.05677083333333333 0.19322916666666667 0.096875 0.13645833333333332
16 0.4119791666666667 0.35052083333333334 0.1875 0.20625
10 0.5473958333333333 0.33645833333333336 0.15104166666666666 0.06666666666666667
10 0.5864583333333333 0.4 0.190625 0.07604166666666666
16 0.5302083333333333 0.5328125 0.11458333333333333 0.13541666666666666
4 0.16197916666666667 0.4625 0.13541666666666666 0.14270833333333333
20 0.40677083333333336 0.7765625 0.090625 0.07395833333333333
3 0.25885416666666666 0.7994791666666666 0.084375 0.06041666666666667
6 0.5963541666666666 0.7479166666666667 0.18333333333333332 0.10208333333333333
11 0.7557291666666667 0.6765625 0.14791666666666667 0.175
16 0.89375 0.9052083333333333 0.18958333333333333 0.18958333333333333
3 0.33645833333333336 0.8197916666666667 0.09270833333333334 0.071875
15 0.4041666666666667 0.1453125 0.15208333333333332 0.16875