4 0.04635416666666667 0.20885416666666667 0.0921875 0.1328125
16 0.40677083333333336 0.3536458333333333 0.18072916666666666 0.20052083333333334
10 0.5416666666666666 0.33489583333333334 0.14947916666666666 0.06197916666666667
10 0.5828125 0.396875 0.18854166666666666 0.06979166666666667
16 0.53125 0.5317708333333333 0.11041666666666666 0.13177083333333334
4 0.1609375 0.4744791666666667 0.13072916666666667 0.13854166666666667
20 0.4166666666666667 0.7796875 0.08854166666666667 0.07083333333333333
3 0.26927083333333335 0.8078125 0.0828125 0.0578125
6 0.6046875 0.7442708333333333 0.1796875 0.09635416666666667
11 0.7619791666666667 0.6677083333333333 0.1421875 0.16979166666666667
16 0.9083333333333333 0.9 0.1828125 0.2
3 0.34791666666666665 0.8255208333333334 0.09010416666666667 0.06927083333333334
15 0.39166666666666666 0.14895833333333333 0.146875 0.1640625