10 0.3229166666666667 0.11979166666666667 0.08333333333333333 0.065625
10 0.39375 0.1265625 0.06458333333333334 0.05416666666666667
10 0.3229166666666667 0.17239583333333333 0.08229166666666667 0.05416666666666667
10 0.39375 0.17864583333333334 0.065625 0.052083333333333336
19 0.6026041666666667 0.18333333333333332 0.06979166666666667 0.071875
16 0.378125 0.40520833333333334 0.06458333333333334 0.16666666666666666
3 0.5192708333333333 0.58125 0.04895833333333333 0.06145833333333333
3 0.42135416666666664 0.56875 0.05 0.052083333333333336
12 0.4510416666666667 0.6015625 0.028125 0.027083333333333334
3 0.3697916666666667 0.5703125 0.053125 0.053125
4 0.3145833333333333 0.28125 0.06875 0.06041666666666667
17 0.9041666666666667 0.6677083333333333 0.0875 0.16875
11 0.9604166666666667 0.7578125 0.05625 0.153125
5 0.9333333333333333 0.190625 0.13333333333333333 0.07916666666666666
19 0.6760416666666667 0.3020833333333333 0.07916666666666666 0.06979166666666667
6 0.5005208333333333 0.49322916666666666 0.05416666666666667 0.041666666666666664