16 0.553125 0.7536458333333333 0.12760416666666666 0.16302083333333334
16 0.6083333333333333 0.8223958333333333 0.12447916666666667 0.1875
16 0.33489583333333334 0.6119791666666666 0.11354166666666667 0.084375
16 0.4270833333333333 0.6046875 0.121875 0.08333333333333333
19 0.20260416666666667 0.4401041666666667 0.16927083333333334 0.0453125
0 0.15520833333333334 0.39895833333333336 0.06510416666666667 0.040625
0 0.22291666666666668 0.39739583333333334 0.06302083333333333 0.042708333333333334
19 0.32395833333333335 0.4239583333333333 0.09739583333333333 0.071875
1 0.396875 0.43645833333333334 0.04791666666666667 0.04479166666666667
11 0.878125 0.31614583333333335 0.1734375 0.2328125
17 0.25104166666666666 0.07708333333333334 0.07552083333333333 0.07291666666666667
21 0.13489583333333333 0.2109375 0.0921875 0.08072916666666667
15 0.6494791666666667 0.284375 0.12604166666666666 0.2203125
8 0.20833333333333334 0.7223958333333333 0.1390625 0.0828125