3 0.5619791666666667 0.5583333333333333 0.04583333333333333 0.03333333333333333
3 0.6072916666666667 0.5572916666666666 0.041666666666666664 0.030208333333333334
3 0.6583333333333333 0.5546875 0.052083333333333336 0.034375
20 0.5927083333333333 0.33489583333333334 0.053125 0.028125
10 0.6765625 0.325 0.13125 0.04791666666666667
15 0.4421875 0.4671875 0.06875 0.075
7 0.3359375 0.5729166666666666 0.030208333333333334 0.036458333333333336
11 0.7817708333333333 0.6197916666666666 0.059375 0.11041666666666666
17 0.9401041666666666 0.4864583333333333 0.109375 0.15
13 0.4390625 0.7875 0.07395833333333333 0.08541666666666667
12 0.6744791666666666 0.6869791666666667 0.04479166666666667 0.028125
20 0.5 0.7145833333333333 0.04375 0.026041666666666668
5 0.07135416666666666 0.3067708333333333 0.10104166666666667 0.09791666666666667
21 0.4630208333333333 0.384375 0.058333333333333334 0.071875
0 0.49635416666666665 0.4901041666666667 0.040625 0.027083333333333334
0 0.5338541666666666 0.48802083333333335 0.0375 0.023958333333333335
0 0.5145833333333333 0.45625 0.034375 0.022916666666666665
0 0.49583333333333335 0.47291666666666665 0.028125 0.011458333333333333
0 0.48802083333333335 0.4661458333333333 0.021875 0.013541666666666667
0 0.5380208333333333 0.47552083333333334 0.028125 0.015625