16 0.08333333333333333 0.8916666666666667 0.16614583333333333 0.21614583333333334
16 0.15833333333333333 0.8541666666666666 0.15989583333333332 0.2859375
17 0.9494791666666667 0.45208333333333334 0.051041666666666666 0.18020833333333333
15 0.8182291666666667 0.5239583333333333 0.0890625 0.2015625
16 0.3458333333333333 0.39895833333333336 0.08072916666666667 0.08489583333333334
19 0.4265625 0.3697916666666667 0.09791666666666667 0.06458333333333334
19 0.4322916666666667 0.42552083333333335 0.0875 0.050520833333333334
10 0.31979166666666664 0.5666666666666667 0.11302083333333333 0.0671875
0 0.3104166666666667 0.8854166666666666 0.0328125 0.043229166666666666
0 0.3463541666666667 0.88125 0.033854166666666664 0.04479166666666667
0 0.384375 0.884375 0.036458333333333336 0.046875
0 0.6125 0.8401041666666667 0.033854166666666664 0.046875
0 0.6479166666666667 0.8583333333333333 0.0359375 0.04635416666666667
0 0.6744791666666666 0.8697916666666666 0.028125 0.043229166666666666
0 0.6546875 0.8145833333333333 0.0328125 0.0421875
21 0.45625 0.27291666666666664 0.04635416666666667 0.09635416666666667
21 0.40208333333333335 0.2682291666666667 0.0703125 0.10625
21 0.340625 0.29010416666666666 0.06927083333333334 0.06041666666666667
9 0.546875 0.8692708333333333 0.12239583333333333 0.028125
6 0.4421875 0.7192708333333333 0.06354166666666666 0.08802083333333334