16 0.8885416666666667 0.903125 0.18125 0.19375
16 0.815625 0.8640625 0.17916666666666667 0.271875
17 0.05520833333333333 0.42083333333333334 0.06354166666666666 0.18333333333333332
15 0.18072916666666666 0.5015625 0.103125 0.20729166666666668
16 0.6609375 0.40989583333333335 0.08645833333333333 0.090625
19 0.5822916666666667 0.375 0.10208333333333333 0.07083333333333333
19 0.5729166666666666 0.43020833333333336 0.090625 0.05625
10 0.675 0.5791666666666667 0.11770833333333333 0.075
0 0.6619791666666667 0.8979166666666667 0.035416666666666666 0.04583333333333333
0 0.6265625 0.8911458333333333 0.036458333333333336 0.046875
0 0.5885416666666666 0.8916666666666667 0.03958333333333333 0.04895833333333333
0 0.3640625 0.83125 0.0375 0.04895833333333333
0 0.32760416666666664 0.8473958333333333 0.03958333333333333 0.04895833333333333
0 0.3 0.8567708333333334 0.03125 0.04479166666666667
0 0.32395833333333335 0.803125 0.035416666666666666 0.04479166666666667
21 0.559375 0.2765625 0.053125 0.09895833333333333
21 0.6140625 0.2755208333333333 0.07708333333333334 0.11041666666666666
21 0.6734375 0.3015625 0.07291666666666667 0.06458333333333334
9 0.4276041666666667 0.8651041666666667 0.12395833333333334 0.036458333333333336
6 0.5421875 0.7229166666666667 0.06979166666666667 0.09270833333333334