11 0.2786458333333333 0.42864583333333334 0.07135416666666666 0.11197916666666667
16 0.1375 0.7046875 0.12239583333333333 0.12604166666666666
10 0.6161458333333333 0.3255208333333333 0.115625 0.06822916666666666
18 0.5791666666666667 0.4119791666666667 0.024479166666666666 0.022395833333333334
18 0.5546875 0.4005208333333333 0.021354166666666667 0.019270833333333334
0 0.6364583333333333 0.4375 0.033854166666666664 0.028125
6 0.7083333333333334 0.4578125 0.06458333333333334 0.06614583333333333
3 0.7479166666666667 0.21666666666666667 0.049479166666666664 0.04635416666666667
3 0.6994791666666667 0.21927083333333333 0.04114583333333333 0.027083333333333334
3 0.7020833333333333 0.19270833333333334 0.041666666666666664 0.027604166666666666
8 0.7666666666666667 0.2755208333333333 0.11354166666666667 0.08489583333333334
8 0.5791666666666667 0.25 0.07916666666666666 0.04895833333333333
0 0.6067708333333334 0.42083333333333334 0.028645833333333332 0.027604166666666666