10 0.38333333333333336 0.10572916666666667 0.196875 0.04375
9 0.35989583333333336 0.8796875 0.04583333333333333 0.08854166666666667
18 0.4171875 0.8625 0.04895833333333333 0.023958333333333335
18 0.41875 0.8953125 0.0625 0.053125
18 0.521875 0.871875 0.03958333333333333 0.036458333333333336
18 0.4666666666666667 0.8744791666666667 0.04895833333333333 0.041666666666666664
18 0.4921875 0.8994791666666667 0.046875 0.036458333333333336
18 0.4578125 0.9182291666666667 0.051041666666666666 0.023958333333333335
18 0.5078125 0.9265625 0.05416666666666667 0.021875
18 0.5401041666666667 0.9020833333333333 0.040625 0.036458333333333336
18 0.5583333333333333 0.86875 0.03229166666666667 0.03125
17 0.059895833333333336 0.8682291666666667 0.103125 0.24270833333333333
3 0.6098958333333333 0.8791666666666667 0.08854166666666667 0.058333333333333334