10 0.6026041666666667 0.10208333333333333 0.1953125 0.03697916666666667
9 0.653125 0.8744791666666667 0.043229166666666666 0.08697916666666666
18 0.5953125 0.859375 0.0484375 0.022395833333333334
18 0.5947916666666667 0.8921875 0.06041666666666667 0.051041666666666666
18 0.49114583333333334 0.8723958333333334 0.03854166666666667 0.034895833333333334
18 0.5463541666666667 0.8729166666666667 0.04739583333333333 0.03958333333333333
18 0.521875 0.8989583333333333 0.0453125 0.035416666666666666
18 0.5567708333333333 0.9166666666666666 0.050520833333333334 0.022395833333333334
18 0.5072916666666667 0.9265625 0.053125 0.019791666666666666
18 0.4739583333333333 0.903125 0.03958333333333333 0.035416666666666666
18 0.4546875 0.8703125 0.03177083333333333 0.0296875
17 0.9526041666666667 0.8526041666666667 0.09479166666666666 0.2390625
3 0.4036458333333333 0.8828125 0.08697916666666666 0.05520833333333333