16 0.23125 0.32395833333333335 0.12708333333333333 0.22083333333333333
18 0.7338541666666667 0.2734375 0.058333333333333334 0.04114583333333333
18 0.7895833333333333 0.284375 0.05364583333333333 0.04114583333333333
18 0.68125 0.28541666666666665 0.04114583333333333 0.034895833333333334
18 0.7130208333333333 0.30885416666666665 0.04739583333333333 0.0390625
18 0.7598958333333333 0.3182291666666667 0.04010416666666667 0.0390625
18 0.64375 0.29635416666666664 0.052083333333333336 0.028645833333333332
0 0.24791666666666667 0.7411458333333333 0.07708333333333334 0.06197916666666667
0 0.32708333333333334 0.74375 0.071875 0.06354166666666666
0 0.3880208333333333 0.6994791666666667 0.07604166666666666 0.050520833333333334
0 0.4109375 0.7479166666666667 0.07708333333333334 0.06458333333333334
20 0.7666666666666667 0.7427083333333333 0.10572916666666667 0.058854166666666666
1 0.6671875 0.7479166666666667 0.10520833333333333 0.053125
21 0.5682291666666667 0.35260416666666666 0.09270833333333334 0.044270833333333336