10 0.10208333333333333 0.49895833333333334 0.11666666666666667 0.06145833333333333
15 0.6296875 0.3921875 0.08645833333333333 0.08645833333333333
18 0.5640625 0.4244791666666667 0.0625 0.034375
11 0.7197916666666667 0.6427083333333333 0.10208333333333333 0.15520833333333334
1 0.16666666666666666 0.44166666666666665 0.06666666666666667 0.036458333333333336
1 0.2015625 0.4322916666666667 0.05 0.01875
9 0.43854166666666666 0.3885416666666667 0.03333333333333333 0.020833333333333332
5 0.39479166666666665 0.5255208333333333 0.075 0.03854166666666667
20 0.17916666666666667 0.5151041666666667 0.036458333333333336 0.019791666666666666
20 0.21822916666666667 0.5203125 0.042708333333333334 0.019791666666666666
20 0.2265625 0.509375 0.03333333333333333 0.015625
20 0.18802083333333333 0.50625 0.03333333333333333 0.014583333333333334
6 0.15677083333333333 0.5734375 0.15208333333333332 0.051041666666666666