15 0.3536458333333333 0.40989583333333335 0.084375 0.11770833333333333
21 0.41458333333333336 0.6255208333333333 0.11979166666666667 0.10729166666666666
16 0.25364583333333335 0.6104166666666667 0.1 0.20416666666666666
16 0.08489583333333334 0.6333333333333333 0.115625 0.21875
16 0.19947916666666668 0.9015625 0.10104166666666667 0.196875
16 0.3541666666666667 0.85625 0.09895833333333333 0.196875
16 0.2786458333333333 0.8776041666666666 0.10416666666666667 0.19895833333333332
0 0.7614583333333333 0.6973958333333333 0.06354166666666666 0.04479166666666667
21 0.6223958333333334 0.4588541666666667 0.10729166666666666 0.08958333333333333
20 0.9270833333333334 0.6046875 0.05520833333333333 0.040625
21 0.8005208333333333 0.5786458333333333 0.08958333333333333 0.09166666666666666
20 0.8395833333333333 0.5296875 0.05520833333333333 0.029166666666666667
20 0.8854166666666666 0.5484375 0.046875 0.03854166666666667
20 0.8479166666666667 0.559375 0.0375 0.029166666666666667
7 0.8317708333333333 0.45989583333333334 0.16145833333333334 0.023958333333333335
5 0.38958333333333334 0.5463541666666667 0.11354166666666667 0.041666666666666664
5 0.2677083333333333 0.303125 0.12083333333333333 0.07708333333333334
14 0.640625 0.2916666666666667 0.041666666666666664 0.021875
8 0.6302083333333334 0.5927083333333333 0.15104166666666666 0.06041666666666667
20 0.73125 0.45625 0.128125 0.05416666666666667