16 0.309375 0.10989583333333333 0.13177083333333334 0.21927083333333333
16 0.06197916666666667 0.1109375 0.12395833333333334 0.22135416666666666
10 0.29583333333333334 0.39947916666666666 0.1078125 0.044270833333333336
19 0.2109375 0.43072916666666666 0.09635416666666667 0.0375
4 0.19583333333333333 0.39739583333333334 0.08854166666666667 0.034375
11 0.7463541666666667 0.303125 0.146875 0.23645833333333333
15 0.9552083333333333 0.3390625 0.08958333333333333 0.19895833333333332
18 0.16302083333333334 0.8953125 0.041666666666666664 0.0375
6 0.35 0.7203125 0.09947916666666666 0.0484375
18 0.25364583333333335 0.875 0.0375 0.026041666666666668
18 0.3807291666666667 0.8333333333333334 0.03229166666666667 0.028125
20 0.07864583333333333 0.478125 0.15 0.0765625