3 0.23541666666666666 0.21041666666666667 0.1796875 0.12239583333333333
20 0.4088541666666667 0.21822916666666667 0.1078125 0.03229166666666667
20 0.5 0.20260416666666667 0.12239583333333333 0.06145833333333333
0 0.6697916666666667 0.20677083333333332 0.1578125 0.08854166666666667
21 0.8739583333333333 0.190625 0.20052083333333334 0.13802083333333334
0 0.15885416666666666 0.4161458333333333 0.12135416666666667 0.0625
8 0.81875 0.4088541666666667 0.2578125 0.07708333333333334
17 0.2125 0.3880208333333333 0.128125 0.0921875
18 0.30052083333333335 0.43020833333333336 0.12916666666666668 0.06875
15 0.4666666666666667 0.35833333333333334 0.13802083333333334 0.1375
17 0.5828125 0.3932291666666667 0.1046875 0.096875
18 0.3375 0.575 0.09895833333333333 0.046875
18 0.7895833333333333 0.6005208333333333 0.06041666666666667 0.0390625
18 0.8890625 0.6385416666666667 0.0828125 0.06458333333333334
18 0.21354166666666666 0.7723958333333333 0.09166666666666666 0.058854166666666666
2 0.4125 0.6166666666666667 0.15677083333333333 0.07395833333333333
5 0.6890625 0.6322916666666667 0.19166666666666668 0.0703125
9 0.8510416666666667 0.634375 0.16770833333333332 0.13229166666666667
13 0.6276041666666666 0.5614583333333333 0.2875 0.11614583333333334
7 0.7239583333333334 0.4630208333333333 0.45729166666666665 0.06458333333333334
6 0.6359375 0.8432291666666667 0.4666666666666667 0.11354166666666667
0 0.33125 0.7786458333333334 0.13229166666666667 0.08645833333333333
14 0.4895833333333333 0.7651041666666667 0.07916666666666666 0.049479166666666664
14 0.5760416666666667 0.7463541666666667 0.078125 0.041666666666666664
5 0.7098958333333333 0.390625 0.06770833333333333 0.09895833333333333