14 0.6807291666666667 0.8942708333333333 0.07395833333333333 0.05
10 0.6057291666666667 0.546875 0.13229166666666667 0.09010416666666667
18 0.47604166666666664 0.7 0.08645833333333333 0.049479166666666664
18 0.4192708333333333 0.6838541666666667 0.06770833333333333 0.046875
4 0.3958333333333333 0.5515625 0.1515625 0.078125
16 0.30625 0.5385416666666667 0.16145833333333334 0.0765625
20 0.4979166666666667 0.565625 0.08177083333333333 0.046875
6 0.26927083333333335 0.3953125 0.19322916666666667 0.0609375
0 0.325 0.4765625 0.10833333333333334 0.0578125
0 0.4296875 0.48802083333333335 0.11197916666666667 0.0546875
14 0.65625 0.40572916666666664 0.08489583333333334 0.046875
1 0.46458333333333335 0.39739583333333334 0.08645833333333333 0.0546875
13 0.7354166666666667 0.35885416666666664 0.2484375 0.13229166666666667
17 0.409375 0.38229166666666664 0.09947916666666666 0.078125
2 0.6276041666666666 0.25 0.225 0.04583333333333333
0 0.44375 0.24427083333333333 0.14635416666666667 0.06770833333333333
0 0.7838541666666666 0.22864583333333333 0.14635416666666667 0.0796875