11 0.06927083333333334 0.4822916666666667 0.13854166666666667 0.13541666666666666
5 0.16770833333333332 0.49635416666666665 0.07291666666666667 0.075
21 0.14375 0.2942708333333333 0.12291666666666666 0.09739583333333333
16 0.24947916666666667 0.7765625 0.15208333333333332 0.15052083333333333
16 0.3734375 0.7052083333333333 0.10572916666666667 0.15
7 0.49635416666666665 0.5666666666666667 0.11979166666666667 0.041666666666666664
13 0.6557291666666667 0.5348958333333333 0.17135416666666667 0.07395833333333333
15 0.621875 0.35520833333333335 0.08229166666666667 0.0765625
8 0.7067708333333333 0.35625 0.10572916666666667 0.0609375
0 0.39375 0.3880208333333333 0.06822916666666666 0.04114583333333333
1 0.44479166666666664 0.3890625 0.0515625 0.034375
3 0.4671875 0.29635416666666664 0.09166666666666666 0.0484375
14 0.5333333333333333 0.30416666666666664 0.041666666666666664 0.022395833333333334
6 0.6546875 0.29010416666666666 0.07395833333333333 0.0375
18 0.4041666666666667 0.49583333333333335 0.03958333333333333 0.026041666666666668
18 0.4473958333333333 0.4875 0.049479166666666664 0.03125
17 0.49635416666666665 0.4739583333333333 0.06041666666666667 0.04479166666666667
9 0.5354166666666667 0.48489583333333336 0.0390625 0.027604166666666666
9 0.5880208333333333 0.4703125 0.04114583333333333 0.0125
9 0.653125 0.48072916666666665 0.04895833333333333 0.016145833333333335
14 0.6848958333333334 0.4708333333333333 0.041666666666666664 0.022395833333333334
2 0.6046875 0.48072916666666665 0.10260416666666666 0.028645833333333332