6 0.7791666666666667 0.48489583333333336 0.44166666666666665 0.06197916666666667
13 0.3734375 0.42135416666666664 0.3380208333333333 0.14947916666666666
8 0.5984375 0.271875 0.396875 0.1109375
3 0.5598958333333334 0.6411458333333333 0.15572916666666667 0.09166666666666666
1 0.23020833333333332 0.6765625 0.16041666666666668 0.06875
18 0.4510416666666667 0.8786458333333333 0.1234375 0.08020833333333334
15 0.7619791666666667 0.6489583333333333 0.128125 0.06927083333333334
20 0.7994791666666666 0.6880208333333333 0.14114583333333333 0.0390625
20 0.8458333333333333 0.6651041666666667 0.13645833333333332 0.06510416666666667
2 0.42135416666666664 0.6802083333333333 0.246875 0.058333333333333334
14 0.19739583333333333 0.6401041666666667 0.0828125 0.03802083333333333