13 0.24791666666666667 0.21145833333333333 0.37395833333333334 0.16041666666666668
14 0.46197916666666666 0.25 0.125 0.06770833333333333
1 0.15260416666666668 0.440625 0.1359375 0.07552083333333333
5 0.30104166666666665 0.46197916666666666 0.16927083333333334 0.05364583333333333
7 0.215625 0.5026041666666666 0.2713541666666667 0.05572916666666667
8 0.24375 0.3854166666666667 0.1953125 0.10989583333333333
15 0.365625 0.4041666666666667 0.15208333333333332 0.08854166666666667
14 0.4322916666666667 0.44479166666666664 0.10416666666666667 0.05364583333333333
6 0.5880208333333333 0.46197916666666666 0.3026041666666667 0.14114583333333333
0 0.8135416666666667 0.43020833333333336 0.18229166666666666 0.090625
3 0.8552083333333333 0.3984375 0.20052083333333334 0.121875
2 0.21354166666666666 0.6364583333333333 0.10520833333333333 0.08177083333333333
0 0.31614583333333335 0.603125 0.115625 0.06197916666666667
5 0.34375 0.646875 0.1625 0.08489583333333334
20 0.48020833333333335 0.6375 0.12291666666666666 0.046875
20 0.5578125 0.6057291666666667 0.11770833333333333 0.0609375
9 0.6739583333333333 0.65625 0.0703125 0.0671875
9 0.6104166666666667 0.6411458333333333 0.058854166666666666 0.05416666666666667
18 0.45 0.6015625 0.09322916666666667 0.04739583333333333
18 0.3921875 0.5885416666666666 0.07916666666666666 0.042708333333333334
18 0.5364583333333334 0.5817708333333333 0.08958333333333333 0.03125
7 0.83125 0.6458333333333334 0.24375 0.08333333333333333
21 0.5776041666666667 0.38385416666666666 0.16302083333333334 0.10104166666666667
17 0.48489583333333336 0.4005208333333333 0.10208333333333333 0.09375