11 0.058333333333333334 0.5083333333333333 0.103125 0.1578125
15 0.13385416666666666 0.5166666666666667 0.11510416666666666 0.11927083333333334
11 0.26979166666666665 0.6286458333333333 0.10520833333333333 0.11197916666666667
16 0.22604166666666667 0.8083333333333333 0.10885416666666667 0.17916666666666667
16 0.3 0.7994791666666666 0.10885416666666667 0.14947916666666666
10 0.47239583333333335 0.36302083333333335 0.08541666666666667 0.03177083333333333
5 0.5489583333333333 0.36770833333333336 0.06666666666666667 0.014583333333333334
20 0.6104166666666667 0.3578125 0.058333333333333334 0.029166666666666667
20 0.6692708333333334 0.359375 0.05625 0.027604166666666666
17 0.4817708333333333 0.42864583333333334 0.05677083333333333 0.030729166666666665
2 0.5234375 0.45 0.17395833333333333 0.020833333333333332
5 0.5635416666666667 0.428125 0.09427083333333333 0.03125
21 0.6177083333333333 0.42135416666666664 0.06927083333333334 0.034375
11 0.4817708333333333 0.5411458333333333 0.075 0.0375
4 0.553125 0.5369791666666667 0.0828125 0.046875
3 0.5713541666666667 0.6192708333333333 0.07864583333333333 0.041666666666666664
9 0.7479166666666667 0.6265625 0.10885416666666667 0.021354166666666667
18 0.503125 0.6166666666666667 0.042708333333333334 0.025520833333333333
13 0.6567708333333333 0.5286458333333334 0.12604166666666666 0.05416666666666667
10 0.35885416666666664 0.3671875 0.07708333333333334 0.023958333333333335
11 0.4083333333333333 0.596875 0.078125 0.10364583333333334
0 0.66875 0.6213541666666667 0.05364583333333333 0.03333333333333333
7 0.7723958333333333 0.4453125 0.06875 0.014583333333333334