14 0.45989583333333334 0.26197916666666665 0.04375 0.023958333333333335
1 0.5630208333333333 0.259375 0.058854166666666666 0.0296875
10 0.6713541666666667 0.2630208333333333 0.12552083333333333 0.05625
15 0.44479166666666664 0.31354166666666666 0.08020833333333334 0.0703125
4 0.5104166666666666 0.3333333333333333 0.05520833333333333 0.022395833333333334
2 0.5291666666666667 0.34375 0.04791666666666667 0.0109375
0 0.5692708333333333 0.3302083333333333 0.05677083333333333 0.035416666666666666
0 0.42916666666666664 0.4401041666666667 0.050520833333333334 0.033854166666666664
3 0.4786458333333333 0.43802083333333336 0.06197916666666667 0.034895833333333334
5 0.5192708333333333 0.45 0.05677083333333333 0.013541666666666667
10 0.5921875 0.440625 0.08802083333333334 0.0234375
13 0.6119791666666666 0.4161458333333333 0.10416666666666667 0.05
6 0.6239583333333333 0.5140625 0.134375 0.03229166666666667
9 0.5708333333333333 0.6052083333333333 0.15677083333333333 0.01875
11 0.28854166666666664 0.63125 0.12447916666666667 0.1703125
18 0.2838541666666667 0.3359375 0.15989583333333332 0.08229166666666667
11 0.078125 0.2786458333333333 0.12083333333333333 0.16770833333333332
17 0.40572916666666664 0.25052083333333336 0.059375 0.05572916666666667
8 0.46822916666666664 0.6078125 0.04479166666666667 0.021875
7 0.5067708333333333 0.5203125 0.09427083333333333 0.0234375
5 0.49895833333333334 0.27239583333333334 0.0703125 0.026041666666666668