11 0.7234375 0.5713541666666667 0.1 0.10104166666666667
11 0.9375 0.4473958333333333 0.07708333333333334 0.134375
11 0.5619791666666667 0.5583333333333333 0.06666666666666667 0.1
10 0.6057291666666667 0.34270833333333334 0.084375 0.026041666666666668
16 0.7140625 0.7244791666666667 0.103125 0.13229166666666667
16 0.7911458333333333 0.7208333333333333 0.1 0.15520833333333334
20 0.20364583333333333 0.34375 0.06666666666666667 0.036458333333333336
20 0.13958333333333334 0.34739583333333335 0.06770833333333333 0.034375
5 0.2578125 0.3536458333333333 0.05520833333333333 0.015625
10 0.31145833333333334 0.34739583333333335 0.159375 0.03854166666666667
5 0.296875 0.43854166666666666 0.15208333333333332 0.03333333333333333
21 0.12760416666666666 0.41458333333333336 0.08541666666666667 0.03229166666666667
5 0.22083333333333333 0.42135416666666664 0.06979166666666667 0.0375
17 0.2484375 0.4192708333333333 0.052083333333333336 0.036458333333333336
5 0.20260416666666667 0.4510416666666667 0.04791666666666667 0.010416666666666666
11 0.3307291666666667 0.5348958333333333 0.08229166666666667 0.036458333333333336
4 0.253125 0.5380208333333333 0.08958333333333333 0.05520833333333333
13 0.15989583333333332 0.5432291666666667 0.13020833333333334 0.07708333333333334
3 0.26145833333333335 0.6276041666666666 0.08645833333333333 0.05
7 0.15885416666666666 0.6973958333333333 0.08541666666666667 0.03333333333333333
15 0.8640625 0.46041666666666664 0.10729166666666666 0.10208333333333333