5 0.8890625 0.12708333333333333 0.221875 0.11458333333333333
5 0.7557291666666667 0.13125 0.34375 0.07916666666666666
6 0.8927083333333333 0.5770833333333333 0.21458333333333332 0.17708333333333334
20 0.909375 0.46041666666666664 0.12395833333333334 0.057291666666666664
21 0.8817708333333333 0.5145833333333333 0.159375 0.09375
18 0.8052083333333333 0.4796875 0.07395833333333333 0.057291666666666664
18 0.7348958333333333 0.5067708333333333 0.084375 0.059375
8 0.6739583333333333 0.5723958333333333 0.36666666666666664 0.13333333333333333
1 0.4588541666666667 0.5171875 0.11041666666666666 0.09583333333333334
15 0.38958333333333334 0.434375 0.15520833333333334 0.13645833333333332
14 0.35052083333333334 0.5307291666666667 0.090625 0.057291666666666664
5 0.26875 0.5036458333333333 0.13541666666666666 0.07916666666666666
17 0.1421875 0.48489583333333336 0.13854166666666667 0.11666666666666667
4 0.7416666666666667 0.8244791666666667 0.22291666666666668 0.13125
6 0.6369791666666667 0.8869791666666667 0.3260416666666667 0.084375
3 0.3609375 0.7317708333333334 0.1875 0.11875
0 0.15 0.7604166666666666 0.15416666666666667 0.12291666666666666
2 0.2796875 0.8036458333333333 0.38645833333333335 0.178125
7 0.25104166666666666 0.08489583333333334 0.3697916666666667 0.078125
13 0.7505208333333333 0.0546875 0.49895833333333334 0.109375