16 0.25 0.7541666666666667 0.11041666666666666 0.14479166666666668
16 0.32395833333333335 0.7526041666666666 0.10572916666666667 0.128125
11 0.25625 0.6067708333333334 0.09739583333333333 0.09479166666666666
11 0.4322916666666667 0.5765625 0.07864583333333333 0.0984375
10 0.3078125 0.37083333333333335 0.071875 0.029166666666666667
15 0.08020833333333334 0.5177083333333333 0.12395833333333334 0.09791666666666667
11 0.022916666666666665 0.5260416666666666 0.04583333333333333 0.10729166666666666
8 0.7552083333333334 0.6526041666666667 0.18020833333333333 0.049479166666666664
7 0.9104166666666667 0.6625 0.17916666666666667 0.0421875
3 0.7942708333333334 0.5932291666666667 0.090625 0.04479166666666667
0 0.8979166666666667 0.5994791666666667 0.06875 0.0390625
9 0.9572916666666667 0.6130208333333333 0.08489583333333334 0.019270833333333334
4 0.7604166666666666 0.5036458333333333 0.09427083333333333 0.05364583333333333
11 0.6822916666666666 0.5130208333333334 0.08489583333333334 0.034375
13 0.8796875 0.49375 0.1703125 0.06666666666666667
2 0.6848958333333334 0.4166666666666667 0.15729166666666666 0.030208333333333334
10 0.6390625 0.32864583333333336 0.165625 0.04479166666666667
20 0.746875 0.30885416666666665 0.06875 0.03697916666666667
20 0.8130208333333333 0.30364583333333334 0.06666666666666667 0.0328125
1 0.8744791666666667 0.30052083333333335 0.058333333333333334 0.033854166666666664
21 0.8302083333333333 0.36822916666666666 0.08802083333333334 0.03958333333333333
17 0.7109375 0.3885416666666667 0.06041666666666667 0.0390625
5 0.75 0.3875 0.0703125 0.036458333333333336