2 0.46197916666666666 0.415625 0.2557291666666667 0.03854166666666667
14 0.7651041666666667 0.37135416666666665 0.0703125 0.04479166666666667
5 0.840625 0.34791666666666665 0.06927083333333334 0.07864583333333333
4 0.8572916666666667 0.5359375 0.16666666666666666 0.03333333333333333
9 0.8442708333333333 0.5708333333333333 0.22291666666666668 0.03697916666666667
13 0.5807291666666666 0.5276041666666667 0.2708333333333333 0.0703125
21 0.3796875 0.5848958333333333 0.12708333333333333 0.0890625
2 0.8104166666666667 0.4708333333333333 0.0640625 0.034895833333333334
9 0.8104166666666667 0.49635416666666665 0.12135416666666667 0.023958333333333335
15 0.4510416666666667 0.378125 0.10572916666666667 0.0484375
7 0.7276041666666667 0.37135416666666665 0.17552083333333332 0.1015625
14 0.35520833333333335 0.3260416666666667 0.06927083333333334 0.03854166666666667
17 0.47708333333333336 0.2734375 0.09635416666666667 0.0921875
6 0.4401041666666667 0.440625 0.2916666666666667 0.03697916666666667
1 0.7005208333333334 0.5677083333333334 0.11666666666666667 0.05520833333333333