13 0.6984375 0.6479166666666667 0.271875 0.15
13 0.31927083333333334 0.6276041666666666 0.190625 0.12291666666666666
7 0.409375 0.7317708333333334 0.15833333333333333 0.03958333333333333
9 0.33229166666666665 0.3421875 0.10104166666666667 0.053125
6 0.7973958333333333 0.3729166666666667 0.17916666666666667 0.046875
8 0.8088541666666667 0.22864583333333333 0.19791666666666666 0.07291666666666667
7 0.6119791666666666 0.21614583333333334 0.09375 0.027083333333333334
2 0.42864583333333334 0.21666666666666667 0.21041666666666667 0.04583333333333333
4 0.2526041666666667 0.15729166666666666 0.19375 0.1
14 0.6651041666666667 0.36354166666666665 0.0875 0.04791666666666667
21 0.6541666666666667 0.3255208333333333 0.13229166666666667 0.05625
1 0.5932291666666667 0.3567708333333333 0.08125 0.053125
5 0.21614583333333334 0.34791666666666665 0.11770833333333333 0.030208333333333334
5 0.228125 0.30572916666666666 0.11354166666666667 0.065625
5 0.25833333333333336 0.26979166666666665 0.07395833333333333 0.08958333333333333
15 0.375 0.31302083333333336 0.121875 0.11875
3 0.4869791666666667 0.3296875 0.16354166666666667 0.1
20 0.6411458333333333 0.5427083333333333 0.09583333333333334 0.05520833333333333
20 0.5692708333333333 0.534375 0.08020833333333334 0.05625
0 0.4895833333333333 0.5255208333333333 0.10416666666666667 0.078125
0 0.40677083333333336 0.5182291666666666 0.1 0.07291666666666667
0 0.5020833333333333 0.49947916666666664 0.09375 0.026041666666666668
8 0.765625 0.5453125 0.21354166666666666 0.06875