0 0.4015625 0.6385416666666667 0.09895833333333333 0.06145833333333333
18 0.31354166666666666 0.640625 0.078125 0.04479166666666667
14 0.5130208333333334 0.6322916666666667 0.06145833333333333 0.035416666666666666
14 0.5786458333333333 0.6213541666666667 0.06041666666666667 0.035416666666666666
6 0.6229166666666667 0.6609375 0.340625 0.08229166666666667
6 0.7572916666666667 0.6130208333333333 0.075 0.022916666666666665
18 0.5875 0.4921875 0.1625 0.07395833333333333
2 0.37604166666666666 0.528125 0.06458333333333334 0.040625
5 0.44635416666666666 0.5208333333333334 0.12916666666666668 0.051041666666666666
13 0.428125 0.4635416666666667 0.225 0.10416666666666667
8 0.3932291666666667 0.7505208333333333 0.17916666666666667 0.07395833333333333
7 0.5864583333333333 0.7739583333333333 0.17083333333333334 0.07395833333333333
7 0.7416666666666667 0.784375 0.090625 0.041666666666666664
4 0.7682291666666666 0.48333333333333334 0.07395833333333333 0.05520833333333333
18 0.346875 0.375 0.090625 0.046875
1 0.26979166666666665 0.3729166666666667 0.084375 0.05
17 0.2984375 0.34270833333333334 0.084375 0.03958333333333333
3 0.3885416666666667 0.35572916666666665 0.115625 0.06979166666666667
10 0.31927083333333334 0.24583333333333332 0.175 0.04791666666666667
11 0.6098958333333333 0.23385416666666667 0.21979166666666666 0.046875
20 0.509375 0.21302083333333333 0.08854166666666667 0.042708333333333334
20 0.4427083333333333 0.2265625 0.08125 0.023958333333333335
21 0.6 0.19427083333333334 0.12291666666666666 0.04895833333333333
0 0.778125 0.3484375 0.06041666666666667 0.04479166666666667
5 0.6723958333333333 0.34322916666666664 0.05625 0.06458333333333334
17 0.55625 0.3484375 0.07604166666666666 0.06875
15 0.48072916666666665 0.3302083333333333 0.10104166666666667 0.10208333333333333
7 0.7072916666666667 0.390625 0.19583333333333333 0.020833333333333332
7 0.7364583333333333 0.3770833333333333 0.13958333333333334 0.021875