8 0.17864583333333334 0.2234375 0.2984375 0.0609375
13 0.2546875 0.19947916666666668 0.24739583333333334 0.0890625
6 0.4109375 0.23333333333333334 0.10729166666666666 0.0171875
6 0.6171875 0.20677083333333332 0.19375 0.046875
1 0.15260416666666668 0.37083333333333335 0.10416666666666667 0.05520833333333333
5 0.2552083333333333 0.3776041666666667 0.1328125 0.0296875
15 0.35989583333333336 0.32447916666666665 0.10572916666666667 0.11145833333333334
14 0.39739583333333334 0.36875 0.08385416666666666 0.04114583333333333
21 0.48489583333333336 0.33229166666666665 0.109375 0.08489583333333334
20 0.559375 0.32083333333333336 0.0859375 0.041666666666666664
20 0.5135416666666667 0.33489583333333334 0.09166666666666666 0.022916666666666665
0 0.6552083333333333 0.334375 0.1140625 0.058333333333333334
0 0.4786458333333333 0.5208333333333334 0.0984375 0.059895833333333336
5 0.5572916666666666 0.5151041666666667 0.07552083333333333 0.051041666666666666
7 0.6729166666666667 0.5171875 0.16927083333333334 0.042708333333333334
18 0.5067708333333333 0.4895833333333333 0.07135416666666666 0.0296875
2 0.3848958333333333 0.5255208333333333 0.11302083333333333 0.0453125
7 0.3067708333333333 0.6677083333333333 0.1609375 0.043229166666666666
14 0.42916666666666664 0.6296875 0.06302083333333333 0.036458333333333336
9 0.48385416666666664 0.6140625 0.05364583333333333 0.04375
3 0.31979166666666664 0.6041666666666666 0.12552083333333333 0.0609375
18 0.5796875 0.6510416666666666 0.08541666666666667 0.0515625
18 0.6333333333333333 0.6338541666666667 0.08385416666666666 0.049479166666666664