3 0.4484375 0.5401041666666667 0.13229166666666667 0.07135416666666666
6 0.32083333333333336 0.7052083333333333 0.32395833333333335 0.052083333333333336
1 0.5104166666666666 0.6822916666666666 0.1078125 0.053125
7 0.33697916666666666 0.653125 0.1640625 0.05260416666666667
20 0.6145833333333334 0.6833333333333333 0.090625 0.04635416666666667
14 0.7052083333333333 0.6786458333333333 0.06666666666666667 0.0390625
0 0.6505208333333333 0.6458333333333334 0.10364583333333334 0.05520833333333333
0 0.5510416666666667 0.6536458333333334 0.0953125 0.049479166666666664
9 0.6130208333333333 0.5083333333333333 0.18385416666666668 0.035416666666666666
13 0.5979166666666667 0.48333333333333334 0.2390625 0.07864583333333333
8 0.6291666666666667 0.5395833333333333 0.23958333333333334 0.058854166666666666
20 0.5135416666666667 0.3854166666666667 0.09635416666666667 0.04895833333333333
17 0.4375 0.37083333333333335 0.09895833333333333 0.07916666666666666
7 0.6614583333333334 0.3859375 0.15729166666666666 0.026041666666666668
21 0.5651041666666666 0.34739583333333335 0.08229166666666667 0.08333333333333333
2 0.646875 0.24010416666666667 0.16927083333333334 0.028125
7 0.5 0.2552083333333333 0.14635416666666667 0.015104166666666667
18 0.4401041666666667 0.24791666666666667 0.08229166666666667 0.033854166666666664
14 0.5213541666666667 0.2390625 0.07291666666666667 0.01875
4 0.6010416666666667 0.2125 0.146875 0.07239583333333334