16 0.121875 0.5109375 0.125 0.14635416666666667
18 0.17083333333333334 0.6348958333333333 0.0703125 0.04114583333333333
18 0.15572916666666667 0.6802083333333333 0.08385416666666666 0.04739583333333333
18 0.23125 0.6140625 0.0765625 0.0421875
18 0.24583333333333332 0.6598958333333333 0.075 0.0421875
11 0.30625 0.6208333333333333 0.07604166666666666 0.10208333333333333
11 0.446875 0.5958333333333333 0.090625 0.10260416666666666
11 0.2671875 0.80625 0.19947916666666668 0.09270833333333334
2 0.825 0.34375 0.12447916666666667 0.025520833333333333
4 0.9145833333333333 0.325 0.078125 0.0484375
6 0.6161458333333333 0.43802083333333336 0.103125 0.0390625
14 0.6895833333333333 0.44166666666666665 0.05416666666666667 0.028125
1 0.7421875 0.43645833333333334 0.04583333333333333 0.033854166666666664
3 0.7932291666666667 0.42552083333333335 0.09739583333333333 0.05416666666666667
21 0.7223958333333333 0.4109375 0.07604166666666666 0.035416666666666666
15 0.8984375 0.3932291666666667 0.0734375 0.06510416666666667
20 0.7338541666666667 0.5479166666666667 0.05520833333333333 0.03177083333333333
20 0.7828125 0.5411458333333333 0.041666666666666664 0.0296875
0 0.8296875 0.5458333333333333 0.0625 0.0390625
0 0.8447916666666667 0.5208333333333334 0.05364583333333333 0.016145833333333335
0 0.8916666666666667 0.5375 0.06614583333333333 0.042708333333333334
8 0.6708333333333333 0.540625 0.13125 0.0390625
10 0.353125 0.37916666666666665 0.08645833333333333 0.033854166666666664
17 0.12916666666666668 0.3723958333333333 0.09895833333333333 0.0671875
8 0.6130208333333333 0.3625 0.09270833333333334 0.025520833333333333
5 0.9432291666666667 0.38385416666666666 0.03854166666666667 0.05677083333333333
9 0.8932291666666666 0.43072916666666666 0.0609375 0.03802083333333333
5 0.9427083333333334 0.42135416666666664 0.0390625 0.019791666666666666
5 0.9416666666666667 0.4390625 0.044270833333333336 0.018229166666666668
13 0.7171875 0.6104166666666667 0.18020833333333333 0.08697916666666666