5 0.13854166666666667 0.22135416666666666 0.184375 0.03958333333333333
3 0.3333333333333333 0.19322916666666667 0.17916666666666667 0.09479166666666666
14 0.478125 0.215625 0.078125 0.04375
0 0.6515625 0.19739583333333333 0.13645833333333332 0.090625
0 0.7651041666666667 0.2015625 0.11458333333333333 0.08645833333333333
9 0.378125 0.36041666666666666 0.08541666666666667 0.0375
9 0.4296875 0.3640625 0.035416666666666666 0.03229166666666667
9 0.48072916666666665 0.36666666666666664 0.051041666666666666 0.03229166666666667
11 0.5411458333333333 0.3484375 0.096875 0.057291666666666664
0 0.6463541666666667 0.3453125 0.10729166666666666 0.06354166666666666
18 0.29322916666666665 0.496875 0.08020833333333334 0.051041666666666666
18 0.37864583333333335 0.4921875 0.08333333333333333 0.04791666666666667
2 0.58125 0.5135416666666667 0.18125 0.07395833333333333
14 0.7083333333333334 0.50625 0.06354166666666666 0.03333333333333333
1 0.2484375 0.3494791666666667 0.09375 0.05416666666666667
13 0.6489583333333333 0.6380208333333334 0.27395833333333336 0.14479166666666668
7 0.3458333333333333 0.6677083333333333 0.203125 0.090625
8 0.771875 0.3484375 0.1 0.075