14 0.38645833333333335 0.12395833333333334 0.10260416666666666 0.058333333333333334
14 0.10833333333333334 0.3 0.1046875 0.051041666666666666
0 0.5375 0.1265625 0.14635416666666667 0.065625
0 0.8625 0.121875 0.1578125 0.08385416666666666
10 0.7744791666666667 0.2838541666666667 0.14635416666666667 0.09895833333333333
21 0.6520833333333333 0.28125 0.13802083333333334 0.10833333333333334
15 0.4822916666666667 0.2838541666666667 0.21510416666666668 0.07083333333333333
11 0.29739583333333336 0.2828125 0.15 0.053125
5 0.3802083333333333 0.31614583333333335 0.1453125 0.03802083333333333
17 0.47604166666666664 0.4484375 0.07291666666666667 0.07916666666666666
7 0.7276041666666667 0.5104166666666666 0.16302083333333334 0.03958333333333333
20 0.5432291666666667 0.47291666666666665 0.07916666666666666 0.0421875
20 0.6192708333333333 0.46145833333333336 0.09479166666666666 0.0453125
1 0.4005208333333333 0.45364583333333336 0.08020833333333334 0.05
5 0.33645833333333336 0.48020833333333335 0.15 0.05
2 0.253125 0.46979166666666666 0.1421875 0.05572916666666667
9 0.1734375 0.6973958333333333 0.21041666666666667 0.08541666666666667
6 0.49635416666666665 0.7385416666666667 0.43125 0.09114583333333333
13 0.6671875 0.09635416666666667 0.24375 0.109375
8 0.2755208333333333 0.11927083333333334 0.17083333333333334 0.05416666666666667
7 0.5755208333333334 0.3385416666666667 0.19947916666666668 0.03177083333333333
6 0.46510416666666665 0.634375 0.12552083333333333 0.034895833333333334