21 0.35104166666666664 0.3411458333333333 0.06041666666666667 0.052083333333333336
3 0.2760416666666667 0.3416666666666667 0.08958333333333333 0.06145833333333333
14 0.5135416666666667 0.43072916666666666 0.035416666666666666 0.026041666666666668
14 0.48333333333333334 0.4322916666666667 0.040625 0.027083333333333334
5 0.26458333333333334 0.425 0.06770833333333333 0.021875
5 0.2520833333333333 0.440625 0.065625 0.020833333333333332
1 0.4 0.43125 0.053125 0.035416666666666666
9 0.5755208333333334 0.42239583333333336 0.0375 0.019791666666666666
9 0.5578125 0.4359375 0.041666666666666664 0.019791666666666666
4 0.40989583333333335 0.5203125 0.05 0.042708333333333334
2 0.35625 0.51875 0.071875 0.06041666666666667
20 0.31666666666666665 0.5322916666666667 0.04791666666666667 0.029166666666666667
20 0.2640625 0.5322916666666667 0.05416666666666667 0.03125
18 0.490625 0.6088541666666667 0.052083333333333336 0.03333333333333333
18 0.3359375 0.6072916666666667 0.057291666666666664 0.036458333333333336
18 0.28020833333333334 0.6072916666666667 0.05520833333333333 0.03125
8 0.4786458333333333 0.5015625 0.096875 0.035416666666666666
8 0.48489583333333336 0.5291666666666667 0.09270833333333334 0.03333333333333333
16 0.7505208333333333 0.83125 0.203125 0.134375
7 0.753125 0.6302083333333334 0.15625 0.11770833333333333
11 0.8677083333333333 0.6395833333333333 0.125 0.13645833333333332
10 0.6635416666666667 0.35260416666666666 0.052083333333333336 0.0375
17 0.8651041666666667 0.32760416666666664 0.1125 0.08229166666666667
18 0.4276041666666667 0.5958333333333333 0.12604166666666666 0.06770833333333333
6 0.3265625 0.43854166666666666 0.09166666666666666 0.028125
7 0.5869791666666667 0.35520833333333335 0.07916666666666666 0.019791666666666666
0 0.5255208333333333 0.340625 0.08125 0.046875
17 0.45208333333333334 0.33541666666666664 0.04479166666666667 0.030208333333333334
5 0.28229166666666666 0.3953125 0.053125 0.051041666666666666
18 0.3651041666666667 0.5885416666666666 0.03958333333333333 0.025
13 0.5010416666666667 0.6630208333333333 0.12604166666666666 0.07604166666666666