2 0.4171875 0.46770833333333334 0.2 0.034375
6 0.6125 0.43802083333333336 0.1 0.059375
4 0.5192708333333333 0.4109375 0.096875 0.028125
14 0.6682291666666667 0.4328125 0.03125 0.022916666666666665
9 0.5447916666666667 0.5583333333333333 0.09166666666666666 0.026041666666666668
9 0.4203125 0.5302083333333333 0.07395833333333333 0.03125
8 0.4239583333333333 0.5588541666666667 0.09895833333333333 0.03125
5 0.5140625 0.3171875 0.11041666666666666 0.04791666666666667
7 0.4109375 0.3421875 0.165625 0.01875
21 0.4203125 0.303125 0.09583333333333334 0.06458333333333334
17 0.5416666666666666 0.3067708333333333 0.078125 0.058333333333333334
15 0.5921875 0.2890625 0.090625 0.08958333333333333
5 0.1796875 0.19583333333333333 0.14583333333333334 0.09375
17 0.503125 0.20260416666666667 0.0625 0.06041666666666667
2 0.6333333333333333 0.21927083333333333 0.24270833333333333 0.029166666666666667
7 0.6213541666666667 0.2203125 0.04895833333333333 0.015625
1 0.6020833333333333 0.5484375 0.07604166666666666 0.040625
13 0.6697916666666667 0.5166666666666667 0.20104166666666667 0.08645833333333333