15 0.7932291666666667 0.4375 0.11354166666666667 0.09010416666666667
7 0.7869791666666667 0.4895833333333333 0.21145833333333333 0.04895833333333333
5 0.946875 0.48489583333333336 0.08177083333333333 0.06458333333333334
14 0.95 0.5072916666666667 0.0484375 0.0328125
6 0.81875 0.6135416666666667 0.14322916666666666 0.06145833333333333
9 0.5963541666666666 0.7067708333333333 0.06822916666666666 0.035416666666666666
9 0.5307291666666667 0.6453125 0.08697916666666666 0.028645833333333332
1 0.665625 0.7166666666666667 0.06822916666666666 0.04479166666666667
4 0.7552083333333334 0.7369791666666666 0.11927083333333334 0.07604166666666666
13 0.45677083333333335 0.76875 0.20416666666666666 0.13802083333333334
5 0.3546875 0.290625 0.1 0.0796875
2 0.9015625 0.3880208333333333 0.196875 0.036458333333333336
5 0.6817708333333333 0.45260416666666664 0.08645833333333333 0.03697916666666667