6 0.44114583333333335 0.5614583333333333 0.30625 0.103125
2 0.3026041666666667 0.6177083333333333 0.290625 0.053125
17 0.7640625 0.409375 0.109375 0.08125
3 0.6588541666666666 0.3875 0.128125 0.06875
1 0.7260416666666667 0.24270833333333333 0.128125 0.06979166666666667
9 0.8276041666666667 0.26666666666666666 0.09895833333333333 0.030208333333333334
14 0.7916666666666666 0.2421875 0.03958333333333333 0.027083333333333334
18 0.40520833333333334 0.21458333333333332 0.09895833333333333 0.06041666666666667
11 0.27708333333333335 0.21197916666666666 0.14791666666666667 0.05625
15 0.45625 0.3645833333333333 0.128125 0.125
14 0.20364583333333333 0.38958333333333334 0.071875 0.03958333333333333
13 0.296875 0.3609375 0.221875 0.12708333333333333
21 0.5536458333333333 0.375 0.10208333333333333 0.08958333333333333