6 0.6416666666666667 0.5682291666666667 0.40989583333333335 0.0703125
2 0.31875 0.5885416666666666 0.25 0.0546875
2 0.2765625 0.35989583333333336 0.15572916666666667 0.0421875
8 0.7229166666666667 0.31979166666666664 0.3703125 0.08125
9 0.7921875 0.13541666666666666 0.11458333333333333 0.052083333333333336
1 0.6671875 0.14010416666666667 0.1203125 0.06354166666666666
4 0.10572916666666667 0.14895833333333333 0.19114583333333332 0.0875
13 0.25677083333333334 0.4859375 0.3729166666666667 0.16822916666666668
5 0.6125 0.9161458333333333 0.134375 0.0453125
5 0.7239583333333334 0.9505208333333334 0.19114583333333332 0.06979166666666667
5 0.771875 0.8833333333333333 0.16822916666666668 0.07239583333333334