18 0.11927083333333334 0.3151041666666667 0.23802083333333332 0.0625
14 0.30885416666666665 0.3260416666666667 0.059375 0.029166666666666667
14 0.34739583333333335 0.32708333333333334 0.041666666666666664 0.026041666666666668
0 0.26145833333333335 0.4786458333333333 0.090625 0.05677083333333333
0 0.315625 0.4708333333333333 0.07447916666666667 0.05
21 0.36302083333333335 0.45364583333333336 0.096875 0.07135416666666666
15 0.26614583333333336 0.7505208333333333 0.10364583333333334 0.109375
20 0.6026041666666667 0.5609375 0.05416666666666667 0.028645833333333332
20 0.6546875 0.5572916666666666 0.053125 0.027604166666666666
1 0.4734375 0.48854166666666665 0.050520833333333334 0.029166666666666667
2 0.5708333333333333 0.6369791666666667 0.14270833333333333 0.019270833333333334
8 0.49947916666666664 0.5614583333333333 0.10885416666666667 0.03802083333333333
17 0.42291666666666666 0.4817708333333333 0.033854166666666664 0.04479166666666667
17 0.5786458333333333 0.465625 0.052083333333333336 0.0390625
5 0.5338541666666666 0.4859375 0.071875 0.0265625
7 0.6557291666666667 0.48541666666666666 0.09895833333333333 0.0109375
6 0.6447916666666667 0.3890625 0.11822916666666666 0.0265625
5 0.4354166666666667 0.40260416666666665 0.084375 0.018229166666666668
4 0.478125 0.384375 0.08229166666666667 0.0421875
3 0.41875 0.3807291666666667 0.059375 0.0328125
13 0.5729166666666666 0.36666666666666664 0.13020833333333334 0.07395833333333333
5 0.7411458333333333 0.3890625 0.06302083333333333 0.017708333333333333
9 0.6375 0.46979166666666666 0.065625 0.029166666666666667