11 0.13229166666666667 0.6213541666666667 0.096875 0.128125
7 0.23229166666666667 0.6036458333333333 0.12447916666666667 0.10364583333333334
16 0.22760416666666666 0.803125 0.17083333333333334 0.11458333333333333
17 0.14270833333333333 0.3015625 0.09583333333333334 0.07760416666666667
0 0.39947916666666666 0.3046875 0.06875 0.041666666666666664
21 0.565625 0.29583333333333334 0.07291666666666667 0.058333333333333334
3 0.6411458333333333 0.2989583333333333 0.08489583333333334 0.05
14 0.40520833333333334 0.39375 0.03802083333333333 0.023958333333333335
14 0.4375 0.3953125 0.043229166666666666 0.0265625
9 0.36354166666666665 0.4 0.029166666666666667 0.015104166666666667
1 0.5213541666666667 0.39010416666666664 0.051041666666666666 0.03125
6 0.590625 0.39114583333333336 0.08229166666666667 0.0296875
5 0.6619791666666667 0.3953125 0.0546875 0.013541666666666667
5 0.6552083333333333 0.37447916666666664 0.05677083333333333 0.028125
5 0.628125 0.35208333333333336 0.05 0.04479166666666667
4 0.4942708333333333 0.47708333333333336 0.04791666666666667 0.034895833333333334
2 0.5453125 0.47552083333333334 0.05520833333333333 0.05416666666666667
20 0.5880208333333333 0.4859375 0.044270833333333336 0.023958333333333335
20 0.6385416666666667 0.4828125 0.04895833333333333 0.026041666666666668
18 0.41822916666666665 0.5692708333333333 0.050520833333333334 0.028125
18 0.5369791666666667 0.54375 0.04635416666666667 0.01875
18 0.5677083333333334 0.5598958333333334 0.0484375 0.028125
18 0.6166666666666667 0.5567708333333333 0.0484375 0.027604166666666666
8 0.43125 0.4630208333333333 0.09270833333333334 0.029166666666666667
8 0.4265625 0.49114583333333334 0.08802083333333334 0.025520833333333333
11 0.3302083333333333 0.5505208333333333 0.08385416666666666 0.1015625
18 0.47708333333333336 0.5526041666666667 0.12083333333333333 0.05677083333333333
7 0.4557291666666667 0.31927083333333334 0.0578125 0.013020833333333334
10 0.3067708333333333 0.321875 0.04791666666666667 0.033854166666666664
13 0.40572916666666664 0.6223958333333334 0.11458333333333333 0.06197916666666667