18 0.22552083333333334 0.6020833333333333 0.12447916666666667 0.0890625
11 0.28489583333333335 0.5786458333333333 0.05416666666666667 0.0890625
11 0.14270833333333333 0.484375 0.09166666666666666 0.128125
11 0.2677083333333333 0.7385416666666667 0.13229166666666667 0.08541666666666667
16 0.19947916666666668 0.4791666666666667 0.08385416666666666 0.1234375
17 0.21927083333333333 0.35989583333333336 0.0703125 0.059895833333333336
2 0.5947916666666667 0.37083333333333335 0.08854166666666667 0.018229166666666668
4 0.6739583333333333 0.3640625 0.0703125 0.03229166666666667
6 0.4239583333333333 0.43645833333333334 0.06822916666666666 0.025
14 0.4671875 0.4375 0.0296875 0.020833333333333332
14 0.48854166666666665 0.43802083333333336 0.036458333333333336 0.0203125
1 0.5072916666666667 0.43333333333333335 0.041666666666666664 0.025520833333333333
3 0.5640625 0.4270833333333333 0.07239583333333334 0.043229166666666666
15 0.5953125 0.41510416666666666 0.058333333333333334 0.057291666666666664
9 0.6296875 0.4348958333333333 0.05364583333333333 0.025520833333333333
5 0.6614583333333334 0.4036458333333333 0.03854166666666667 0.03854166666666667
5 0.678125 0.421875 0.05677083333333333 0.0265625
5 0.6848958333333334 0.44114583333333335 0.05416666666666667 0.013541666666666667
20 0.47291666666666665 0.5213541666666667 0.043229166666666666 0.021875
20 0.5 0.5171875 0.035416666666666666 0.025520833333333333
0 0.5447916666666667 0.5182291666666666 0.0484375 0.029166666666666667
0 0.5739583333333333 0.5119791666666667 0.04583333333333333 0.03333333333333333
13 0.459375 0.5723958333333333 0.10416666666666667 0.06302083333333333
10 0.36354166666666665 0.37552083333333336 0.04010416666666667 0.027604166666666666
8 0.42083333333333334 0.3671875 0.07239583333333334 0.023958333333333335
7 0.509375 0.37083333333333335 0.04635416666666667 0.0171875
0 0.5197916666666667 0.5015625 0.0484375 0.014583333333333334
8 0.4270833333333333 0.5182291666666666 0.05260416666666667 0.03125
21 0.4625 0.4166666666666667 0.06458333333333334 0.03125