5 0.2375 0.19635416666666666 0.11197916666666667 0.0515625
2 0.48125 0.2375 0.20104166666666667 0.016666666666666666
7 0.46979166666666666 0.23958333333333334 0.05260416666666667 0.011458333333333333
17 0.3609375 0.2203125 0.0421875 0.053125
15 0.2765625 0.3026041666666667 0.057291666666666664 0.07760416666666667
7 0.46510416666666665 0.3380208333333333 0.14114583333333333 0.013020833333333334
14 0.5630208333333333 0.3223958333333333 0.046875 0.027604166666666666
5 0.525 0.30416666666666664 0.03854166666666667 0.03958333333333333
6 0.43697916666666664 0.4322916666666667 0.059895833333333336 0.04479166666666667
21 0.5229166666666667 0.42083333333333334 0.10625 0.04895833333333333
1 0.45989583333333334 0.5296875 0.07239583333333334 0.0328125
9 0.4046875 0.5432291666666667 0.109375 0.024479166666666666
4 0.51875 0.5140625 0.1015625 0.057291666666666664
13 0.40989583333333335 0.621875 0.09270833333333334 0.090625