6 0.7765625 0.46041666666666664 0.44583333333333336 0.1
13 0.3671875 0.4328125 0.35 0.178125
8 0.578125 0.2640625 0.40520833333333334 0.14479166666666668
3 0.571875 0.6354166666666666 0.16354166666666667 0.10520833333333333
1 0.246875 0.6994791666666667 0.165625 0.08229166666666667
18 0.484375 0.88125 0.13020833333333334 0.090625
15 0.7739583333333333 0.6255208333333333 0.13333333333333333 0.08020833333333334
20 0.8145833333333333 0.6614583333333334 0.14375 0.051041666666666666
20 0.8588541666666667 0.634375 0.14166666666666666 0.07708333333333334
2 0.4375 0.6864583333333333 0.25104166666666666 0.07916666666666666
14 0.2109375 0.6661458333333333 0.08541666666666667 0.04479166666666667