5 0.8916666666666667 0.4427083333333333 0.10520833333333333 0.041666666666666664
10 0.6994791666666667 0.3848958333333333 0.07708333333333334 0.03958333333333333
11 0.9114583333333334 0.5734375 0.15416666666666667 0.128125
17 0.834375 0.559375 0.15729166666666666 0.10729166666666666
11 0.6067708333333334 0.6057291666666667 0.11145833333333334 0.09479166666666666
11 0.5640625 0.7619791666666667 0.165625 0.146875
16 0.48854166666666665 0.7442708333333333 0.16354166666666667 0.125
0 0.35989583333333336 0.26666666666666666 0.07708333333333334 0.04479166666666667
2 0.26666666666666666 0.2375 0.12916666666666668 0.046875
6 0.38125 0.37447916666666664 0.11979166666666667 0.05416666666666667
17 0.31927083333333334 0.34270833333333334 0.06979166666666667 0.059375
1 0.28177083333333336 0.3453125 0.06354166666666666 0.035416666666666666
21 0.253125 0.31927083333333334 0.11145833333333334 0.07708333333333334
14 0.18645833333333334 0.32395833333333335 0.053125 0.036458333333333336
0 0.309375 0.409375 0.06458333333333334 0.040625
0 0.24270833333333333 0.40208333333333335 0.07395833333333333 0.03854166666666667
16 0.3026041666666667 0.4557291666666667 0.07291666666666667 0.052083333333333336
4 0.2390625 0.44895833333333335 0.08125 0.04791666666666667
20 0.17291666666666666 0.4375 0.05625 0.035416666666666666
10 0.11041666666666666 0.4125 0.09791666666666667 0.06770833333333333
3 0.21145833333333333 0.5182291666666666 0.084375 0.05
18 0.1375 0.51875 0.075 0.0375
11 0.4895833333333333 0.5557291666666667 0.115625 0.096875
0 0.21666666666666667 0.21041666666666667 0.053125 0.04791666666666667
13 0.16666666666666666 0.29270833333333335 0.09375 0.06770833333333333