14 0.325 0.3234375 0.053125 0.033854166666666664
14 0.3802083333333333 0.3260416666666667 0.057291666666666664 0.03125
20 0.33541666666666664 0.4890625 0.078125 0.03958333333333333
20 0.4 0.4828125 0.0703125 0.036458333333333336
18 0.06302083333333333 0.5151041666666667 0.12552083333333333 0.06510416666666667
18 0.9083333333333333 0.40729166666666666 0.09270833333333334 0.0359375
5 0.08541666666666667 0.3260416666666667 0.16666666666666666 0.030208333333333334
5 0.9229166666666667 0.4192708333333333 0.071875 0.03177083333333333
16 0.384375 0.7302083333333333 0.1203125 0.13385416666666666
7 0.128125 0.6421875 0.2557291666666667 0.11041666666666666
15 0.31666666666666665 0.58125 0.11145833333333334 0.11197916666666667
17 0.26197916666666665 0.3 0.0828125 0.07395833333333333
4 0.6505208333333333 0.3072916666666667 0.08645833333333333 0.0453125
5 0.5958333333333333 0.3234375 0.11822916666666666 0.015104166666666667
3 0.7442708333333333 0.30520833333333336 0.11197916666666667 0.0515625
1 0.7578125 0.309375 0.09895833333333333 0.0359375
9 0.7692708333333333 0.4171875 0.17395833333333333 0.025
21 0.7921875 0.48541666666666666 0.07760416666666667 0.03958333333333333
11 0.746875 0.5182291666666666 0.2140625 0.03697916666666667
2 0.6208333333333333 0.521875 0.0390625 0.025520833333333333
2 0.8848958333333333 0.5380208333333333 0.07239583333333334 0.0296875
0 0.9114583333333334 0.5119791666666667 0.07447916666666667 0.04114583333333333
6 0.6552083333333333 0.6119791666666666 0.15885416666666666 0.0453125
11 0.2630208333333333 0.45677083333333335 0.09895833333333333 0.1203125
8 0.8192708333333333 0.6208333333333333 0.10885416666666667 0.03854166666666667
6 0.7276041666666667 0.40989583333333335 0.15520833333333334 0.014583333333333334
13 0.9015625 0.2864583333333333 0.14427083333333332 0.08072916666666667