0 0.45364583333333336 0.9625 0.140625 0.075
16 0.34322916666666664 0.37916666666666665 0.15520833333333334 0.146875
18 0.7833333333333333 0.6125 0.07916666666666666 0.05
7 0.8619791666666666 0.7166666666666667 0.17395833333333333 0.07083333333333333
2 0.765625 0.49895833333333334 0.15104166666666666 0.041666666666666664
1 0.6458333333333334 0.4895833333333333 0.08645833333333333 0.04375
14 0.6744791666666666 0.475 0.052083333333333336 0.029166666666666667
3 0.8755208333333333 0.47291666666666665 0.078125 0.06666666666666667
6 0.815625 0.3625 0.17083333333333334 0.058333333333333334
13 0.6786458333333333 0.3260416666666667 0.21770833333333334 0.11458333333333333
8 0.7546875 0.2203125 0.22916666666666666 0.08125
21 0.8541666666666666 0.20104166666666667 0.06458333333333334 0.06875