1 0.5192708333333333 0.10052083333333334 0.10572916666666667 0.049479166666666664
15 0.9182291666666667 0.09427083333333333 0.16354166666666667 0.07083333333333333
8 0.48385416666666664 0.21614583333333334 0.26875 0.06458333333333334
5 0.46510416666666665 0.26510416666666664 0.1609375 0.035416666666666666
9 0.7640625 0.284375 0.17864583333333334 0.04114583333333333
21 0.4859375 0.36875 0.10572916666666667 0.06458333333333334
20 0.4203125 0.41875 0.09791666666666667 0.0421875
0 0.53125 0.3828125 0.090625 0.05416666666666667
6 0.5479166666666667 0.4317708333333333 0.16510416666666666 0.05625
4 0.7291666666666666 0.42239583333333336 0.12239583333333333 0.07552083333333333
5 0.8833333333333333 0.4578125 0.14635416666666667 0.043229166666666666
3 0.4953125 0.5203125 0.11145833333333334 0.059375
2 0.6463541666666667 0.5838541666666667 0.24791666666666667 0.06145833333333333
7 0.8828125 0.41041666666666665 0.2265625 0.06354166666666666
9 0.909375 0.44479166666666664 0.14895833333333333 0.0296875
16 0.9442708333333333 0.26510416666666664 0.11145833333333334 0.10052083333333334
5 0.575 0.2526041666666667 0.06302083333333333 0.028125
14 0.584375 0.11041666666666666 0.03802083333333333 0.0234375
14 0.44635416666666666 0.10833333333333334 0.04114583333333333 0.022395833333333334
13 0.928125 0.23020833333333332 0.14375 0.11875