5 0.027083333333333334 0.6473958333333333 0.05416666666666667 0.09895833333333333
5 0.0578125 0.6453125 0.09166666666666666 0.09375
15 0.3890625 0.5828125 0.10729166666666666 0.1125
3 0.503125 0.3302083333333333 0.09270833333333334 0.058333333333333334
4 0.8213541666666667 0.3494791666666667 0.09270833333333334 0.04895833333333333
6 0.5109375 0.42552083333333335 0.11354166666666667 0.03958333333333333
5 0.621875 0.43125 0.08020833333333334 0.0375
1 0.6921875 0.4328125 0.058333333333333334 0.03333333333333333
9 0.7765625 0.4453125 0.109375 0.023958333333333335
21 0.4947916666666667 0.5145833333333333 0.07604166666666666 0.06041666666666667
11 0.6197916666666666 0.5322916666666667 0.11666666666666667 0.03958333333333333
14 0.6682291666666667 0.5307291666666667 0.0375 0.020833333333333332
14 0.7036458333333333 0.5328125 0.034375 0.023958333333333335
17 0.7442708333333333 0.528125 0.06354166666666666 0.051041666666666666
2 0.83125 0.5494791666666666 0.08645833333333333 0.03333333333333333
2 0.5630208333333333 0.6145833333333334 0.121875 0.03854166666666667
8 0.7619791666666667 0.61875 0.15833333333333333 0.052083333333333336
0 0.59375 0.6921875 0.06875 0.04583333333333333
0 0.5177083333333333 0.6927083333333334 0.06979166666666667 0.03958333333333333
13 0.7708333333333334 0.4109375 0.16979166666666667 0.06666666666666667
17 0.14427083333333332 0.490625 0.090625 0.08229166666666667
7 0.8057291666666667 0.7098958333333333 0.06458333333333334 0.029166666666666667
7 0.71875 0.6911458333333333 0.10520833333333333 0.05625
0 0.5442708333333334 0.6713541666666667 0.0625 0.0375
7 0.5588541666666667 0.5359375 0.08229166666666667 0.022916666666666665
7 0.6526041666666667 0.35104166666666664 0.171875 0.03229166666666667