0 0.746875 0.18177083333333333 0.178125 0.115625
7 0.8953125 0.20729166666666668 0.16354166666666667 0.040625
21 0.3338541666666667 0.19114583333333332 0.21458333333333332 0.17604166666666668
3 0.13697916666666668 0.21822916666666667 0.23541666666666666 0.15208333333333332
9 0.8416666666666667 0.3776041666666667 0.20416666666666666 0.08645833333333333
14 0.6739583333333333 0.40208333333333335 0.10625 0.06770833333333333
14 0.7083333333333334 0.390625 0.06979166666666667 0.052083333333333336
17 0.4625 0.21979166666666666 0.08854166666666667 0.08125
7 0.6067708333333334 0.23645833333333333 0.13333333333333333 0.030208333333333334
1 0.4953125 0.41354166666666664 0.12708333333333333 0.08541666666666667
6 0.334375 0.4171875 0.234375 0.12291666666666666
5 0.17552083333333332 0.35260416666666666 0.103125 0.11979166666666667
5 0.15052083333333333 0.40729166666666666 0.16041666666666668 0.09166666666666666
5 0.14270833333333333 0.4661458333333333 0.16145833333333334 0.05
11 0.4822916666666667 0.38125 0.35104166666666664 0.14479166666666668
7 0.8255208333333334 0.5479166666666667 0.17395833333333333 0.12604166666666666
8 0.6171875 0.5432291666666667 0.21875 0.07708333333333334
8 0.6447916666666667 0.5885416666666666 0.20625 0.07083333333333333
4 0.4609375 0.5729166666666666 0.14791666666666667 0.1
2 0.365625 0.5984375 0.2 0.134375
20 0.30885416666666665 0.6270833333333333 0.11458333333333333 0.07395833333333333
20 0.1953125 0.6421875 0.11979166666666667 0.06979166666666667
20 0.22552083333333334 0.5973958333333333 0.11458333333333333 0.05625
18 0.5536458333333333 0.725 0.22916666666666666 0.15833333333333333
18 0.690625 0.740625 0.10729166666666666 0.06979166666666667
18 0.3848958333333333 0.7760416666666666 0.11666666666666667 0.07708333333333334
18 0.26979166666666665 0.7838541666666666 0.115625 0.07395833333333333
18 0.4270833333333333 0.7322916666666667 0.08854166666666667 0.052083333333333336
13 0.7046875 0.834375 0.28854166666666664 0.12395833333333334