18 0.15885416666666666 0.26614583333333336 0.11927083333333334 0.08072916666666667
5 0.33125 0.2947916666666667 0.078125 0.013541666666666667
10 0.38229166666666664 0.2760416666666667 0.071875 0.042708333333333334
4 0.4609375 0.271875 0.09114583333333333 0.046875
20 0.6052083333333333 0.271875 0.06666666666666667 0.029166666666666667
20 0.6729166666666667 0.26927083333333335 0.065625 0.027083333333333334
11 0.33489583333333334 0.3734375 0.1015625 0.03854166666666667
13 0.4890625 0.3484375 0.19739583333333333 0.06927083333333334
5 0.6776041666666667 0.3703125 0.0921875 0.021354166666666667
21 0.2609375 0.4296875 0.10208333333333333 0.05364583333333333
7 0.3890625 0.440625 0.10885416666666667 0.08020833333333334
1 0.39895833333333336 0.48333333333333334 0.06041666666666667 0.033854166666666664
2 0.69375 0.45729166666666665 0.06666666666666667 0.0484375
17 0.5046875 0.45416666666666666 0.06197916666666667 0.03802083333333333
8 0.5927083333333333 0.4625 0.13958333333333334 0.028645833333333332
6 0.43385416666666665 0.578125 0.16041666666666668 0.033854166666666664
9 0.4140625 0.665625 0.08958333333333333 0.023958333333333335
15 0.30416666666666664 0.7942708333333334 0.12083333333333333 0.13125
5 0.4713541666666667 0.48125 0.071875 0.0328125
17 0.3380208333333333 0.47552083333333334 0.041666666666666664 0.0515625
7 0.4708333333333333 0.6479166666666667 0.0609375 0.0265625
7 0.6270833333333333 0.6447916666666667 0.13541666666666666 0.03802083333333333