8 0.14895833333333333 0.221875 0.221875 0.09270833333333334
2 0.5864583333333333 0.2015625 0.215625 0.051041666666666666
4 0.7713541666666667 0.146875 0.18854166666666666 0.11875
6 0.184375 0.37604166666666666 0.18645833333333334 0.06979166666666667
21 0.3223958333333333 0.32864583333333336 0.13854166666666667 0.07083333333333333
14 0.3484375 0.36614583333333334 0.1 0.05625
1 0.4166666666666667 0.35572916666666665 0.08645833333333333 0.06041666666666667
3 0.5333333333333333 0.325 0.17604166666666668 0.115625
15 0.6192708333333333 0.30416666666666664 0.13125 0.128125
9 0.6958333333333333 0.3333333333333333 0.12708333333333333 0.06041666666666667
5 0.7598958333333333 0.2552083333333333 0.1 0.103125
5 0.8020833333333334 0.2921875 0.14270833333333333 0.07395833333333333
5 0.8244791666666667 0.33541666666666664 0.140625 0.03854166666666667
8 0.2203125 0.5666666666666667 0.18333333333333332 0.08125
20 0.3651041666666667 0.5619791666666667 0.1 0.0625
20 0.43802083333333336 0.5473958333333333 0.06875 0.057291666666666664
0 0.5296875 0.540625 0.10208333333333333 0.07083333333333333
0 0.4921875 0.509375 0.10104166666666667 0.036458333333333336
0 0.5973958333333333 0.5229166666666667 0.12604166666666666 0.07604166666666666
13 0.325 0.6875 0.2677083333333333 0.15416666666666667
7 0.38697916666666665 0.20208333333333334 0.12083333333333333 0.034375
7 0.7541666666666667 0.51875 0.2 0.05416666666666667