4 0.3145833333333333 0.19427083333333334 0.21770833333333334 0.11145833333333334
9 0.0796875 0.25885416666666666 0.159375 0.059375
9 0.4828125 0.2109375 0.21770833333333334 0.052083333333333336
17 0.5427083333333333 0.15729166666666666 0.17708333333333334 0.096875
6 0.784375 0.13020833333333334 0.3885416666666667 0.14583333333333334
8 0.19375 0.39895833333333336 0.3302083333333333 0.090625
5 0.521875 0.425 0.15104166666666666 0.046875
5 0.8932291666666666 0.37604166666666666 0.20416666666666666 0.12291666666666666
21 0.3359375 0.6223958333333334 0.16145833333333334 0.13541666666666666
15 0.39375 0.5760416666666667 0.15208333333333332 0.14583333333333334
14 0.6755208333333333 0.6401041666666667 0.09270833333333334 0.059375
18 0.23177083333333334 0.8598958333333333 0.128125 0.08125
0 0.3703125 0.8625 0.15833333333333333 0.10416666666666667
0 0.51875 0.8677083333333333 0.14479166666666668 0.08333333333333333
0 0.6713541666666667 0.8692708333333333 0.16666666666666666 0.08854166666666667
2 0.5677083333333334 0.8104166666666667 0.30833333333333335 0.09791666666666667
1 0.28854166666666664 0.7984375 0.15208333333333332 0.09583333333333334
7 0.6854166666666667 0.690625 0.240625 0.07708333333333334
7 0.5151041666666667 0.6697916666666667 0.10833333333333334 0.05
2 0.8802083333333334 0.871875 0.07083333333333333 0.06354166666666666
3 0.2765625 0.9822916666666667 0.18645833333333334 0.035416666666666666
18 0.0328125 0.22864583333333333 0.065625 0.036458333333333336