15 0.8557291666666667 0.7739583333333333 0.12083333333333333 0.13020833333333334
16 0.6588541666666666 0.6697916666666667 0.121875 0.12395833333333334
5 0.7645833333333333 0.5848958333333333 0.125 0.052083333333333336
7 0.709375 0.5526041666666667 0.13958333333333334 0.06770833333333333
18 0.6557291666666667 0.5442708333333334 0.0625 0.041666666666666664
7 0.8416666666666667 0.4864583333333333 0.09583333333333334 0.028125
0 0.7182291666666667 0.4453125 0.096875 0.052083333333333336
0 0.6640625 0.4348958333333333 0.08645833333333333 0.052083333333333336
14 0.9432291666666667 0.28541666666666665 0.0875 0.04583333333333333
14 0.875 0.2875 0.071875 0.042708333333333334
18 0.5348958333333333 0.4609375 0.10729166666666666 0.04479166666666667
5 0.42552083333333335 0.453125 0.030208333333333334 0.04583333333333333
13 0.5151041666666667 0.5276041666666667 0.15 0.07916666666666666
3 0.29322916666666665 0.5411458333333333 0.103125 0.05
9 0.33645833333333336 0.4671875 0.0625 0.022916666666666665
6 0.28177083333333336 0.4625 0.04375 0.016666666666666666
11 0.31979166666666664 0.428125 0.065625 0.06666666666666667
17 0.4078125 0.44479166666666664 0.051041666666666666 0.04479166666666667
7 0.4895833333333333 0.37864583333333335 0.11666666666666667 0.016666666666666666
4 0.41875 0.34791666666666665 0.09166666666666666 0.046875
20 0.36770833333333336 0.3625 0.058333333333333334 0.03125
2 0.2604166666666667 0.36666666666666664 0.11770833333333333 0.022916666666666665
21 0.31302083333333336 0.3463541666666667 0.06979166666666667 0.053125