9 0.3484375 0.6442708333333333 0.11614583333333334 0.0453125
0 0.48333333333333334 0.6104166666666667 0.103125 0.0609375
14 0.6291666666666667 0.6453125 0.071875 0.03802083333333333
14 0.6786458333333333 0.6161458333333333 0.06614583333333333 0.03802083333333333
7 0.6604166666666667 0.5083333333333333 0.20989583333333334 0.049479166666666664
13 0.6958333333333333 0.440625 0.24166666666666667 0.1015625
15 0.4973958333333333 0.4671875 0.1125 0.11354166666666667
16 0.3255208333333333 0.4557291666666667 0.14322916666666666 0.14583333333333334
1 0.5390625 0.33697916666666666 0.09947916666666666 0.05364583333333333
4 0.7359375 0.31979166666666664 0.16197916666666667 0.08385416666666666
0 0.5932291666666667 0.328125 0.0890625 0.058854166666666666
8 0.4354166666666667 0.33645833333333336 0.15364583333333334 0.0453125
3 0.2911458333333333 0.3265625 0.13229166666666667 0.07864583333333333