5 0.8828125 0.47291666666666665 0.153125 0.051041666666666666
5 0.8109375 0.5828125 0.12083333333333333 0.08125
5 0.4005208333333333 0.46510416666666665 0.058333333333333334 0.01875
11 0.8755208333333333 0.2890625 0.228125 0.059375
11 0.7375 0.75625 0.11145833333333334 0.11875
11 0.6984375 0.7322916666666667 0.115625 0.12083333333333333
11 0.6541666666666667 0.515625 0.09166666666666666 0.10833333333333334
21 0.5786458333333333 0.6989583333333333 0.08854166666666667 0.08541666666666667
1 0.5885416666666666 0.29010416666666666 0.053125 0.03125
9 0.4817708333333333 0.2921875 0.078125 0.025
14 0.44583333333333336 0.284375 0.03958333333333333 0.019791666666666666
14 0.2755208333333333 0.3375 0.042708333333333334 0.026041666666666668
4 0.35885416666666664 0.26197916666666665 0.05520833333333333 0.034375
18 0.3765625 0.2713541666666667 0.05520833333333333 0.027083333333333334
18 0.31666666666666665 0.2598958333333333 0.057291666666666664 0.03229166666666667
18 0.38333333333333336 0.3515625 0.051041666666666666 0.03125
6 0.55625 0.3776041666666667 0.153125 0.03958333333333333
3 0.4505208333333333 0.3536458333333333 0.08020833333333334 0.051041666666666666
0 0.328125 0.33958333333333335 0.06041666666666667 0.036458333333333336
15 0.3265625 0.3140625 0.08020833333333334 0.05520833333333333
0 0.5276041666666667 0.4765625 0.06041666666666667 0.034375
18 0.5796875 0.48385416666666664 0.04791666666666667 0.029166666666666667
20 0.4578125 0.46822916666666664 0.057291666666666664 0.028125
2 0.5088541666666667 0.5515625 0.09270833333333334 0.035416666666666666
8 0.4036458333333333 0.5322916666666667 0.128125 0.04583333333333333
0 0.3098958333333333 0.515625 0.06145833333333333 0.03854166666666667
0 0.33229166666666665 0.6067708333333334 0.06354166666666666 0.03854166666666667
13 0.3416666666666667 0.43333333333333335 0.16145833333333334 0.06770833333333333
17 0.9036458333333334 0.6052083333333333 0.12083333333333333 0.084375
10 0.7203125 0.30104166666666665 0.04479166666666667 0.027083333333333334
7 0.24375 0.6036458333333333 0.065625 0.019791666666666666
7 0.4348958333333333 0.6286458333333333 0.109375 0.040625
18 0.49375 0.47239583333333335 0.026041666666666668 0.027083333333333334