5 0.23229166666666667 0.20104166666666667 0.1125 0.053125
2 0.4765625 0.23802083333333332 0.20104166666666667 0.019791666666666666
7 0.46510416666666665 0.24010416666666667 0.053125 0.0125
17 0.35625 0.22291666666666668 0.042708333333333334 0.05416666666666667
15 0.27291666666666664 0.3067708333333333 0.058333333333333334 0.078125
7 0.4625 0.3385416666666667 0.14166666666666666 0.015625
14 0.5598958333333334 0.32135416666666666 0.046875 0.028125
5 0.5213541666666667 0.30364583333333334 0.03958333333333333 0.040625
6 0.4359375 0.43333333333333335 0.06041666666666667 0.04583333333333333
21 0.5213541666666667 0.4203125 0.10729166666666666 0.051041666666666666
1 0.46041666666666664 0.5302083333333333 0.07291666666666667 0.034375
9 0.40520833333333334 0.5447916666666667 0.109375 0.026041666666666668
4 0.51875 0.5135416666666667 0.10208333333333333 0.059375
13 0.4119791666666667 0.6234375 0.09479166666666666 0.09270833333333334