9 0.18645833333333334 0.3182291666666667 0.21302083333333333 0.06302083333333333
11 0.8895833333333333 0.16458333333333333 0.22083333333333333 0.1078125
5 0.16979166666666667 0.07395833333333333 0.33958333333333335 0.08697916666666666
0 0.3958333333333333 0.28125 0.16927083333333334 0.09010416666666667
2 0.4734375 0.36614583333333334 0.159375 0.11510416666666666
6 0.571875 0.378125 0.35 0.1734375
21 0.8677083333333333 0.3546875 0.25 0.18072916666666666
1 0.9567708333333333 0.4161458333333333 0.0859375 0.08333333333333333
9 0.4322916666666667 0.5317708333333333 0.14010416666666667 0.08333333333333333
20 0.4765625 0.5057291666666667 0.09895833333333333 0.0578125
14 0.39375 0.45989583333333334 0.07291666666666667 0.0265625
0 0.596875 0.7036458333333333 0.14322916666666666 0.0703125
3 0.5520833333333334 0.7796875 0.2125 0.14739583333333334
5 0.321875 0.6609375 0.18802083333333333 0.08072916666666667
8 0.2552083333333333 0.765625 0.39479166666666665 0.18541666666666667
17 0.7890625 0.8 0.15416666666666667 0.12239583333333333
3 0.6390625 0.9161458333333333 0.22708333333333333 0.1453125
13 0.6296875 0.5494791666666666 0.24375 0.11927083333333334