15 0.8578125 0.5052083333333334 0.14791666666666667 0.13333333333333333
21 0.9151041666666667 0.6916666666666667 0.13854166666666667 0.11979166666666667
5 0.5494791666666666 0.30520833333333336 0.07916666666666666 0.059375
5 0.3229166666666667 0.2859375 0.05416666666666667 0.042708333333333334
20 0.47552083333333334 0.30364583333333334 0.059375 0.03229166666666667
20 0.3380208333333333 0.3796875 0.058333333333333334 0.029166666666666667
2 0.2869791666666667 0.32447916666666665 0.121875 0.042708333333333334
14 0.2869791666666667 0.3734375 0.04895833333333333 0.030208333333333334
14 0.23177083333333334 0.36770833333333336 0.046875 0.027083333333333334
0 0.46510416666666665 0.390625 0.07083333333333333 0.040625
0 0.38333333333333336 0.48489583333333336 0.06145833333333333 0.041666666666666664
1 0.4453125 0.496875 0.052083333333333336 0.03229166666666667
3 0.5390625 0.4984375 0.07291666666666667 0.04895833333333333
4 0.48854166666666665 0.490625 0.04583333333333333 0.0375
5 0.3229166666666667 0.4791666666666667 0.065625 0.03958333333333333
9 0.4890625 0.5932291666666667 0.08333333333333333 0.034375
6 0.23125 0.5494791666666666 0.10833333333333334 0.052083333333333336
11 0.8770833333333333 0.3338541666666667 0.24583333333333332 0.08645833333333333
11 0.7703125 0.8583333333333333 0.109375 0.146875
17 0.8255208333333334 0.6723958333333333 0.0875 0.09791666666666667
17 0.9473958333333333 0.5484375 0.10520833333333333 0.096875
10 0.6666666666666666 0.3307291666666667 0.057291666666666664 0.036458333333333336
13 0.36354166666666665 0.5526041666666667 0.17291666666666666 0.09583333333333334
7 0.2375 0.47552083333333334 0.12395833333333334 0.03125
7 0.23177083333333334 0.6380208333333334 0.058333333333333334 0.020833333333333332
8 0.42135416666666664 0.6526041666666667 0.12604166666666666 0.051041666666666666
11 0.7921875 0.47552083333333334 0.115625 0.15416666666666667
7 0.5536458333333333 0.4078125 0.09479166666666666 0.030208333333333334