10 0.20520833333333333 0.203125 0.28229166666666666 0.08541666666666667
5 0.32916666666666666 0.21927083333333333 0.11666666666666667 0.03333333333333333
20 0.43854166666666666 0.2046875 0.12604166666666666 0.06875
20 0.5588541666666667 0.21458333333333332 0.115625 0.06458333333333334
21 0.5265625 0.3458333333333333 0.13020833333333334 0.084375
5 0.3854166666666667 0.3458333333333333 0.140625 0.06979166666666667
2 0.27760416666666665 0.3765625 0.303125 0.07083333333333333
11 0.21979166666666666 0.5348958333333333 0.14583333333333334 0.07604166666666666
4 0.35625 0.5442708333333334 0.14791666666666667 0.09375
9 0.6817708333333333 0.825 0.22916666666666666 0.06145833333333333
3 0.3020833333333333 0.7557291666666667 0.18020833333333333 0.103125
13 0.5484375 0.5442708333333334 0.22604166666666667 0.115625
7 0.7911458333333333 0.40572916666666664 0.14479166666666668 0.03854166666666667
17 0.290625 0.3380208333333333 0.096875 0.065625