21 0.24635416666666668 0.6729166666666667 0.08177083333333333 0.0703125
17 0.228125 0.5359375 0.058333333333333334 0.05625
17 0.37083333333333335 0.5286458333333334 0.06197916666666667 0.050520833333333334
15 0.2421875 0.42916666666666664 0.09270833333333334 0.08541666666666667
0 0.6447916666666667 0.6276041666666666 0.0578125 0.03177083333333333
7 0.7182291666666667 0.6442708333333333 0.06354166666666666 0.018229166666666668
0 0.7015625 0.5609375 0.051041666666666666 0.030729166666666665
0 0.753125 0.5614583333333333 0.05677083333333333 0.03125
0 0.7052083333333333 0.5458333333333333 0.046875 0.009895833333333333
7 0.5505208333333333 0.625 0.10885416666666667 0.025520833333333333
18 0.653125 0.5578125 0.043229166666666666 0.027083333333333334
18 0.609375 0.5552083333333333 0.04635416666666667 0.024479166666666666
18 0.6223958333333334 0.5453125 0.034895833333333334 0.0125
18 0.5515625 0.5442708333333334 0.09479166666666666 0.0390625
3 0.5234375 0.47604166666666664 0.0640625 0.03697916666666667
8 0.5807291666666666 0.465625 0.075 0.019791666666666666
6 0.5963541666666666 0.48854166666666665 0.09010416666666667 0.0296875
9 0.6583333333333333 0.4901041666666667 0.043229166666666666 0.028645833333333332
1 0.75625 0.4984375 0.04739583333333333 0.027083333333333334
7 0.7916666666666666 0.4942708333333333 0.0640625 0.04010416666666667
5 0.7109375 0.48333333333333334 0.0609375 0.0328125
5 0.6994791666666667 0.5026041666666666 0.05416666666666667 0.015104166666666667
5 0.6854166666666667 0.4166666666666667 0.08385416666666666 0.016145833333333335
13 0.5885416666666666 0.38645833333333335 0.14947916666666666 0.06458333333333334
18 0.7755208333333333 0.37864583333333335 0.04895833333333333 0.023958333333333335
14 0.7536458333333333 0.4161458333333333 0.042708333333333334 0.020833333333333332
14 0.7947916666666667 0.4192708333333333 0.03854166666666667 0.021354166666666667
2 0.8192708333333333 0.3484375 0.08072916666666667 0.030208333333333334
20 0.6354166666666666 0.3328125 0.053125 0.022916666666666665
20 0.6979166666666666 0.33645833333333336 0.058333333333333334 0.024479166666666666