17 0.7135416666666666 0.20104166666666667 0.11354166666666667 0.08854166666666667
14 0.6114583333333333 0.21927083333333333 0.078125 0.040625
14 0.18854166666666666 0.1953125 0.07708333333333334 0.046875
1 0.3020833333333333 0.1953125 0.10208333333333333 0.06666666666666667
20 0.4171875 0.20416666666666666 0.10833333333333334 0.05416666666666667
5 0.515625 0.2234375 0.1125 0.028125
16 0.6177083333333333 0.3380208333333333 0.25416666666666665 0.08229166666666667
2 0.41770833333333335 0.36875 0.290625 0.03854166666666667
4 0.2859375 0.33645833333333336 0.14895833333333333 0.07708333333333334
20 0.553125 0.49583333333333335 0.08125 0.0375
3 0.41770833333333335 0.4791666666666667 0.115625 0.06458333333333334
21 0.49895833333333334 0.453125 0.10520833333333333 0.05520833333333333
5 0.3963541666666667 0.5234375 0.13333333333333333 0.03854166666666667
6 0.23802083333333332 0.5046875 0.16770833333333332 0.0375
13 0.2359375 0.4427083333333333 0.15520833333333334 0.08541666666666667
9 0.37083333333333335 0.7630208333333334 0.15520833333333334 0.08645833333333333
8 0.5135416666666667 0.7177083333333333 0.153125 0.0875