3 0.8307291666666666 0.16666666666666666 0.21979166666666666 0.14375
21 0.6338541666666667 0.16458333333333333 0.21145833333333333 0.16041666666666668
7 0.3671875 0.2296875 0.14166666666666666 0.040625
0 0.21354166666666666 0.1984375 0.171875 0.1125
0 0.12291666666666666 0.19322916666666667 0.075 0.08958333333333333
6 0.6630208333333333 0.3802083333333333 0.22395833333333334 0.12291666666666666
9 0.159375 0.396875 0.19479166666666667 0.07916666666666666
14 0.3296875 0.4078125 0.09895833333333333 0.057291666666666664
14 0.296875 0.39114583333333336 0.084375 0.046875
1 0.503125 0.39739583333333334 0.11145833333333334 0.07291666666666667
11 0.5083333333333333 0.3572916666666667 0.35 0.125
5 0.853125 0.40520833333333334 0.15520833333333334 0.04375
5 0.8380208333333333 0.3489583333333333 0.16041666666666668 0.07916666666666666
5 0.8078125 0.3 0.09895833333333333 0.10729166666666666
7 0.19895833333333332 0.5442708333333334 0.14479166666666668 0.13229166666666667
8 0.3927083333333333 0.5260416666666666 0.19583333333333333 0.057291666666666664
8 0.3848958333333333 0.5671875 0.19479166666666667 0.05625
4 0.5520833333333334 0.5307291666666667 0.12708333333333333 0.075
2 0.6510416666666666 0.5442708333333334 0.17604166666666668 0.11770833333333333
20 0.7078125 0.5661458333333333 0.10416666666666667 0.06145833333333333
20 0.8145833333333333 0.5640625 0.10833333333333334 0.058333333333333334
20 0.7776041666666667 0.5203125 0.10729166666666666 0.05
18 0.4901041666666667 0.6828125 0.209375 0.128125
18 0.36875 0.7114583333333333 0.09375 0.059375
18 0.6088541666666667 0.6682291666666667 0.07708333333333334 0.04583333333333333
18 0.6567708333333333 0.70625 0.10625 0.0625
18 0.7625 0.6984375 0.10208333333333333 0.06041666666666667
13 0.3302083333333333 0.846875 0.3 0.18333333333333332
7 0.06458333333333334 0.24427083333333333 0.12916666666666668 0.036458333333333336
17 0.490625 0.1875 0.08541666666666667 0.096875