3 0.3807291666666667 0.7140625 0.12395833333333334 0.08645833333333333
18 0.4203125 0.3296875 0.21666666666666667 0.05520833333333333
14 0.6125 0.20625 0.090625 0.0375
9 0.6223958333333334 0.3359375 0.140625 0.027083333333333334
1 0.28125 0.3307291666666667 0.07083333333333333 0.04375
9 0.328125 0.4791666666666667 0.053125 0.034375
6 0.5 0.4744791666666667 0.296875 0.04895833333333333
2 0.4557291666666667 0.4390625 0.21041666666666667 0.04375
20 0.7276041666666667 0.47760416666666666 0.08020833333333334 0.040625
21 0.030729166666666665 0.45729166666666665 0.06145833333333333 0.14791666666666667
7 0.6395833333333333 0.4484375 0.20208333333333334 0.0625
8 0.7088541666666667 0.7088541666666667 0.14270833333333333 0.09479166666666666