13 0.41875 0.19427083333333334 0.22916666666666666 0.11354166666666667
1 0.5614583333333333 0.2015625 0.115625 0.0625
15 0.6729166666666667 0.1796875 0.13854166666666667 0.09895833333333333
14 0.24375 0.29583333333333334 0.0640625 0.03229166666666667
14 0.33177083333333335 0.28020833333333334 0.0609375 0.030208333333333334
20 0.26875 0.39375 0.084375 0.04791666666666667
9 0.5130208333333334 0.35885416666666664 0.15416666666666667 0.04479166666666667
8 0.6369791666666667 0.325 0.13020833333333334 0.058333333333333334
5 0.8505208333333333 0.46875 0.11354166666666667 0.049479166666666664
3 0.5057291666666667 0.6598958333333333 0.13697916666666668 0.08645833333333333
2 0.4546875 0.5395833333333333 0.23020833333333332 0.0515625
0 0.6317708333333333 0.4890625 0.10260416666666666 0.059895833333333336
4 0.7291666666666666 0.4713541666666667 0.153125 0.084375
21 0.6291666666666667 0.44427083333333334 0.0828125 0.03697916666666667
7 0.5875 0.4484375 0.14635416666666667 0.12864583333333332
7 0.596875 0.7765625 0.10052083333333334 0.03802083333333333
7 0.8213541666666667 0.7328125 0.21510416666666668 0.0671875
7 0.73125 0.3234375 0.1234375 0.022395833333333334