18 0.30885416666666665 0.7838541666666666 0.3182291666666667 0.18229166666666666
7 0.18125 0.253125 0.240625 0.020833333333333332
15 0.428125 0.328125 0.1453125 0.12395833333333334
8 0.7197916666666667 0.3885416666666667 0.3765625 0.08854166666666667
17 0.9036458333333334 0.3546875 0.1046875 0.10260416666666666
5 0.48125 0.40260416666666665 0.13958333333333334 0.06770833333333333
5 0.34791666666666665 0.4109375 0.16302083333333334 0.04791666666666667
21 0.31875 0.5026041666666666 0.12447916666666667 0.065625
1 0.2635416666666667 0.5645833333333333 0.0828125 0.06041666666666667
3 0.34791666666666665 0.5697916666666667 0.16822916666666668 0.09479166666666666
7 0.45625 0.5583333333333333 0.13854166666666667 0.06510416666666667
20 0.5734375 0.5260416666666666 0.08802083333333334 0.028645833333333332
20 0.6203125 0.5 0.090625 0.0390625
13 0.80625 0.5208333333333334 0.24791666666666667 0.1296875
2 0.49895833333333334 0.8296875 0.1765625 0.13802083333333334
9 0.6473958333333333 0.8395833333333333 0.17291666666666666 0.09322916666666667
0 0.8276041666666667 0.8359375 0.16666666666666666 0.10520833333333333
0 0.8583333333333333 0.7880208333333333 0.13489583333333333 0.09895833333333333
6 0.7484375 0.7645833333333333 0.19114583333333332 0.13854166666666667