4 0.28072916666666664 0.33697916666666666 0.10885416666666667 0.0484375
2 0.3375 0.3489583333333333 0.17708333333333334 0.026041666666666668
9 0.496875 0.34479166666666666 0.11979166666666667 0.027083333333333334
17 0.6208333333333333 0.3098958333333333 0.08177083333333333 0.06927083333333334
20 0.7302083333333333 0.31875 0.084375 0.043229166666666666
20 0.4078125 0.4734375 0.075 0.03125
18 0.334375 0.4666666666666667 0.06302083333333333 0.020833333333333332
14 0.2947916666666667 0.48802083333333335 0.050520833333333334 0.029166666666666667
14 0.34322916666666664 0.4869791666666667 0.05572916666666667 0.0328125
1 0.49375 0.47552083333333334 0.09270833333333334 0.03958333333333333
21 0.44635416666666666 0.4359375 0.06979166666666667 0.05520833333333333
3 0.53125 0.44166666666666665 0.0953125 0.052083333333333336
15 0.6703125 0.434375 0.159375 0.04895833333333333
6 0.6473958333333333 0.5578125 0.2453125 0.04375
13 0.40208333333333335 0.5489583333333333 0.15885416666666666 0.05677083333333333
17 0.37447916666666664 0.19947916666666668 0.10572916666666667 0.07864583333333333
8 0.6328125 0.7119791666666667 0.1390625 0.06458333333333334
7 0.49270833333333336 0.5817708333333333 0.18854166666666666 0.058333333333333334