21 0.6375 0.33125 0.057291666666666664 0.0484375
3 0.7125 0.3265625 0.0859375 0.05520833333333333
14 0.4817708333333333 0.4317708333333333 0.033854166666666664 0.0234375
14 0.5119791666666667 0.43125 0.0390625 0.024479166666666666
5 0.7296875 0.4088541666666667 0.06666666666666667 0.017708333333333333
5 0.7432291666666667 0.4234375 0.06458333333333334 0.016666666666666666
1 0.5947916666666667 0.4244791666666667 0.051041666666666666 0.03177083333333333
9 0.4192708333333333 0.4276041666666667 0.0359375 0.017708333333333333
9 0.43802083333333336 0.4401041666666667 0.040625 0.016666666666666666
4 0.5911458333333334 0.5140625 0.046875 0.03958333333333333
2 0.6447916666666667 0.5088541666666667 0.06822916666666666 0.05572916666666667
20 0.6848958333333334 0.5192708333333333 0.04635416666666667 0.026041666666666668
20 0.7375 0.515625 0.05260416666666667 0.028125
18 0.5171875 0.6078125 0.05 0.030208333333333334
18 0.6713541666666667 0.5953125 0.0546875 0.03229166666666667
18 0.7265625 0.5916666666666667 0.053125 0.027604166666666666
8 0.5213541666666667 0.5 0.0953125 0.028645833333333332
8 0.5171875 0.528125 0.090625 0.027083333333333334
16 0.2734375 0.8479166666666667 0.1953125 0.12083333333333333
7 0.25677083333333334 0.6473958333333333 0.14895833333333333 0.10729166666666666
11 0.14270833333333333 0.6651041666666667 0.11666666666666667 0.12864583333333332
10 0.3265625 0.3645833333333333 0.049479166666666664 0.034375
17 0.12395833333333334 0.3536458333333333 0.1078125 0.075
18 0.5791666666666667 0.590625 0.121875 0.059375
6 0.66875 0.4265625 0.09010416666666667 0.021875
7 0.403125 0.3614583333333333 0.078125 0.0140625
0 0.4635416666666667 0.34270833333333334 0.078125 0.04114583333333333
17 0.5364583333333334 0.33229166666666665 0.043229166666666666 0.027083333333333334
5 0.7098958333333333 0.3802083333333333 0.05 0.04791666666666667
18 0.640625 0.5791666666666667 0.03802083333333333 0.022916666666666665
13 0.5104166666666666 0.6625 0.121875 0.0671875