17 0.28125 0.2046875 0.1125 0.08697916666666666
14 0.38385416666666666 0.22135416666666666 0.07708333333333334 0.03958333333333333
14 0.80625 0.19010416666666666 0.07604166666666666 0.0453125
1 0.6927083333333334 0.19166666666666668 0.10052083333333334 0.06510416666666667
20 0.5776041666666667 0.20260416666666667 0.1078125 0.05260416666666667
5 0.4796875 0.22395833333333334 0.1125 0.026041666666666668
16 0.3796875 0.34010416666666665 0.2526041666666667 0.07760416666666667
2 0.5802083333333333 0.3671875 0.29010416666666666 0.03333333333333333
4 0.7109375 0.3328125 0.14791666666666667 0.07447916666666667
20 0.446875 0.496875 0.08020833333333334 0.036458333333333336
3 0.5817708333333333 0.47760416666666666 0.11458333333333333 0.0625
21 0.5 0.453125 0.1046875 0.053125
5 0.6041666666666666 0.521875 0.13229166666666667 0.036458333333333336
6 0.7619791666666667 0.5 0.16666666666666666 0.034895833333333334
13 0.7630208333333334 0.43802083333333336 0.15416666666666667 0.08229166666666667
9 0.6338541666666667 0.7609375 0.15416666666666667 0.08385416666666666
8 0.4901041666666667 0.7177083333333333 0.15208333333333332 0.084375