0 0.7114583333333333 0.5104166666666666 0.09895833333333333 0.05625
0 0.5520833333333334 0.4890625 0.08958333333333333 0.052083333333333336
15 0.6453125 0.47760416666666666 0.11458333333333333 0.10520833333333333
17 0.115625 0.3078125 0.05416666666666667 0.05
17 0.4328125 0.40572916666666664 0.06875 0.04895833333333333
5 0.2833333333333333 0.33125 0.08541666666666667 0.014583333333333334
5 0.0828125 0.4088541666666667 0.09166666666666666 0.03125
21 0.3932291666666667 0.396875 0.07708333333333334 0.05416666666666667
14 0.3302083333333333 0.41302083333333334 0.04583333333333333 0.026041666666666668
2 0.23072916666666668 0.41822916666666665 0.17395833333333333 0.019791666666666666
1 0.2609375 0.4 0.07083333333333333 0.01875
4 0.1828125 0.3958333333333333 0.08229166666666667 0.03333333333333333
20 0.4265625 0.5239583333333333 0.05625 0.027083333333333334
20 0.3645833333333333 0.521875 0.05625 0.025
3 0.203125 0.49270833333333336 0.08020833333333334 0.04375
9 0.2760416666666667 0.5213541666666667 0.12604166666666666 0.03125
5 0.2994791666666667 0.49114583333333334 0.07708333333333334 0.01875
6 0.13802083333333334 0.5057291666666667 0.14270833333333333 0.035416666666666666
13 0.3984375 0.4828125 0.125 0.052083333333333336
8 0.3046875 0.5104166666666666 0.0875 0.01875