15 0.13020833333333334 0.7552083333333334 0.11458333333333333 0.12447916666666667
16 0.33229166666666665 0.6614583333333334 0.11614583333333334 0.11822916666666666
5 0.23125 0.5708333333333333 0.12291666666666666 0.0453125
7 0.28802083333333334 0.5416666666666666 0.13645833333333332 0.0609375
18 0.3421875 0.5359375 0.06041666666666667 0.0390625
7 0.159375 0.46875 0.09427083333333333 0.0234375
0 0.28489583333333335 0.43385416666666665 0.09479166666666666 0.046875
0 0.33958333333333335 0.4265625 0.08385416666666666 0.04739583333333333
14 0.06875 0.2625 0.0859375 0.041666666666666664
14 0.13645833333333332 0.2682291666666667 0.06979166666666667 0.03958333333333333
18 0.4671875 0.459375 0.10520833333333333 0.0390625
5 0.5765625 0.45729166666666665 0.027604166666666666 0.04479166666666667
13 0.48333333333333334 0.5265625 0.146875 0.071875
3 0.7041666666666667 0.5520833333333334 0.10052083333333334 0.0453125
9 0.6651041666666667 0.47604166666666664 0.06197916666666667 0.019270833333333334
6 0.7197916666666667 0.4739583333333333 0.043229166666666666 0.0140625
11 0.6838541666666667 0.4375 0.06197916666666667 0.06354166666666666
17 0.5947916666666667 0.44947916666666665 0.0484375 0.0421875
7 0.5166666666666667 0.37916666666666665 0.11614583333333334 0.010416666666666666
4 0.5890625 0.35260416666666666 0.0890625 0.042708333333333334
20 0.6390625 0.3697916666666667 0.057291666666666664 0.028645833333333332
2 0.7463541666666667 0.37916666666666665 0.11666666666666667 0.0171875
21 0.6947916666666667 0.35625 0.0671875 0.05