0 0.5270833333333333 0.3140625 0.06041666666666667 0.042708333333333334
2 0.6057291666666667 0.321875 0.096875 0.0375
0 0.6932291666666667 0.31875 0.078125 0.05
21 0.5729166666666666 0.39010416666666664 0.08958333333333333 0.06666666666666667
17 0.45677083333333335 0.38958333333333334 0.06875 0.051041666666666666
6 0.40520833333333334 0.39791666666666664 0.06770833333333333 0.040625
1 0.5182291666666666 0.39947916666666666 0.057291666666666664 0.03854166666666667
14 0.6411458333333333 0.4078125 0.046875 0.029166666666666667
0 0.453125 0.45729166666666665 0.06875 0.03958333333333333
20 0.515625 0.5046875 0.053125 0.030208333333333334
4 0.45260416666666664 0.49895833333333334 0.07395833333333333 0.04479166666666667
10 0.5484375 0.49583333333333335 0.13229166666666667 0.05416666666666667
18 0.5 0.584375 0.09583333333333334 0.040625
14 0.6729166666666667 0.6859375 0.041666666666666664 0.030208333333333334
11 0.1 0.4666666666666667 0.1625 0.19375
13 0.6458333333333334 0.3802083333333333 0.175 0.08333333333333333