15 0.7953125 0.4479166666666667 0.11666666666666667 0.09375
7 0.7869791666666667 0.49947916666666664 0.21354166666666666 0.05625
5 0.946875 0.5005208333333333 0.084375 0.06770833333333333
14 0.9494791666666667 0.5229166666666667 0.05 0.034375
6 0.8145833333333333 0.6244791666666667 0.14479166666666668 0.06666666666666667
9 0.5890625 0.7098958333333333 0.06979166666666667 0.0375
9 0.5255208333333333 0.6463541666666667 0.0875 0.03125
1 0.6578125 0.7223958333333333 0.06979166666666667 0.046875
4 0.746875 0.7458333333333333 0.121875 0.08020833333333334
13 0.4473958333333333 0.7671875 0.209375 0.14479166666666668
5 0.3619791666666667 0.2859375 0.103125 0.08333333333333333
2 0.903125 0.40208333333333335 0.19375 0.04375
5 0.6833333333333333 0.4588541666666667 0.0875 0.03958333333333333