5 0.6875 0.46510416666666665 0.06979166666666667 0.06770833333333333
21 0.3453125 0.3229166666666667 0.06666666666666667 0.0375
0 0.571875 0.32708333333333334 0.059375 0.036458333333333336
0 0.40260416666666665 0.3328125 0.05520833333333333 0.030208333333333334
9 0.5307291666666667 0.3390625 0.026041666666666668 0.016666666666666666
2 0.33958333333333335 0.346875 0.10833333333333334 0.020833333333333332
15 0.34791666666666665 0.39427083333333335 0.078125 0.07083333333333333
9 0.29791666666666666 0.42291666666666666 0.028125 0.0125
17 0.2625 0.4088541666666667 0.04583333333333333 0.046875
6 0.5625 0.4114583333333333 0.05520833333333333 0.017708333333333333
11 0.5520833333333334 0.396875 0.090625 0.030208333333333334
5 0.4817708333333333 0.4078125 0.09166666666666666 0.036458333333333336
2 0.3828125 0.5046875 0.12604166666666666 0.028125
17 0.34739583333333335 0.490625 0.052083333333333336 0.03854166666666667
14 0.2921875 0.5067708333333333 0.034375 0.020833333333333332
14 0.5171875 0.5 0.036458333333333336 0.022916666666666665
0 0.5416666666666666 0.6296875 0.058333333333333334 0.036458333333333336
5 0.6416666666666667 0.4625 0.051041666666666666 0.06145833333333333
6 0.4984375 0.5791666666666667 0.13333333333333333 0.022916666666666665
6 0.5755208333333334 0.5598958333333334 0.022916666666666665 0.03125
7 0.39427083333333335 0.6473958333333333 0.05416666666666667 0.013541666666666667
13 0.4479166666666667 0.5552083333333333 0.12916666666666668 0.07604166666666666
8 0.340625 0.5739583333333333 0.11458333333333333 0.041666666666666664