6 0.5604166666666667 0.5682291666666667 0.23020833333333332 0.08645833333333333
8 0.3458333333333333 0.5447916666666667 0.23645833333333333 0.08958333333333333
21 0.478125 0.4005208333333333 0.121875 0.084375
15 0.5786458333333333 0.4005208333333333 0.134375 0.11145833333333334
3 0.684375 0.43125 0.11979166666666667 0.08125
9 0.7703125 0.3104166666666667 0.14270833333333333 0.042708333333333334
18 0.6244791666666667 0.27760416666666665 0.096875 0.06041666666666667
1 0.5197916666666667 0.26614583333333336 0.090625 0.05416666666666667
14 0.45208333333333334 0.26666666666666666 0.071875 0.046875
14 0.37864583333333335 0.2598958333333333 0.078125 0.05
4 0.325 0.23802083333333332 0.15625 0.07708333333333334
7 0.3307291666666667 0.43072916666666666 0.203125 0.08125
13 0.6432291666666666 0.25052083333333336 0.23958333333333334 0.12916666666666668