18 0.30052083333333335 0.3802083333333333 0.25729166666666664 0.12291666666666666
7 0.4427083333333333 0.384375 0.078125 0.04375
11 0.4171875 0.7161458333333334 0.17083333333333334 0.19895833333333332
11 0.33125 0.803125 0.16145833333333334 0.16979166666666667
6 0.75625 0.4765625 0.16458333333333333 0.042708333333333334
7 0.6380208333333334 0.4984375 0.125 0.04583333333333333
8 0.59375 0.5875 0.11041666666666666 0.0625
9 0.6666666666666666 0.5859375 0.04895833333333333 0.021875
9 0.753125 0.5770833333333333 0.128125 0.035416666666666666
0 0.5046875 0.42239583333333336 0.08020833333333334 0.05
3 0.5630208333333333 0.4036458333333333 0.08854166666666667 0.051041666666666666
5 0.6208333333333333 0.41458333333333336 0.06770833333333333 0.026041666666666668
10 0.6677083333333333 0.4010416666666667 0.03854166666666667 0.029166666666666667
10 0.7291666666666666 0.3885416666666667 0.04479166666666667 0.027083333333333334
7 0.6041666666666666 0.3807291666666667 0.13333333333333333 0.058333333333333334
13 0.7151041666666667 0.3625 0.13229166666666667 0.07291666666666667
0 0.6369791666666667 0.27291666666666664 0.07916666666666666 0.05
2 0.5958333333333333 0.29583333333333334 0.058333333333333334 0.019791666666666666
15 0.4817708333333333 0.2755208333333333 0.11354166666666667 0.1
17 0.40989583333333335 0.1984375 0.08333333333333333 0.06458333333333334
14 0.4796875 0.20416666666666666 0.05416666666666667 0.030208333333333334
5 0.5411458333333333 0.20364583333333333 0.071875 0.027083333333333334
1 0.6057291666666667 0.18489583333333334 0.084375 0.04895833333333333
14 0.6557291666666667 0.184375 0.026041666666666668 0.013541666666666667
10 0.7369791666666666 0.16302083333333334 0.16979166666666667 0.08020833333333334
7 0.7229166666666667 0.27447916666666666 0.06145833333333333 0.01875
4 0.565625 0.2828125 0.075 0.05416666666666667