13 0.4375 0.6875 0.3703125 0.20520833333333333
6 0.25885416666666666 0.7036458333333333 0.27708333333333335 0.15520833333333334
8 0.6458333333333334 0.7609375 0.259375 0.13125
6 0.38645833333333335 0.5151041666666667 0.1765625 0.0390625
14 0.4890625 0.5208333333333334 0.07291666666666667 0.04010416666666667
14 0.584375 0.5 0.06770833333333333 0.0390625
17 0.746875 0.5234375 0.10885416666666667 0.08177083333333333
2 0.81875 0.5244791666666667 0.16927083333333334 0.16041666666666668
15 0.68125 0.32395833333333335 0.16041666666666668 0.16510416666666666
6 0.2203125 0.3723958333333333 0.06614583333333333 0.035416666666666666
5 0.3541666666666667 0.3619791666666667 0.20416666666666666 0.0671875
21 0.3177083333333333 0.3145833333333333 0.14322916666666666 0.07916666666666666
3 0.5255208333333333 0.3385416666666667 0.15729166666666666 0.08385416666666666
17 0.8651041666666667 0.35572916666666665 0.1109375 0.11510416666666666
9 0.8614583333333333 0.20416666666666666 0.15260416666666668 0.0375
2 0.6854166666666667 0.20572916666666666 0.24635416666666668 0.034895833333333334
0 0.6390625 0.17708333333333334 0.15208333333333332 0.08697916666666666
1 0.45625 0.1890625 0.1515625 0.07708333333333334
0 0.21927083333333333 0.19166666666666668 0.12291666666666666 0.07395833333333333
9 0.1921875 0.21458333333333332 0.0875 0.026041666666666668
9 0.2828125 0.209375 0.0875 0.036458333333333336
7 0.38125 0.5354166666666667 0.12291666666666666 0.022395833333333334
7 0.5333333333333333 0.5333333333333333 0.221875 0.0640625