5 0.3104166666666667 0.478125 0.065625 0.06302083333333333
21 0.6421875 0.3125 0.06458333333333334 0.0328125
0 0.4161458333333333 0.33229166666666665 0.057291666666666664 0.0328125
0 0.5854166666666667 0.3265625 0.05364583333333333 0.026041666666666668
9 0.4583333333333333 0.3416666666666667 0.025 0.015104166666666667
2 0.6494791666666667 0.3359375 0.10729166666666666 0.013020833333333334
15 0.6442708333333333 0.38385416666666666 0.0734375 0.065625
9 0.6963541666666667 0.4088541666666667 0.027083333333333334 0.010416666666666666
17 0.7307291666666667 0.3927083333333333 0.043229166666666666 0.04375
6 0.43125 0.4161458333333333 0.05416666666666667 0.013541666666666667
11 0.440625 0.4005208333333333 0.08958333333333333 0.023958333333333335
5 0.5119791666666667 0.40677083333333336 0.09010416666666667 0.030208333333333334
2 0.6171875 0.49635416666666665 0.12447916666666667 0.019791666666666666
17 0.6515625 0.48020833333333335 0.05 0.035416666666666666
14 0.7078125 0.4921875 0.0328125 0.018229166666666668
14 0.4828125 0.5010416666666667 0.035416666666666666 0.020833333333333332
0 0.46770833333333334 0.6322916666666667 0.05625 0.03229166666666667
5 0.35625 0.47239583333333335 0.04739583333333333 0.0578125
6 0.5072916666666667 0.5786458333333333 0.1328125 0.0140625
6 0.42864583333333334 0.5651041666666666 0.021354166666666667 0.0296875
7 0.615625 0.6395833333333333 0.053125 0.009375
13 0.5557291666666667 0.5515625 0.125 0.06770833333333333
8 0.6640625 0.5625 0.11197916666666667 0.033854166666666664