6 0.7666666666666667 0.6458333333333334 0.26979166666666665 0.11145833333333334
8 0.7526041666666666 0.7234375 0.23541666666666666 0.078125
0 0.484375 0.684375 0.12291666666666666 0.06875
18 0.36041666666666666 0.5234375 0.2760416666666667 0.090625
2 0.5770833333333333 0.49583333333333335 0.15729166666666666 0.06354166666666666
20 0.5083333333333333 0.475 0.071875 0.025
20 0.46458333333333335 0.46458333333333335 0.07604166666666666 0.035416666666666666
0 0.703125 0.47708333333333336 0.11354166666666667 0.06666666666666667
1 0.7625 0.46458333333333335 0.06458333333333334 0.04791666666666667
21 0.6979166666666666 0.42864583333333334 0.09791666666666667 0.05
7 0.5958333333333333 0.4864583333333333 0.10833333333333334 0.03125
3 0.49114583333333334 0.3333333333333333 0.14375 0.09479166666666666
5 0.6979166666666666 0.30104166666666665 0.16041666666666668 0.06458333333333334
5 0.6979166666666666 0.33645833333333336 0.12083333333333333 0.03958333333333333
17 0.46041666666666664 0.21041666666666667 0.109375 0.09166666666666666
13 0.4395833333333333 0.2947916666666667 0.253125 0.08958333333333333
15 0.5791666666666667 0.32916666666666666 0.08229166666666667 0.06041666666666667