17 0.3807291666666667 0.18177083333333333 0.115625 0.07708333333333334
2 0.4265625 0.328125 0.128125 0.0390625
9 0.5166666666666667 0.31197916666666664 0.07395833333333333 0.03125
6 0.6567708333333333 0.27395833333333336 0.15677083333333333 0.05677083333333333
21 0.5901041666666667 0.24895833333333334 0.10677083333333333 0.07135416666666666
20 0.6005208333333333 0.42552083333333335 0.050520833333333334 0.033854166666666664
9 0.65625 0.42604166666666665 0.08489583333333334 0.035416666666666666
4 0.8442708333333333 0.38177083333333334 0.09479166666666666 0.0671875
13 0.740625 0.378125 0.18541666666666667 0.090625
18 0.5463541666666667 0.43333333333333335 0.06145833333333333 0.035416666666666666
17 0.7380208333333333 0.22708333333333333 0.078125 0.08072916666666667
5 0.0796875 0.25416666666666665 0.159375 0.121875
7 0.7166666666666667 0.525 0.15885416666666666 0.057291666666666664
14 0.26197916666666665 0.48541666666666666 0.08125 0.0515625
8 0.8828125 0.6151041666666667 0.13802083333333334 0.06458333333333334