16 0.15052083333333333 0.8703125 0.16666666666666666 0.19114583333333332
9 0.4390625 0.3359375 0.07291666666666667 0.0171875
2 0.5848958333333333 0.4125 0.16041666666666668 0.018229166666666668
21 0.525 0.3890625 0.065625 0.040625
15 0.5078125 0.3859375 0.06197916666666667 0.06510416666666667
11 0.6578125 0.37135416666666665 0.049479166666666664 0.05520833333333333
12 0.7291666666666666 0.40260416666666665 0.03958333333333333 0.021354166666666667
17 0.684375 0.48854166666666665 0.057291666666666664 0.0453125
2 0.7010416666666667 0.45208333333333334 0.06927083333333334 0.0328125
9 0.7078125 0.459375 0.0578125 0.014583333333333334
6 0.5432291666666667 0.678125 0.15520833333333334 0.03333333333333333
13 0.5604166666666667 0.48072916666666665 0.19322916666666667 0.07135416666666666
5 0.25625 0.3140625 0.12708333333333333 0.0375
5 0.7651041666666667 0.38697916666666665 0.027604166666666666 0.04479166666666667
17 0.5708333333333333 0.315625 0.044270833333333336 0.04479166666666667
4 0.5041666666666667 0.5041666666666667 0.08385416666666666 0.0453125
7 0.48489583333333336 0.5276041666666667 0.0375 0.011979166666666667
8 0.6994791666666667 0.6557291666666667 0.11875 0.033854166666666664
1 0.6489583333333333 0.3927083333333333 0.036458333333333336 0.034895833333333334
7 0.7078125 0.38958333333333334 0.06458333333333334 0.03802083333333333
14 0.4739583333333333 0.334375 0.0265625 0.018229166666666668