11 0.9416666666666667 0.5161458333333333 0.10625 0.159375
15 0.865625 0.5229166666666667 0.11666666666666667 0.12083333333333333
11 0.728125 0.6328125 0.10729166666666666 0.11354166666666667
16 0.76875 0.8130208333333333 0.11145833333333334 0.18125
16 0.6947916666666667 0.803125 0.11145833333333334 0.15104166666666666
10 0.5302083333333333 0.36354166666666665 0.08645833333333333 0.03333333333333333
5 0.453125 0.36666666666666664 0.06666666666666667 0.015625
20 0.3921875 0.35572916666666665 0.058333333333333334 0.030208333333333334
20 0.3333333333333333 0.35625 0.05625 0.028125
17 0.5192708333333333 0.42916666666666664 0.057291666666666664 0.03125
2 0.47760416666666666 0.44947916666666665 0.17395833333333333 0.023958333333333335
5 0.4375 0.4270833333333333 0.09479166666666666 0.03333333333333333
21 0.38385416666666666 0.4192708333333333 0.06979166666666667 0.035416666666666666
11 0.5177083333333333 0.5416666666666666 0.07604166666666666 0.03854166666666667
4 0.44635416666666666 0.5359375 0.08333333333333333 0.04791666666666667
3 0.4265625 0.6182291666666667 0.07916666666666666 0.042708333333333334
9 0.25 0.6223958333333334 0.109375 0.022916666666666665
18 0.4947916666666667 0.6166666666666667 0.042708333333333334 0.026041666666666668
13 0.34270833333333334 0.5260416666666666 0.12708333333333333 0.05625
10 0.6432291666666666 0.3697916666666667 0.07708333333333334 0.025
11 0.5901041666666667 0.5984375 0.08020833333333334 0.10520833333333333
0 0.32916666666666666 0.6182291666666667 0.05416666666666667 0.034375
7 0.22864583333333333 0.440625 0.06875 0.015625