3 0.659375 0.37395833333333334 0.13177083333333334 0.078125
15 0.6755208333333333 0.35104166666666664 0.109375 0.10572916666666667
13 0.69375 0.23697916666666666 0.22447916666666667 0.09739583333333333
7 0.78125 0.2765625 0.05260416666666667 0.015104166666666667
21 0.5604166666666667 0.24322916666666666 0.1109375 0.065625
6 0.5078125 0.26979166666666665 0.13854166666666667 0.033854166666666664
11 0.2682291666666667 0.3536458333333333 0.1078125 0.11510416666666666
5 0.38958333333333334 0.38645833333333335 0.14479166666666668 0.0546875
7 0.5098958333333333 0.38697916666666665 0.19114583333333332 0.04895833333333333
4 0.5588541666666667 0.5135416666666667 0.12552083333333333 0.0671875
17 0.603125 0.4953125 0.06979166666666667 0.058333333333333334
17 0.41458333333333336 0.5020833333333333 0.06197916666666667 0.0625
2 0.309375 0.5005208333333333 0.11927083333333334 0.08177083333333333
7 0.3255208333333333 0.5463541666666667 0.14166666666666666 0.021875
5 0.3546875 0.625 0.1109375 0.0296875
5 0.3567708333333333 0.6494791666666667 0.1171875 0.03697916666666667
14 0.4635416666666667 0.6328125 0.0578125 0.030729166666666665
14 0.46822916666666664 0.6135416666666667 0.05572916666666667 0.021875
9 0.6364583333333333 0.6421875 0.16145833333333334 0.052083333333333336
7 0.5755208333333334 0.6348958333333333 0.07135416666666666 0.0421875
7 0.5942708333333333 0.7411458333333333 0.09270833333333334 0.041666666666666664
8 0.4046875 0.7364583333333333 0.20885416666666667 0.071875
1 0.6932291666666667 0.7296875 0.10208333333333333 0.043229166666666666