11 0.07916666666666666 0.48020833333333335 0.15833333333333333 0.22916666666666666
16 0.22447916666666667 0.8651041666666667 0.19270833333333334 0.17916666666666667
16 0.37395833333333334 0.7536458333333333 0.11354166666666667 0.16354166666666667
3 0.41510416666666666 0.29322916666666665 0.09375 0.06041666666666667
20 0.4864583333333333 0.2916666666666667 0.04479166666666667 0.017708333333333333
20 0.5145833333333333 0.2828125 0.05416666666666667 0.030208333333333334
0 0.6078125 0.28229166666666666 0.06666666666666667 0.03958333333333333
21 0.68125 0.2734375 0.07708333333333334 0.058333333333333334
15 0.46770833333333334 0.36354166666666665 0.08020833333333334 0.07083333333333333
1 0.3921875 0.39479166666666665 0.0625 0.03333333333333333
12 0.5046875 0.3890625 0.05416666666666667 0.03229166666666667
17 0.5890625 0.3692708333333333 0.053125 0.04895833333333333
2 0.503125 0.4973958333333333 0.115625 0.020833333333333332
5 0.6369791666666667 0.48333333333333334 0.08541666666666667 0.03125
13 0.5729166666666666 0.4552083333333333 0.15208333333333332 0.075
9 0.7255208333333333 0.4625 0.08958333333333333 0.052083333333333336
0 0.50625 0.5765625 0.07083333333333333 0.042708333333333334
14 0.5614583333333333 0.5666666666666667 0.041666666666666664 0.028125
14 0.5921875 0.5598958333333334 0.03958333333333333 0.020833333333333332
6 0.675 0.5651041666666666 0.21458333333333332 0.053125
11 0.2671875 0.6010416666666667 0.09479166666666666 0.12291666666666666
7 0.5442708333333334 0.6458333333333334 0.14270833333333333 0.036458333333333336
18 0.4473958333333333 0.5864583333333333 0.052083333333333336 0.03229166666666667
18 0.4265625 0.490625 0.040625 0.028125
18 0.49375 0.4796875 0.035416666666666666 0.023958333333333335
18 0.6708333333333333 0.4635416666666667 0.036458333333333336 0.020833333333333332
18 0.7395833333333334 0.46822916666666664 0.05416666666666667 0.030208333333333334
8 0.703125 0.3640625 0.10208333333333333 0.03333333333333333
17 0.3796875 0.3765625 0.057291666666666664 0.03229166666666667