9 0.396875 0.21979166666666666 0.14114583333333333 0.03125
9 0.21770833333333334 0.2171875 0.14947916666666666 0.034895833333333334
13 0.6864583333333333 0.15260416666666668 0.28020833333333334 0.11041666666666666
7 0.6630208333333333 0.41354166666666664 0.1359375 0.08020833333333334
1 0.7171875 0.4296875 0.07239583333333334 0.03802083333333333
6 0.6098958333333333 0.4739583333333333 0.15625 0.029166666666666667
6 0.6588541666666666 0.45 0.13125 0.0328125
15 0.4765625 0.45 0.12239583333333333 0.10572916666666667
20 0.4041666666666667 0.4786458333333333 0.06875 0.036458333333333336
14 0.365625 0.49114583333333334 0.05625 0.0328125
14 0.3104166666666667 0.5026041666666666 0.05677083333333333 0.03177083333333333
21 0.30833333333333335 0.46197916666666666 0.10416666666666667 0.06354166666666666
3 0.7411458333333333 0.5546875 0.11510416666666666 0.06614583333333333
4 0.5994791666666667 0.5666666666666667 0.12708333333333333 0.07447916666666667
5 0.47604166666666664 0.5625 0.09270833333333334 0.04375
8 0.484375 0.5994791666666667 0.12604166666666666 0.04114583333333333
5 0.39427083333333335 0.5723958333333333 0.0453125 0.03697916666666667