0 0.4859375 0.9661458333333334 0.1359375 0.06770833333333333
16 0.33541666666666664 0.390625 0.14635416666666667 0.13697916666666668
18 0.790625 0.5927083333333333 0.0765625 0.044270833333333336
7 0.8760416666666667 0.6911458333333333 0.1703125 0.058854166666666666
2 0.7651041666666667 0.48020833333333335 0.14895833333333333 0.03125
1 0.6447916666666667 0.4796875 0.084375 0.03802083333333333
14 0.6723958333333333 0.4630208333333333 0.050520833333333334 0.026041666666666668
3 0.8729166666666667 0.446875 0.07395833333333333 0.06145833333333333
6 0.8052083333333333 0.340625 0.16770833333333332 0.046875
13 0.6661458333333333 0.3140625 0.2109375 0.1
8 0.734375 0.203125 0.225 0.06614583333333333
21 0.8322916666666667 0.17708333333333334 0.06041666666666667 0.06510416666666667