5 0.1140625 0.12083333333333333 0.22760416666666666 0.1109375
5 0.25052083333333336 0.12708333333333333 0.3421875 0.07291666666666667
6 0.10572916666666667 0.5708333333333333 0.21145833333333333 0.17291666666666666
20 0.09114583333333333 0.453125 0.1234375 0.0546875
21 0.11822916666666666 0.5078125 0.15729166666666666 0.09114583333333333
18 0.1953125 0.4744791666666667 0.0734375 0.05625
18 0.26510416666666664 0.5026041666666666 0.08385416666666666 0.0578125
8 0.325 0.5692708333333333 0.3645833333333333 0.1265625
1 0.540625 0.5177083333333333 0.10885416666666667 0.09427083333333333
15 0.6114583333333333 0.43645833333333334 0.15260416666666668 0.13385416666666666
14 0.6489583333333333 0.5333333333333333 0.08958333333333333 0.05625
5 0.73125 0.5078125 0.13385416666666666 0.07708333333333334
17 0.8578125 0.49114583333333334 0.13645833333333332 0.1140625
4 0.2526041666666667 0.8203125 0.2203125 0.12708333333333333
6 0.35625 0.884375 0.325 0.07864583333333333
3 0.6348958333333333 0.734375 0.18541666666666667 0.11510416666666666
0 0.8453125 0.7666666666666667 0.15260416666666668 0.11979166666666667
2 0.7151041666666667 0.8072916666666666 0.38385416666666666 0.17135416666666667
7 0.75625 0.0890625 0.36875 0.071875
13 0.2526041666666667 0.050520833333333334 0.5052083333333334 0.10052083333333334