16 0.1859375 0.8239583333333333 0.171875 0.18229166666666666
16 0.359375 0.7182291666666667 0.1203125 0.16927083333333334
5 0.3541666666666667 0.4244791666666667 0.09427083333333333 0.06979166666666667
10 0.12239583333333333 0.2630208333333333 0.06822916666666666 0.043229166666666666
10 0.2328125 0.2598958333333333 0.07552083333333333 0.034895833333333334
8 0.5369791666666667 0.6447916666666667 0.1703125 0.0578125
18 0.46458333333333335 0.5458333333333333 0.058333333333333334 0.0328125
0 0.5265625 0.5364583333333334 0.07291666666666667 0.0421875
14 0.5848958333333333 0.5296875 0.043229166666666666 0.025
14 0.61875 0.5203125 0.040625 0.022395833333333334
6 0.7010416666666667 0.5265625 0.2296875 0.05625
18 0.5984375 0.428125 0.11875 0.05260416666666667
5 0.5229166666666667 0.4515625 0.06666666666666667 0.03177083333333333
2 0.4817708333333333 0.4583333333333333 0.059375 0.027083333333333334
13 0.4661458333333333 0.421875 0.14270833333333333 0.0828125
9 0.68125 0.4328125 0.059375 0.027604166666666666
4 0.7302083333333333 0.4161458333333333 0.090625 0.0484375
1 0.7666666666666667 0.3098958333333333 0.06770833333333333 0.030208333333333334
7 0.7645833333333333 0.3328125 0.115625 0.025520833333333333
20 0.5890625 0.32135416666666666 0.06145833333333333 0.016666666666666666
20 0.6364583333333333 0.3098958333333333 0.0625 0.030729166666666665
15 0.575 0.30833333333333335 0.0765625 0.08072916666666667
18 0.47708333333333336 0.34322916666666664 0.06666666666666667 0.033854166666666664
1 0.4078125 0.34375 0.08072916666666667 0.0375
17 0.39479166666666665 0.32760416666666664 0.06458333333333334 0.0375
3 0.4635416666666667 0.3151041666666667 0.07916666666666666 0.0375
21 0.49947916666666664 0.321875 0.07447916666666667 0.05677083333333333