11 0.07864583333333333 0.47291666666666665 0.15677083333333333 0.2265625
16 0.21822916666666667 0.8604166666666667 0.18958333333333333 0.17604166666666668
16 0.3697916666666667 0.7515625 0.11041666666666666 0.16197916666666667
3 0.41875 0.2916666666666667 0.09322916666666667 0.058333333333333334
20 0.4901041666666667 0.2916666666666667 0.04479166666666667 0.0171875
20 0.5182291666666666 0.2833333333333333 0.05364583333333333 0.0296875
0 0.6114583333333333 0.284375 0.06614583333333333 0.03854166666666667
21 0.6854166666666667 0.2765625 0.0765625 0.057291666666666664
15 0.4703125 0.36302083333333335 0.07864583333333333 0.06979166666666667
1 0.39427083333333335 0.3927083333333333 0.06197916666666667 0.03229166666666667
12 0.5067708333333333 0.3890625 0.05364583333333333 0.03125
17 0.5911458333333334 0.37083333333333335 0.052083333333333336 0.04791666666666667
2 0.503125 0.4973958333333333 0.115625 0.019270833333333334
5 0.6375 0.4859375 0.08489583333333334 0.0296875
13 0.5734375 0.45625 0.15104166666666666 0.07239583333333334
9 0.7260416666666667 0.4666666666666667 0.0890625 0.050520833333333334
0 0.5046875 0.5765625 0.06979166666666667 0.04114583333333333
14 0.5604166666666667 0.5677083333333334 0.041666666666666664 0.027083333333333334
14 0.5911458333333334 0.5614583333333333 0.03958333333333333 0.0203125
6 0.6739583333333333 0.5682291666666667 0.21354166666666666 0.049479166666666664
11 0.265625 0.596875 0.09270833333333334 0.12135416666666667
7 0.5416666666666666 0.6463541666666667 0.1421875 0.033854166666666664
18 0.44583333333333336 0.5854166666666667 0.0515625 0.03177083333333333
18 0.4265625 0.4895833333333333 0.04010416666666667 0.027604166666666666
18 0.4942708333333333 0.4796875 0.034895833333333334 0.0234375
18 0.6713541666666667 0.4666666666666667 0.036458333333333336 0.019791666666666666
18 0.7401041666666667 0.47239583333333335 0.05364583333333333 0.0296875
8 0.7052083333333333 0.36770833333333336 0.1015625 0.03125
17 0.38177083333333334 0.37447916666666664 0.05677083333333333 0.03125