18 0.640625 0.8015625 0.4583333333333333 0.17395833333333333
6 0.7260416666666667 0.39895833333333336 0.3260416666666667 0.07708333333333334
10 0.28229166666666666 0.4583333333333333 0.37916666666666665 0.1125
13 0.371875 0.403125 0.278125 0.13854166666666667
21 0.6291666666666667 0.20989583333333334 0.13645833333333332 0.09166666666666666
8 0.5854166666666667 0.22864583333333333 0.15625 0.053125
5 0.58125 0.2557291666666667 0.18854166666666666 0.05416666666666667
5 0.43697916666666664 0.2635416666666667 0.196875 0.0875
15 0.6375 0.3619791666666667 0.14583333333333334 0.071875
17 0.81875 0.33645833333333336 0.1125 0.090625
5 0.30625 0.6427083333333333 0.12083333333333333 0.06041666666666667
14 0.36041666666666666 0.5911458333333334 0.06666666666666667 0.03958333333333333
1 0.4109375 0.6135416666666667 0.09583333333333334 0.059375
2 0.5109375 0.596875 0.18541666666666667 0.05416666666666667
11 0.5510416666666667 0.56875 0.18125 0.07604166666666666
3 0.6432291666666666 0.5380208333333333 0.13645833333333332 0.084375
9 0.7369791666666666 0.5557291666666667 0.11875 0.065625
20 0.8197916666666667 0.5552083333333333 0.11979166666666667 0.04375
20 0.8604166666666667 0.5255208333333333 0.11666666666666667 0.06041666666666667