14 0.2703125 0.2875 0.04479166666666667 0.03229166666666667
14 0.31875 0.2859375 0.0734375 0.03697916666666667
1 0.3807291666666667 0.28072916666666664 0.06979166666666667 0.03854166666666667
21 0.3953125 0.25364583333333335 0.11197916666666667 0.04635416666666667
0 0.4739583333333333 0.26666666666666666 0.1046875 0.049479166666666664
20 0.5864583333333333 0.27760416666666665 0.0953125 0.0375
3 0.434375 0.3885416666666667 0.13333333333333333 0.05677083333333333
20 0.5604166666666667 0.40729166666666666 0.08385416666666666 0.036458333333333336
9 0.4796875 0.42552083333333335 0.14791666666666667 0.03229166666666667
2 0.30885416666666665 0.42864583333333334 0.1796875 0.028645833333333332
18 0.4484375 0.5057291666666667 0.13333333333333333 0.04479166666666667
13 0.659375 0.5328125 0.2125 0.09322916666666667
13 0.42239583333333336 0.5791666666666667 0.2453125 0.043229166666666666
6 0.4359375 0.8791666666666667 0.3098958333333333 0.0984375
11 0.04114583333333333 0.49322916666666666 0.08177083333333333 0.23489583333333333
11 0.052083333333333336 0.7104166666666667 0.10416666666666667 0.18125
16 0.0859375 0.9208333333333333 0.159375 0.15833333333333333
7 0.5234375 0.6614583333333334 0.15520833333333334 0.046875
8 0.41458333333333336 0.5489583333333333 0.15260416666666668 0.03697916666666667