18 0.265625 0.4515625 0.22760416666666666 0.11927083333333334
17 0.3984375 0.446875 0.0890625 0.075
13 0.5421875 0.46041666666666664 0.28541666666666665 0.11302083333333333
14 0.6822916666666666 0.4484375 0.04635416666666667 0.03333333333333333
1 0.2671875 0.3177083333333333 0.1125 0.059895833333333336
21 0.3802083333333333 0.296875 0.1421875 0.11510416666666666
15 0.6010416666666667 0.28125 0.15052083333333333 0.15989583333333332
7 0.7557291666666667 0.34322916666666664 0.18020833333333333 0.035416666666666666
0 0.6947916666666667 0.3015625 0.044270833333333336 0.0625
6 0.6786458333333333 0.14114583333333333 0.2677083333333333 0.090625
8 0.3015625 0.6583333333333333 0.2838541666666667 0.09479166666666666
3 0.5380208333333333 0.6578125 0.16614583333333333 0.08645833333333333
2 0.4984375 0.60625 0.27395833333333336 0.0578125
0 0.696875 0.6395833333333333 0.12239583333333333 0.07604166666666666
20 0.5979166666666667 0.7479166666666667 0.090625 0.040625
20 0.6864583333333333 0.7494791666666667 0.084375 0.0375
7 0.3692708333333333 0.7401041666666667 0.1875 0.03802083333333333