16 0.8130208333333333 0.2552083333333333 0.19583333333333333 0.13645833333333332
8 0.6083333333333333 0.30416666666666664 0.278125 0.11458333333333333
2 0.3614583333333333 0.36875 0.17708333333333334 0.053125
18 0.3484375 0.3385416666666667 0.08645833333333333 0.04375
18 0.22135416666666666 0.37447916666666664 0.1375 0.075
14 0.053125 0.4125 0.10625 0.06041666666666667
9 0.8411458333333334 0.4515625 0.16770833333333332 0.046875
6 0.628125 0.4796875 0.25 0.084375
17 0.625 0.4296875 0.10729166666666666 0.0625
3 0.4015625 0.48854166666666665 0.16770833333333332 0.09375
21 0.40989583333333335 0.45677083333333335 0.15625 0.10416666666666667
0 0.3203125 0.4875 0.08229166666666667 0.06979166666666667
17 0.1578125 0.5229166666666667 0.13020833333333334 0.096875
7 0.29791666666666666 0.5661458333333333 0.4 0.07916666666666666
7 0.546875 0.5494791666666666 0.23125 0.06666666666666667
15 0.8380208333333333 0.5869791666666667 0.18125 0.1
5 0.7791666666666667 0.6536458333333334 0.18645833333333334 0.075
20 0.6859375 0.6088541666666667 0.1 0.036458333333333336
20 0.6739583333333333 0.5776041666666667 0.09166666666666666 0.04583333333333333
14 0.46041666666666664 0.703125 0.08333333333333333 0.051041666666666666
9 0.33489583333333334 0.7255208333333333 0.18333333333333332 0.06770833333333333
1 0.290625 0.6921875 0.09270833333333334 0.06145833333333333
13 0.4822916666666667 0.64375 0.34270833333333334 0.13333333333333333
7 0.915625 0.8848958333333333 0.06770833333333333 0.03229166666666667
7 0.6411458333333333 0.9552083333333333 0.215625 0.0875