15 0.5380208333333333 0.35520833333333335 0.11145833333333334 0.10625
7 0.39166666666666666 0.41458333333333336 0.20416666666666666 0.023958333333333335
14 0.20364583333333333 0.38958333333333334 0.08541666666666667 0.04791666666666667
5 0.2421875 0.36875 0.09791666666666667 0.08645833333333333
5 0.6375 0.39739583333333334 0.08854166666666667 0.052083333333333336
17 0.30416666666666664 0.3619791666666667 0.04895833333333333 0.0625
7 0.375 0.2546875 0.075 0.016666666666666666
2 0.34270833333333334 0.2520833333333333 0.33229166666666665 0.034375
17 0.49270833333333336 0.23385416666666667 0.08020833333333334 0.07083333333333333
6 0.35 0.5541666666666667 0.15729166666666666 0.07604166666666666
21 0.20833333333333334 0.5421875 0.13333333333333333 0.08958333333333333
9 0.6567708333333333 0.6729166666666667 0.12083333333333333 0.053125
9 0.4973958333333333 0.7223958333333333 0.12291666666666666 0.042708333333333334
1 0.409375 0.7130208333333333 0.09479166666666666 0.059375
4 0.28489583333333335 0.6947916666666667 0.1625 0.103125
8 0.6401041666666667 0.7 0.16145833333333334 0.075
13 0.5739583333333333 0.8057291666666667 0.28125 0.11979166666666667