17 0.25364583333333335 0.5416666666666666 0.10729166666666666 0.096875
7 0.5015625 0.5921875 0.075 0.025
3 0.3489583333333333 0.5963541666666666 0.103125 0.06145833333333333
2 0.4895833333333333 0.4671875 0.18645833333333334 0.027083333333333334
0 0.39739583333333334 0.5010416666666667 0.08958333333333333 0.04895833333333333
0 0.4786458333333333 0.4979166666666667 0.071875 0.0375
0 0.5520833333333334 0.48854166666666665 0.07395833333333333 0.03854166666666667
1 0.3375 0.47604166666666664 0.06979166666666667 0.0375
18 0.31145833333333334 0.5109375 0.06666666666666667 0.040625
2 0.6458333333333334 0.4859375 0.034375 0.021875
14 0.528125 0.3848958333333333 0.04895833333333333 0.029166666666666667
7 0.44479166666666664 0.4041666666666667 0.059375 0.01875
7 0.5489583333333333 0.39947916666666666 0.09895833333333333 0.025
21 0.321875 0.38333333333333336 0.09583333333333334 0.071875
15 0.3234375 0.3619791666666667 0.09375 0.08541666666666667
8 0.4088541666666667 0.2421875 0.21354166666666666 0.06145833333333333
6 0.4947916666666667 0.2604166666666667 0.2760416666666667 0.05416666666666667
5 0.6666666666666666 0.24322916666666666 0.1125 0.04791666666666667
7 0.26927083333333335 0.28020833333333334 0.14895833333333333 0.04479166666666667
9 0.3109375 0.15833333333333333 0.08125 0.026041666666666668
9 0.5083333333333333 0.14947916666666666 0.21354166666666666 0.029166666666666667
18 0.5192708333333333 0.12916666666666668 0.075 0.023958333333333335
17 0.4390625 0.12447916666666667 0.08645833333333333 0.05625
4 0.23229166666666667 0.13697916666666668 0.14479166666666668 0.07708333333333334
7 0.5760416666666667 0.5692708333333333 0.12604166666666666 0.03958333333333333