15 0.12552083333333333 0.4973958333333333 0.11458333333333333 0.11145833333333334
11 0.04010416666666667 0.4828125 0.08020833333333334 0.14270833333333333
10 0.41041666666666665 0.37552083333333336 0.08645833333333333 0.0375
11 0.4630208333333333 0.6020833333333333 0.06979166666666667 0.109375
11 0.20208333333333334 0.7770833333333333 0.09791666666666667 0.165625
16 0.29583333333333334 0.7796875 0.096875 0.146875
14 0.9385416666666667 0.8442708333333333 0.06041666666666667 0.03854166666666667
18 0.8161458333333333 0.6802083333333333 0.08125 0.04791666666666667
20 0.8645833333333334 0.59375 0.06666666666666667 0.0375
4 0.8 0.5760416666666667 0.10729166666666666 0.058333333333333334
16 0.7197916666666667 0.5661458333333333 0.07708333333333334 0.046875
0 0.7645833333333333 0.5208333333333334 0.07291666666666667 0.041666666666666664
0 0.8322916666666667 0.5348958333333333 0.07916666666666666 0.04375
10 0.9447916666666667 0.5895833333333333 0.10729166666666666 0.06875
6 0.721875 0.4588541666666667 0.13333333333333333 0.04895833333333333
14 0.9541666666666667 0.48125 0.0625 0.035416666666666666
21 0.9015625 0.459375 0.10520833333333333 0.075
1 0.8401041666666667 0.4708333333333333 0.06145833333333333 0.040625
17 0.8234375 0.4588541666666667 0.06979166666666667 0.05520833333333333
2 0.9390625 0.3729166666666667 0.121875 0.03958333333333333
5 0.18020833333333333 0.3645833333333333 0.09895833333333333 0.03958333333333333
0 0.8359375 0.3671875 0.0875 0.046875
11 0.30104166666666665 0.6109375 0.065625 0.10520833333333333