9 0.6541666666666667 0.6416666666666667 0.11666666666666667 0.046875
0 0.51875 0.6098958333333333 0.10416666666666667 0.0625
14 0.3734375 0.6473958333333333 0.07291666666666667 0.03958333333333333
14 0.3234375 0.6192708333333333 0.06666666666666667 0.03958333333333333
7 0.33958333333333335 0.5109375 0.21041666666666667 0.053125
13 0.303125 0.44427083333333334 0.24375 0.10625
15 0.5020833333333333 0.4671875 0.11458333333333333 0.115625
16 0.6734375 0.45260416666666664 0.14583333333333334 0.14791666666666667
1 0.4583333333333333 0.3375 0.1 0.05520833333333333
4 0.2609375 0.32395833333333335 0.16354166666666667 0.08645833333333333
0 0.4036458333333333 0.3296875 0.08958333333333333 0.06041666666666667
8 0.5619791666666667 0.33541666666666664 0.15416666666666667 0.04791666666666667
3 0.7057291666666666 0.3229166666666667 0.13333333333333333 0.08125