17 0.253125 0.5375 0.10572916666666667 0.09479166666666666
7 0.5 0.5921875 0.075 0.023958333333333335
3 0.34739583333333335 0.59375 0.10260416666666666 0.059375
2 0.4901041666666667 0.4671875 0.18645833333333334 0.023958333333333335
0 0.39739583333333334 0.49947916666666664 0.0890625 0.04739583333333333
0 0.4786458333333333 0.4973958333333333 0.07135416666666666 0.036458333333333336
0 0.5520833333333334 0.4895833333333333 0.0734375 0.03697916666666667
1 0.3380208333333333 0.4734375 0.06927083333333334 0.0359375
18 0.31145833333333334 0.5078125 0.06614583333333333 0.03958333333333333
2 0.6458333333333334 0.48854166666666665 0.033854166666666664 0.020833333333333332
14 0.5302083333333333 0.3854166666666667 0.04895833333333333 0.028645833333333332
7 0.44635416666666666 0.403125 0.059375 0.017708333333333333
7 0.5505208333333333 0.4005208333333333 0.0984375 0.022916666666666665
21 0.32395833333333335 0.3802083333333333 0.09427083333333333 0.0703125
15 0.3260416666666667 0.35885416666666664 0.09270833333333334 0.08333333333333333
8 0.41354166666666664 0.240625 0.2125 0.057291666666666664
6 0.49895833333333334 0.2604166666666667 0.275 0.049479166666666664
5 0.6713541666666667 0.24635416666666668 0.11197916666666667 0.04583333333333333
7 0.27291666666666664 0.2760416666666667 0.1484375 0.042708333333333334
9 0.31666666666666665 0.15520833333333334 0.08125 0.025
9 0.5145833333333333 0.14947916666666666 0.21302083333333333 0.025
18 0.5255208333333333 0.1296875 0.07447916666666667 0.022916666666666665
17 0.44583333333333336 0.1234375 0.08541666666666667 0.0546875
4 0.23854166666666668 0.13229166666666667 0.14322916666666666 0.075
7 0.575 0.5708333333333333 0.12552083333333333 0.03697916666666667