13 0.5546875 0.2989583333333333 0.28072916666666664 0.17291666666666666
5 0.7921875 0.2520833333333333 0.18802083333333333 0.06614583333333333
5 0.8083333333333333 0.29010416666666666 0.2203125 0.06770833333333333
1 0.23645833333333333 0.6015625 0.15260416666666668 0.071875
6 0.471875 0.5682291666666667 0.28229166666666666 0.08177083333333333
17 0.38229166666666664 0.5333333333333333 0.15 0.08125
8 0.61875 0.4942708333333333 0.30572916666666666 0.07760416666666667
7 0.8463541666666666 0.4984375 0.26145833333333335 0.06302083333333333
0 0.8739583333333333 0.434375 0.1515625 0.0734375
20 0.50625 0.7151041666666667 0.10416666666666667 0.04791666666666667
20 0.37864583333333335 0.7401041666666667 0.10416666666666667 0.03802083333333333
2 0.4671875 0.8088541666666667 0.3145833333333333 0.10833333333333334
9 0.7630208333333334 0.6916666666666667 0.16770833333333332 0.07708333333333334
21 0.7239583333333334 0.628125 0.1484375 0.10520833333333333
3 0.9166666666666666 0.6182291666666667 0.16666666666666666 0.0984375
18 0.6494791666666667 0.8630208333333333 0.3848958333333333 0.12083333333333333