12 0.3885416666666667 0.3536458333333333 0.09166666666666666 0.07395833333333333
1 0.7364583333333333 0.35833333333333334 0.07291666666666667 0.058854166666666666
1 0.6848958333333334 0.3734375 0.06302083333333333 0.034895833333333334
0 0.2864583333333333 0.9536458333333333 0.07708333333333334 0.06354166666666666
0 0.43697916666666664 0.9390625 0.071875 0.0625
0 0.5125 0.9421875 0.07291666666666667 0.06354166666666666
0 0.49947916666666664 0.8901041666666667 0.0640625 0.044270833333333336
13 0.596875 0.5651041666666666 0.17135416666666667 0.11614583333333334
21 0.7484375 0.5713541666666667 0.14583333333333334 0.10729166666666666
6 0.7442708333333333 0.8947916666666667 0.128125 0.06458333333333334
18 0.359375 0.9447916666666667 0.0703125 0.06822916666666666
0 0.2942708333333333 0.8973958333333333 0.06302083333333333 0.04583333333333333
19 0.20885416666666667 0.4375 0.23541666666666666 0.08385416666666666
14 0.4515625 0.38177083333333334 0.07083333333333333 0.059895833333333336
14 0.4635416666666667 0.34270833333333334 0.05572916666666667 0.0234375
20 0.5614583333333333 0.40208333333333335 0.159375 0.16302083333333334