21 0.6911458333333333 0.4875 0.06666666666666667 0.06875
10 0.6239583333333333 0.540625 0.065625 0.051041666666666666
5 0.41458333333333336 0.4890625 0.07083333333333333 0.04895833333333333
5 0.38229166666666664 0.4822916666666667 0.05520833333333333 0.04583333333333333
5 0.40625 0.5192708333333333 0.06979166666666667 0.04375
5 0.4630208333333333 0.49583333333333335 0.05 0.03958333333333333
16 0.24270833333333333 0.6421875 0.103125 0.13125
14 0.5145833333333333 0.8057291666666667 0.03125 0.021875
14 0.5411458333333333 0.821875 0.023958333333333335 0.020833333333333332
14 0.5234375 0.825 0.020833333333333332 0.017708333333333333
0 0.5979166666666667 0.7515625 0.04583333333333333 0.03333333333333333
0 0.5640625 0.7661458333333333 0.04479166666666667 0.035416666666666666
9 0.5359375 0.7765625 0.08125 0.052083333333333336
14 0.6291666666666667 0.8682291666666667 0.036458333333333336 0.023958333333333335
7 0.6817708333333333 0.6010416666666667 0.06458333333333334 0.035416666666666666
7 0.6770833333333334 0.6171875 0.0625 0.023958333333333335
6 0.71875 0.925 0.08333333333333333 0.046875
12 0.5651041666666666 0.8125 0.03229166666666667 0.029166666666666667
12 0.5932291666666667 0.8213541666666667 0.03229166666666667 0.028125
12 0.6078125 0.8005208333333333 0.026041666666666668 0.015625