18 0.44895833333333335 0.17760416666666667 0.051041666666666666 0.03958333333333333
18 0.49322916666666666 0.18229166666666666 0.03854166666666667 0.036458333333333336
18 0.44114583333333335 0.2109375 0.05 0.04375
18 0.4859375 0.2109375 0.042708333333333334 0.041666666666666664
18 0.41875 0.2390625 0.03125 0.035416666666666666
18 0.46041666666666664 0.24322916666666666 0.04895833333333333 0.03958333333333333
4 0.4666666666666667 0.09427083333333333 0.07604166666666666 0.03229166666666667
4 0.21302083333333333 0.3645833333333333 0.103125 0.030208333333333334
4 0.2140625 0.390625 0.09583333333333334 0.028125
21 0.4666666666666667 0.45416666666666666 0.09791666666666667 0.09166666666666666
6 0.3359375 0.8354166666666667 0.159375 0.036458333333333336
3 0.29739583333333336 0.7041666666666667 0.05625 0.03125
20 0.3171875 0.73125 0.05416666666666667 0.034375
20 0.40989583333333335 0.7130208333333333 0.08229166666666667 0.05520833333333333