12 0.06145833333333333 0.13958333333333334 0.07083333333333333 0.04479166666666667
12 0.109375 0.1453125 0.04375 0.034375
10 0.2234375 0.4744791666666667 0.24479166666666666 0.10416666666666667
10 0.19739583333333333 0.546875 0.1875 0.05625
10 0.19479166666666667 0.5916666666666667 0.1875 0.057291666666666664
3 0.8223958333333333 0.49166666666666664 0.10729166666666666 0.065625
3 0.8166666666666667 0.55625 0.11458333333333333 0.07291666666666667
4 0.28802083333333334 0.140625 0.09583333333333334 0.04895833333333333
9 0.5942708333333333 0.15572916666666667 0.08125 0.03125
20 0.8760416666666667 0.1515625 0.08645833333333333 0.04791666666666667
20 0.8421875 0.334375 0.13125 0.18333333333333332