10 0.8411458333333334 0.29270833333333335 0.3125 0.17291666666666666
18 0.5296875 0.653125 0.06145833333333333 0.04375
18 0.2598958333333333 0.8255208333333334 0.20833333333333334 0.12708333333333333
5 0.084375 0.48385416666666664 0.109375 0.040625
5 0.11302083333333333 0.5432291666666667 0.11458333333333333 0.115625
18 0.40572916666666664 0.6390625 0.05416666666666667 0.03958333333333333
18 0.46145833333333336 0.6265625 0.057291666666666664 0.042708333333333334
18 0.5161458333333333 0.6244791666666667 0.051041666666666666 0.03333333333333333
18 0.40208333333333335 0.6786458333333333 0.052083333333333336 0.036458333333333336
18 0.33489583333333334 0.6895833333333333 0.0625 0.041666666666666664
0 0.534375 0.7270833333333333 0.07291666666666667 0.0625
0 0.465625 0.7869791666666667 0.07291666666666667 0.06770833333333333
0 0.5375 0.7729166666666667 0.06875 0.05
0 0.39739583333333334 0.7869791666666667 0.053125 0.04375
0 0.4265625 0.74375 0.06875 0.05
20 0.44166666666666665 0.3984375 0.029166666666666667 0.020833333333333332
15 0.7911458333333333 0.73125 0.058333333333333334 0.14583333333333334
16 0.7359375 0.69375 0.084375 0.175
11 0.7057291666666666 0.8822916666666667 0.0625 0.13958333333333334