10 0.6140625 0.3614583333333333 0.14270833333333333 0.0375
10 0.6161458333333333 0.384375 0.12916666666666668 0.035416666666666666
11 0.6057291666666667 0.4713541666666667 0.052083333333333336 0.052083333333333336
18 0.5765625 0.51875 0.03333333333333333 0.01875
18 0.60625 0.5119791666666667 0.035416666666666666 0.015625
0 0.5098958333333333 0.5166666666666667 0.030208333333333334 0.017708333333333333
0 0.5385416666666667 0.5192708333333333 0.029166666666666667 0.016666666666666666
0 0.5505208333333333 0.5072916666666667 0.03125 0.014583333333333334
12 0.6072916666666667 0.5244791666666667 0.030208333333333334 0.011458333333333333
9 0.4192708333333333 0.39791666666666664 0.065625 0.013541666666666667
9 0.4239583333333333 0.4046875 0.059375 0.0125
19 0.4244791666666667 0.4234375 0.06145833333333333 0.028125
15 0.49114583333333334 0.46822916666666664 0.028125 0.036458333333333336
9 0.34270833333333334 0.4973958333333333 0.20625 0.035416666666666666
21 0.37552083333333336 0.39479166666666665 0.04791666666666667 0.020833333333333332