13 0.415625 0.2515625 0.10260416666666666 0.109375
15 0.2875 0.24479166666666666 0.04635416666666667 0.1203125
0 0.4661458333333333 0.5307291666666667 0.040625 0.051041666666666666
0 0.4348958333333333 0.5817708333333333 0.03802083333333333 0.049479166666666664
0 0.47708333333333336 0.5859375 0.04375 0.0546875
19 0.39375 0.36354166666666665 0.08072916666666667 0.07447916666666667
3 0.5703125 0.196875 0.0703125 0.07239583333333334
3 0.625 0.20416666666666666 0.04479166666666667 0.06510416666666667
0 0.6864583333333333 0.74375 0.04010416666666667 0.050520833333333334
0 0.6484375 0.7427083333333333 0.03697916666666667 0.05416666666666667
12 0.6223958333333334 0.7010416666666667 0.04114583333333333 0.0515625
12 0.5890625 0.6875 0.029166666666666667 0.04010416666666667
14 0.5895833333333333 0.7333333333333333 0.027083333333333334 0.044270833333333336
14 0.6171875 0.7453125 0.025 0.04114583333333333
20 0.40625 0.7192708333333333 0.0359375 0.050520833333333334
20 0.36822916666666666 0.70625 0.0359375 0.04583333333333333
20 0.3307291666666667 0.7208333333333333 0.03958333333333333 0.0484375
20 0.4036458333333333 0.6739583333333333 0.033854166666666664 0.0359375
10 0.38385416666666666 0.8401041666666667 0.16458333333333333 0.0703125
17 0.058333333333333334 0.1515625 0.10520833333333333 0.234375
7 0.5770833333333333 0.8114583333333333 0.057291666666666664 0.0359375