2 0.8213541666666667 0.6729166666666667 0.22395833333333334 0.09166666666666666
10 0.83125 0.4942708333333333 0.16354166666666667 0.046875
16 0.7203125 0.6338541666666667 0.071875 0.09375
0 0.8052083333333333 0.9322916666666666 0.0625 0.042708333333333334
0 0.7447916666666666 0.9171875 0.06770833333333333 0.046875
3 0.5973958333333333 0.8854166666666666 0.07604166666666666 0.05416666666666667
0 0.6666666666666666 0.821875 0.05625 0.03125
12 0.6833333333333333 0.9109375 0.058333333333333334 0.0375
12 0.6567708333333333 0.8854166666666666 0.04791666666666667 0.036458333333333336
12 0.7036458333333333 0.8838541666666667 0.04895833333333333 0.030208333333333334
14 0.7958333333333333 0.9 0.046875 0.028125
16 0.14427083333333332 0.6625 0.20833333333333334 0.20625
15 0.165625 0.39375 0.16041666666666668 0.18541666666666667
5 0.6291666666666667 0.4713541666666667 0.115625 0.036458333333333336