16 0.37135416666666665 0.24479166666666666 0.2635416666666667 0.20729166666666668
16 0.5520833333333334 0.2390625 0.16145833333333334 0.17916666666666667
16 0.12239583333333333 0.22916666666666666 0.23229166666666667 0.203125
10 0.7875 0.4197916666666667 0.27291666666666664 0.1125
0 0.4708333333333333 0.44114583333333335 0.109375 0.051041666666666666
10 0.5630208333333333 0.39166666666666666 0.16145833333333334 0.052083333333333336
5 0.12760416666666666 0.35833333333333334 0.20208333333333334 0.027083333333333334
18 0.3541666666666667 0.4395833333333333 0.10520833333333333 0.04791666666666667
18 0.24635416666666668 0.5994791666666667 0.06354166666666666 0.03229166666666667
18 0.3098958333333333 0.5953125 0.06979166666666667 0.029166666666666667
18 0.3411458333333333 0.5817708333333333 0.07291666666666667 0.03125
18 0.1796875 0.5932291666666667 0.07083333333333333 0.034375
18 0.3651041666666667 0.5572916666666666 0.057291666666666664 0.026041666666666668