16 0.35572916666666665 0.5598958333333334 0.10625 0.1546875
12 0.16302083333333334 0.6359375 0.050520833333333334 0.0296875
10 0.35989583333333336 0.10520833333333333 0.08802083333333334 0.052083333333333336
10 0.36354166666666665 0.1484375 0.08333333333333333 0.043229166666666666
2 0.365625 0.425 0.08125 0.04791666666666667
6 0.11875 0.42916666666666664 0.13958333333333334 0.0375
6 0.10625 0.3921875 0.10625 0.036458333333333336
13 0.1046875 0.33229166666666665 0.11822916666666666 0.06770833333333333
1 0.27395833333333336 0.43697916666666664 0.050520833333333334 0.034895833333333334
1 0.3078125 0.4317708333333333 0.03697916666666667 0.03229166666666667
5 0.178125 0.09583333333333334 0.059375 0.03229166666666667