5 0.09427083333333333 0.4010416666666667 0.08541666666666667 0.029166666666666667
5 0.16875 0.42552083333333335 0.06354166666666666 0.020833333333333332
5 0.16927083333333334 0.39166666666666666 0.06875 0.046875
11 0.23802083333333332 0.6989583333333333 0.06041666666666667 0.15208333333333332
21 0.4671875 0.4583333333333333 0.06666666666666667 0.05520833333333333
19 0.628125 0.5703125 0.10833333333333334 0.026041666666666668
19 0.5067708333333333 0.5708333333333333 0.10104166666666667 0.019791666666666666
12 0.40677083333333336 0.7916666666666666 0.03958333333333333 0.029166666666666667
6 0.465625 0.75625 0.08125 0.05625
0 0.6067708333333334 0.7005208333333334 0.04375 0.029166666666666667
0 0.5536458333333333 0.6854166666666667 0.035416666666666666 0.03333333333333333
21 0.465625 0.40625 0.06875 0.05