11 0.24739583333333334 0.5046875 0.10208333333333333 0.11354166666666667
17 0.16354166666666667 0.5140625 0.11979166666666667 0.1125
21 0.453125 0.39010416666666664 0.05625 0.052083333333333336
10 0.40572916666666664 0.38385416666666666 0.052083333333333336 0.030208333333333334
10 0.403125 0.40260416666666665 0.059375 0.022916666666666665
14 0.4984375 0.5817708333333333 0.023958333333333335 0.016666666666666666
14 0.4671875 0.5677083333333334 0.021875 0.015625
14 0.4786458333333333 0.5817708333333333 0.016666666666666666 0.013541666666666667
6 0.5911458333333334 0.5729166666666666 0.09270833333333334 0.03333333333333333
16 0.759375 0.6234375 0.075 0.11770833333333333
7 0.4276041666666667 0.646875 0.057291666666666664 0.017708333333333333