11 0.24791666666666667 0.5135416666666667 0.0984375 0.10989583333333333
17 0.1640625 0.5260416666666666 0.11614583333333334 0.10833333333333334
21 0.44947916666666665 0.39166666666666666 0.05416666666666667 0.05
10 0.4015625 0.38697916666666665 0.0515625 0.028645833333333332
10 0.4 0.40625 0.058854166666666666 0.021354166666666667
14 0.5010416666666667 0.5817708333333333 0.022916666666666665 0.015625
14 0.46979166666666666 0.56875 0.021875 0.015104166666666667
14 0.48125 0.5822916666666667 0.016145833333333335 0.013020833333333334
6 0.59375 0.5697916666666667 0.09166666666666666 0.030208333333333334
16 0.7635416666666667 0.6140625 0.07083333333333333 0.11510416666666666
7 0.4328125 0.6494791666666667 0.057291666666666664 0.015625