16 0.8375 0.6885416666666667 0.17708333333333334 0.4942708333333333
11 0.521875 0.6140625 0.09166666666666666 0.2796875
10 0.5567708333333333 0.33645833333333336 0.13125 0.07447916666666667
20 0.33125 0.4744791666666667 0.04010416666666667 0.06041666666666667
19 0.20572916666666666 0.496875 0.058854166666666666 0.057291666666666664
12 0.39166666666666666 0.840625 0.0390625 0.05364583333333333
12 0.42864583333333334 0.8296875 0.03697916666666667 0.05260416666666667
14 0.2838541666666667 0.8848958333333333 0.03854166666666667 0.05
14 0.30885416666666665 0.8578125 0.025 0.036458333333333336
14 0.35833333333333334 0.8473958333333333 0.025 0.036458333333333336
20 0.12760416666666666 0.5119791666666667 0.10729166666666666 0.06875