16 0.846875 0.6708333333333333 0.203125 0.503125
11 0.5276041666666667 0.6130208333333333 0.10625 0.284375
10 0.5479166666666667 0.3338541666666667 0.13541666666666666 0.08125
20 0.3302083333333333 0.48333333333333334 0.042708333333333334 0.0625
19 0.20572916666666666 0.5125 0.06145833333333333 0.06041666666666667
12 0.40989583333333335 0.8458333333333333 0.041666666666666664 0.05520833333333333
12 0.44583333333333336 0.8328125 0.03958333333333333 0.05416666666666667
14 0.30416666666666664 0.8958333333333334 0.040625 0.052083333333333336
14 0.32760416666666664 0.8671875 0.027083333333333334 0.0375
14 0.3765625 0.8541666666666666 0.027083333333333334 0.0375
20 0.12864583333333332 0.53125 0.11041666666666666 0.07395833333333333