16 0.35052083333333334 0.38697916666666665 0.08802083333333334 0.18645833333333334
10 0.6890625 0.4661458333333333 0.07604166666666666 0.027604166666666666
10 0.6203125 0.5276041666666667 0.06041666666666667 0.0375
10 0.61875 0.553125 0.05260416666666667 0.0328125
10 0.69375 0.4947916666666667 0.0765625 0.029166666666666667
10 0.69375 0.5260416666666666 0.07239583333333334 0.03177083333333333
10 0.6979166666666666 0.5494791666666666 0.07083333333333333 0.03229166666666667
10 0.69375 0.5760416666666667 0.07239583333333334 0.029166666666666667
10 0.6864583333333333 0.5890625 0.0796875 0.06770833333333333
10 0.34010416666666665 0.5578125 0.10104166666666667 0.08645833333333333
18 0.6015625 0.6921875 0.1078125 0.10520833333333333
7 0.3515625 0.20416666666666666 0.04010416666666667 0.026041666666666668
7 0.35208333333333336 0.2359375 0.0390625 0.026041666666666668