6 0.6270833333333333 0.47708333333333336 0.128125 0.040625
5 0.5807291666666666 0.5703125 0.15625 0.06979166666666667
8 0.6453125 0.6109375 0.25 0.1
16 0.7427083333333333 0.8348958333333333 0.1 0.15104166666666666
16 0.7927083333333333 0.8614583333333333 0.1125 0.17604166666666668
2 0.7614583333333333 0.928125 0.19791666666666666 0.128125
14 0.3463541666666667 0.9265625 0.153125 0.09583333333333334
20 0.4921875 0.21770833333333334 0.15 0.058333333333333334
19 0.5729166666666666 0.43802083333333336 0.13541666666666666 0.07708333333333334
0 0.4083333333333333 0.4390625 0.17083333333333334 0.06666666666666667
7 0.42135416666666664 0.4515625 0.140625 0.065625
6 0.7484375 0.46875 0.12604166666666666 0.06979166666666667