6 0.34427083333333336 0.46822916666666664 0.18333333333333332 0.06197916666666667
5 0.728125 0.5927083333333333 0.17604166666666668 0.09895833333333333
14 0.7166666666666667 0.8729166666666667 0.05572916666666667 0.040625
0 0.60625 0.8817708333333333 0.10625 0.10364583333333334
20 0.40520833333333334 0.8833333333333333 0.18385416666666668 0.08072916666666667
14 0.8041666666666667 0.884375 0.08697916666666666 0.078125
0 0.7473958333333334 0.9088541666666666 0.09270833333333334 0.06458333333333334
8 0.7661458333333333 0.203125 0.21510416666666668 0.08385416666666666
4 0.35260416666666666 0.22395833333333334 0.13489583333333333 0.03958333333333333
19 0.3770833333333333 0.43697916666666664 0.12083333333333333 0.07291666666666667
7 0.5145833333333333 0.4515625 0.10833333333333334 0.05572916666666667