10 0.6911458333333333 0.384375 0.10729166666666666 0.052083333333333336
10 0.7880208333333333 0.38645833333333335 0.08958333333333333 0.046875
6 0.6869791666666667 0.5979166666666667 0.14895833333333333 0.036458333333333336
12 0.4078125 0.621875 0.052083333333333336 0.036458333333333336
12 0.4546875 0.6171875 0.042708333333333334 0.05
14 0.2864583333333333 0.6005208333333333 0.042708333333333334 0.03125
14 0.33229166666666665 0.603125 0.04583333333333333 0.03125
20 0.24010416666666667 0.384375 0.08645833333333333 0.03229166666666667
16 0.3333333333333333 0.4953125 0.075 0.11041666666666666
16 0.3921875 0.49375 0.06354166666666666 0.11041666666666666
16 0.4484375 0.496875 0.06979166666666667 0.1125
7 0.6697916666666667 0.7515625 0.0875 0.040625