21 0.4244791666666667 0.3421875 0.058854166666666666 0.036458333333333336
10 0.40260416666666665 0.41302083333333334 0.09322916666666667 0.036458333333333336
15 0.54375 0.35260416666666666 0.04635416666666667 0.058333333333333334
6 0.6151041666666667 0.5369791666666667 0.07864583333333333 0.027604166666666666
9 0.5494791666666666 0.534375 0.06041666666666667 0.028125
16 0.9244791666666666 0.6520833333333333 0.13385416666666666 0.10833333333333334
16 0.8453125 0.6328125 0.11041666666666666 0.11145833333333334
16 0.7833333333333333 0.6104166666666667 0.0984375 0.10416666666666667
17 0.10416666666666667 0.51875 0.08541666666666667 0.0921875
16 0.2484375 0.60625 0.0921875 0.11510416666666666
17 0.04375 0.5359375 0.0875 0.096875