17 0.14114583333333333 0.56875 0.0390625 0.11927083333333334
16 0.8375 0.7307291666666667 0.10729166666666666 0.2265625
4 0.490625 0.28802083333333334 0.050520833333333334 0.03802083333333333
19 0.49166666666666664 0.33541666666666664 0.0609375 0.04635416666666667
10 0.4703125 0.4239583333333333 0.07135416666666666 0.058333333333333334
21 0.3494791666666667 0.54375 0.053125 0.0765625
21 0.4010416666666667 0.5473958333333333 0.051041666666666666 0.07864583333333333
21 0.6661458333333333 0.3359375 0.057291666666666664 0.053125
11 0.26927083333333335 0.7171875 0.0359375 0.13020833333333334
17 0.2390625 0.7369791666666666 0.03229166666666667 0.12447916666666667
17 0.2140625 0.7526041666666666 0.04114583333333333 0.13385416666666666
10 0.34270833333333334 0.4296875 0.04114583333333333 0.0359375