7 0.26458333333333334 0.5083333333333333 0.065625 0.078125
7 0.25625 0.5098958333333333 0.115625 0.05572916666666667
18 0.3723958333333333 0.5671875 0.05625 0.036458333333333336
18 0.425 0.5640625 0.057291666666666664 0.0359375
18 0.46145833333333336 0.55625 0.03333333333333333 0.030208333333333334
0 0.3875 0.6041666666666666 0.059375 0.04375
0 0.44947916666666665 0.5947916666666667 0.065625 0.049479166666666664
15 0.7020833333333333 0.8197916666666667 0.09895833333333333 0.1859375
10 0.23385416666666667 0.796875 0.078125 0.0640625
10 0.2328125 0.8302083333333333 0.07916666666666666 0.05364583333333333
11 0.63125 0.765625 0.09947916666666666 0.07604166666666666
16 0.7661458333333333 0.33177083333333335 0.13802083333333334 0.128125
19 0.38645833333333335 0.3078125 0.1671875 0.033854166666666664
4 0.421875 0.37447916666666664 0.08958333333333333 0.021875
20 0.3390625 0.7744791666666667 0.0453125 0.028125
1 0.38958333333333334 0.7776041666666667 0.04895833333333333 0.025
20 0.45625 0.7630208333333334 0.035416666666666666 0.028125
20 0.40677083333333336 0.7692708333333333 0.03229166666666667 0.01875
20 0.3807291666666667 0.7578125 0.035416666666666666 0.0171875
5 0.6473958333333333 0.13802083333333334 0.11041666666666666 0.050520833333333334
5 0.7609375 0.12552083333333333 0.11979166666666667 0.059375
5 0.6536458333333334 0.17864583333333334 0.109375 0.043229166666666666
5 0.7677083333333333 0.16979166666666667 0.12083333333333333 0.04479166666666667