16 0.07291666666666667 0.6666666666666666 0.1453125 0.33125
16 0.5421875 0.35208333333333336 0.14791666666666667 0.0984375
21 0.6807291666666667 0.3536458333333333 0.128125 0.09375
10 0.6760416666666667 0.4953125 0.19635416666666666 0.06875
3 0.6640625 0.7713541666666667 0.121875 0.0703125
20 0.6609375 0.5958333333333333 0.14739583333333334 0.0703125
20 0.6567708333333333 0.6682291666666667 0.13333333333333333 0.0671875
20 0.8229166666666666 0.7020833333333333 0.22760416666666666 0.07291666666666667
7 0.5171875 0.6401041666666667 0.12916666666666668 0.0359375
17 0.28125 0.30833333333333335 0.07395833333333333 0.16145833333333334
8 0.8734375 0.5067708333333333 0.14791666666666667 0.052083333333333336