16 0.9442708333333333 0.15208333333333332 0.11145833333333334 0.2916666666666667
0 0.721875 0.13645833333333332 0.10729166666666666 0.08541666666666667
0 0.39479166666666665 0.253125 0.096875 0.071875
0 0.2786458333333333 0.2515625 0.078125 0.07395833333333333
0 0.18385416666666668 0.246875 0.10208333333333333 0.07916666666666666
0 0.15052083333333333 0.17708333333333334 0.109375 0.075
0 0.7088541666666667 0.3880208333333333 0.0875 0.06875
0 0.6166666666666667 0.384375 0.10416666666666667 0.07083333333333333
0 0.7473958333333334 0.4479166666666667 0.09375 0.07083333333333333
0 0.7755208333333333 0.3890625 0.06145833333333333 0.051041666666666666
0 0.7098958333333333 0.34791666666666665 0.08541666666666667 0.035416666666666666
0 0.6223958333333334 0.446875 0.096875 0.078125
0 0.7932291666666667 0.5671875 0.096875 0.058333333333333334
0 0.8776041666666666 0.5572916666666666 0.07604166666666666 0.06041666666666667
20 0.3729166666666667 0.4583333333333333 0.09479166666666666 0.06666666666666667
20 0.3296875 0.43020833333333336 0.090625 0.059375