21 0.5583333333333333 0.3958333333333333 0.08854166666666667 0.08854166666666667
10 0.45364583333333336 0.4328125 0.1375 0.084375
6 0.6041666666666666 0.76875 0.12604166666666666 0.06770833333333333
4 0.6119791666666666 0.6692708333333334 0.08125 0.05
20 0.6161458333333333 0.7119791666666667 0.07916666666666666 0.04375
3 0.6927083333333334 0.6546875 0.07083333333333333 0.05520833333333333
3 0.7166666666666667 0.9145833333333333 0.084375 0.053125
3 0.7885416666666667 0.9229166666666667 0.07083333333333333 0.03958333333333333
9 0.8395833333333333 0.9119791666666667 0.05416666666666667 0.06041666666666667
5 0.08802083333333334 0.6536458333333334 0.10520833333333333 0.13645833333333332
15 0.5135416666666667 0.5078125 0.06875 0.046875