21 0.7822916666666667 0.37552083333333336 0.09895833333333333 0.06770833333333333
10 0.8729166666666667 0.3885416666666667 0.1 0.046875
10 0.8567708333333334 0.42916666666666664 0.09166666666666666 0.042708333333333334
10 0.8442708333333333 0.4635416666666667 0.09583333333333334 0.04895833333333333
4 0.5322916666666667 0.43697916666666664 0.14583333333333334 0.052083333333333336
19 0.51875 0.4036458333333333 0.11041666666666666 0.057291666666666664
21 0.7682291666666666 0.4348958333333333 0.09375 0.0875
7 0.796875 0.66875 0.04479166666666667 0.051041666666666666
13 0.4708333333333333 0.8223958333333333 0.09479166666666666 0.08958333333333333
3 0.6760416666666667 0.8791666666666667 0.06875 0.059375
3 0.7557291666666667 0.8895833333333333 0.08020833333333334 0.06458333333333334
3 0.6609375 0.9020833333333333 0.06458333333333334 0.03854166666666667
6 0.534375 0.7895833333333333 0.09375 0.052083333333333336
9 0.5708333333333333 0.8364583333333333 0.04583333333333333 0.057291666666666664
9 0.5489583333333333 0.8588541666666667 0.07708333333333334 0.07395833333333333
0 0.4942708333333333 0.8901041666666667 0.05 0.036458333333333336
11 0.057291666666666664 0.6166666666666667 0.11458333333333333 0.15208333333333332
11 0.10364583333333334 0.6932291666666667 0.11875 0.15