15 0.6869791666666667 0.5583333333333333 0.090625 0.13125
21 0.3302083333333333 0.13125 0.09375 0.096875
21 0.5713541666666667 0.17083333333333334 0.09479166666666666 0.0875
16 0.32447916666666665 0.3229166666666667 0.12291666666666666 0.15833333333333333
16 0.21145833333333333 0.3098958333333333 0.13020833333333334 0.1625
12 0.5505208333333333 0.48125 0.036458333333333336 0.023958333333333335
12 0.5953125 0.484375 0.034375 0.021875
7 0.384375 0.7854166666666667 0.09166666666666666 0.08125
7 0.48020833333333335 0.7786458333333334 0.12395833333333334 0.10416666666666667
2 0.3390625 0.209375 0.18333333333333332 0.07291666666666667
2 0.5 0.23020833333333332 0.1875 0.07395833333333333