10 0.2791666666666667 0.3151041666666667 0.22916666666666666 0.11458333333333333
1 0.44583333333333336 0.35208333333333336 0.103125 0.07239583333333334
1 0.5421875 0.35104166666666664 0.07760416666666667 0.06302083333333333
3 0.4640625 0.209375 0.08489583333333334 0.05260416666666667
3 0.49375 0.2484375 0.06614583333333333 0.042708333333333334
3 0.584375 0.25052083333333336 0.10729166666666666 0.0484375
3 0.6380208333333334 0.22760416666666666 0.06197916666666667 0.07708333333333334
19 0.6666666666666666 0.315625 0.22916666666666666 0.11302083333333333
16 0.40572916666666664 0.4942708333333333 0.11979166666666667 0.13333333333333333
21 0.5333333333333333 0.5828125 0.140625 0.125
4 0.4317708333333333 0.057291666666666664 0.17083333333333334 0.1140625
20 0.6760416666666667 0.06614583333333333 0.090625 0.09479166666666666
12 0.6255208333333333 0.0296875 0.07864583333333333 0.05416666666666667
20 0.7447916666666666 0.09166666666666666 0.07916666666666666 0.06927083333333334
20 0.609375 0.09010416666666667 0.08385416666666666 0.06354166666666666
20 0.6140625 0.05364583333333333 0.05572916666666667 0.025
20 0.6901041666666666 0.024479166666666666 0.08229166666666667 0.04739583333333333
0 0.753125 0.04375 0.065625 0.040625
3 0.5567708333333333 0.21666666666666667 0.09895833333333333 0.03697916666666667
7 0.7203125 0.5817708333333333 0.078125 0.12135416666666667
7 0.6369791666666667 0.5864583333333333 0.06875 0.12395833333333334