11 0.7453125 0.6994791666666667 0.03802083333333333 0.14166666666666666
19 0.6479166666666667 0.5442708333333334 0.06302083333333333 0.058854166666666666
10 0.4328125 0.25364583333333335 0.044270833333333336 0.043229166666666666
15 0.5546875 0.46822916666666664 0.0421875 0.0671875
5 0.54375 0.7380208333333333 0.06875 0.071875
4 0.5791666666666667 0.5395833333333333 0.04791666666666667 0.034375
4 0.584375 0.578125 0.059895833333333336 0.0421875
5 0.8921875 0.21510416666666668 0.17604166666666668 0.12552083333333333
7 0.7276041666666667 0.2947916666666667 0.07239583333333334 0.10625
5 0.7375 0.19270833333333334 0.084375 0.10260416666666666
5 0.8348958333333333 0.08229166666666667 0.06510416666666667 0.05625
17 0.7848958333333333 0.6864583333333333 0.04375 0.08489583333333334