11 0.8760416666666667 0.453125 0.13020833333333334 0.17135416666666667
10 0.16822916666666668 0.31354166666666666 0.121875 0.07604166666666666
21 0.3307291666666667 0.440625 0.07447916666666667 0.07135416666666666
6 0.29375 0.46822916666666664 0.05416666666666667 0.023958333333333335
9 0.3885416666666667 0.44114583333333335 0.05677083333333333 0.046875
7 0.334375 0.32864583333333336 0.21354166666666666 0.03697916666666667
5 0.7359375 0.3614583333333333 0.059375 0.046875
5 0.42135416666666664 0.6229166666666667 0.052083333333333336 0.06510416666666667
5 0.4901041666666667 0.621875 0.05572916666666667 0.0609375
5 0.5354166666666667 0.6166666666666667 0.04739583333333333 0.06041666666666667
5 0.275 0.6567708333333333 0.044270833333333336 0.052083333333333336
5 0.19739583333333333 0.6723958333333333 0.050520833333333334 0.030729166666666665
5 0.20833333333333334 0.6416666666666667 0.0640625 0.041666666666666664
5 0.25052083333333336 0.6515625 0.03333333333333333 0.050520833333333334