20 0.59375 0.46510416666666665 0.153125 0.103125
1 0.5098958333333333 0.496875 0.06458333333333334 0.05
10 0.546875 0.30885416666666665 0.115625 0.06145833333333333
10 0.565625 0.3578125 0.115625 0.059375
0 0.4796875 0.6557291666666667 0.065625 0.04479166666666667
3 0.47239583333333335 0.7067708333333333 0.09895833333333333 0.08020833333333334
3 0.41770833333333335 0.6864583333333333 0.07395833333333333 0.06041666666666667
6 0.39791666666666664 0.7932291666666667 0.20208333333333334 0.08645833333333333
6 0.390625 0.8604166666666667 0.221875 0.09895833333333333
16 0.9260416666666667 0.8744791666666667 0.14791666666666667 0.190625
16 0.7713541666666667 0.81875 0.16770833333333332 0.29583333333333334
11 0.8395833333333333 0.8151041666666666 0.14479166666666668 0.128125
16 0.8473958333333333 0.8807291666666667 0.15 0.19270833333333334
5 0.7479166666666667 0.5140625 0.10208333333333333 0.09479166666666666
5 0.7130208333333333 0.5208333333333334 0.09479166666666666 0.10833333333333334
5 0.7510416666666667 0.5307291666666667 0.06666666666666667 0.07708333333333334
14 0.8505208333333333 0.30572916666666666 0.06979166666666667 0.078125
14 0.7953125 0.315625 0.06979166666666667 0.078125