20 0.5963541666666666 0.4734375 0.1453125 0.09114583333333333
1 0.5098958333333333 0.4979166666666667 0.0609375 0.0453125
10 0.5635416666666667 0.31354166666666666 0.11145833333333334 0.0515625
10 0.5776041666666667 0.3640625 0.11197916666666667 0.05
0 0.4661458333333333 0.653125 0.0625 0.03958333333333333
3 0.4546875 0.7036458333333333 0.09322916666666667 0.07239583333333334
3 0.4015625 0.6786458333333333 0.06927083333333334 0.0546875
6 0.3729166666666667 0.7833333333333333 0.196875 0.06979166666666667
6 0.359375 0.8494791666666667 0.215625 0.08020833333333334
16 0.9125 0.9119791666666667 0.175 0.17604166666666668
16 0.7427083333333333 0.8411458333333334 0.14322916666666666 0.284375
11 0.8109375 0.84375 0.13541666666666666 0.11666666666666667
16 0.8130208333333333 0.909375 0.134375 0.18125
5 0.7458333333333333 0.5354166666666667 0.09479166666666666 0.08697916666666666
5 0.7104166666666667 0.5395833333333333 0.08645833333333333 0.1015625
5 0.7473958333333334 0.5526041666666667 0.0609375 0.071875
14 0.8661458333333333 0.33697916666666666 0.0640625 0.07291666666666667
14 0.8104166666666667 0.3421875 0.0640625 0.07291666666666667