19 0.4510416666666667 0.31614583333333335 0.09895833333333333 0.06145833333333333
8 0.2708333333333333 0.3458333333333333 0.17291666666666666 0.042708333333333334
21 0.459375 0.4354166666666667 0.07291666666666667 0.06666666666666667
21 0.3890625 0.48125 0.06979166666666667 0.06770833333333333
15 0.3953125 0.4322916666666667 0.051041666666666666 0.042708333333333334
17 0.7302083333333333 0.4328125 0.10104166666666667 0.12395833333333334
17 0.6072916666666667 0.4109375 0.07916666666666666 0.103125
21 0.459375 0.48802083333333335 0.08125 0.07291666666666667
16 0.6869791666666667 0.6776041666666667 0.19479166666666667 0.21041666666666667
16 0.5739583333333333 0.6442708333333333 0.140625 0.18958333333333333
6 0.31354166666666666 0.8489583333333334 0.08541666666666667 0.046875
13 0.3489583333333333 0.7036458333333333 0.090625 0.040625
10 0.7411458333333333 0.18072916666666666 0.36041666666666666 0.09375
10 0.7713541666666667 0.11041666666666666 0.34375 0.11145833333333334