11 0.8026041666666667 0.6369791666666667 0.090625 0.1765625
20 0.27291666666666664 0.9130208333333333 0.06666666666666667 0.0484375
20 0.20520833333333333 0.8848958333333333 0.06458333333333334 0.043229166666666666
20 0.26614583333333336 0.8723958333333334 0.05677083333333333 0.0296875
20 0.20520833333333333 0.9317708333333333 0.053125 0.051041666666666666
20 0.2421875 0.9604166666666667 0.06510416666666667 0.059375
20 0.30885416666666665 0.9505208333333334 0.06041666666666667 0.049479166666666664
20 0.45677083333333335 0.75625 0.051041666666666666 0.0375
20 0.5239583333333333 0.753125 0.051041666666666666 0.041666666666666664
20 0.4869791666666667 0.778125 0.04479166666666667 0.03177083333333333
20 0.4953125 0.8171875 0.053125 0.04635416666666667
20 0.5479166666666667 0.8015625 0.0546875 0.04739583333333333
0 0.2598958333333333 0.7848958333333333 0.08697916666666666 0.06197916666666667
0 0.3260416666666667 0.7447916666666666 0.06875 0.0453125
0 0.3411458333333333 0.790625 0.07395833333333333 0.06458333333333334
0 0.37552083333333336 0.7442708333333333 0.052083333333333336 0.04114583333333333
0 0.3890625 0.784375 0.05677083333333333 0.04114583333333333
0 0.39166666666666666 0.8234375 0.07083333333333333 0.05
0 0.39895833333333336 0.8682291666666667 0.08333333333333333 0.06302083333333333
0 0.3953125 0.9270833333333334 0.0875 0.07135416666666666
9 0.6234375 0.8182291666666667 0.12135416666666667 0.12395833333333334
9 0.6552083333333333 0.8052083333333333 0.15520833333333334 0.153125
9 0.7161458333333334 0.8223958333333333 0.15260416666666668 0.14791666666666667
8 0.22291666666666668 0.29583333333333334 0.19010416666666666 0.05572916666666667
8 0.24322916666666666 0.34270833333333334 0.1671875 0.040625
10 0.34479166666666666 0.3260416666666667 0.10208333333333333 0.0515625
8 0.3734375 0.5802083333333333 0.2015625 0.08541666666666667
8 0.37395833333333334 0.6411458333333333 0.1484375 0.0375