10 0.6234375 0.46510416666666665 0.11458333333333333 0.06770833333333333
19 0.84375 0.590625 0.07291666666666667 0.05
15 0.37135416666666665 0.6052083333333333 0.06458333333333334 0.12291666666666666
5 0.396875 0.48385416666666664 0.11041666666666666 0.06875
5 0.7020833333333333 0.45208333333333334 0.059375 0.04791666666666667
11 0.11770833333333333 0.5947916666666667 0.07604166666666666 0.059375
18 0.6791666666666667 0.7953125 0.04895833333333333 0.041666666666666664
18 0.621875 0.790625 0.04583333333333333 0.03854166666666667
14 0.7192708333333333 0.8057291666666667 0.034375 0.030208333333333334
14 0.7161458333333334 0.7796875 0.03125 0.022916666666666665
12 0.6911458333333333 0.7661458333333333 0.03854166666666667 0.023958333333333335
12 0.6536458333333334 0.771875 0.036458333333333336 0.027083333333333334
7 0.7994791666666666 0.803125 0.0625 0.022916666666666665