21 0.33645833333333336 0.528125 0.06041666666666667 0.05625
4 0.24010416666666667 0.446875 0.09479166666666666 0.03229166666666667
21 0.3927083333333333 0.17864583333333334 0.075 0.07135416666666666
15 0.7114583333333333 0.11041666666666666 0.05572916666666667 0.07708333333333334
17 0.5713541666666667 0.38385416666666666 0.049479166666666664 0.0796875
17 0.5427083333333333 0.3807291666666667 0.03958333333333333 0.08177083333333333
17 0.7364583333333333 0.8145833333333333 0.07135416666666666 0.10989583333333333
11 0.665625 0.7760416666666666 0.057291666666666664 0.1
16 0.7348958333333333 0.6473958333333333 0.084375 0.1515625
5 0.2375 0.9177083333333333 0.07916666666666666 0.06875
10 0.13697916666666668 0.165625 0.11770833333333333 0.05625
21 0.3421875 0.19375 0.06510416666666667 0.07708333333333334
12 0.16822916666666668 0.2640625 0.04010416666666667 0.0203125
12 0.20677083333333332 0.26614583333333336 0.03333333333333333 0.018229166666666668
14 0.23125 0.7588541666666667 0.03697916666666667 0.028645833333333332
14 0.1984375 0.7614583333333333 0.03177083333333333 0.015625
12 0.17447916666666666 0.7973958333333333 0.05625 0.0328125
12 0.2520833333333333 0.7682291666666666 0.034375 0.03177083333333333
12 0.20989583333333334 0.7828125 0.0421875 0.028645833333333332
12 0.15885416666666666 0.7755208333333333 0.0375 0.022916666666666665
6 0.3932291666666667 0.7145833333333333 0.09322916666666667 0.03177083333333333