6 0.5270833333333333 0.5197916666666667 0.1015625 0.07239583333333334
6 0.42291666666666666 0.5119791666666667 0.050520833333333334 0.07395833333333333
8 0.6041666666666666 0.6244791666666667 0.10052083333333334 0.0375
9 0.6057291666666667 0.5338541666666666 0.12916666666666668 0.04114583333333333
9 0.6338541666666667 0.521875 0.1 0.035416666666666666
1 0.4979166666666667 0.34479166666666666 0.05260416666666667 0.03229166666666667
9 0.5442708333333334 0.3546875 0.05 0.075
1 0.4453125 0.3359375 0.0625 0.025520833333333333
1 0.37864583333333335 0.3390625 0.06458333333333334 0.027604166666666666
14 0.3723958333333333 0.36302083333333335 0.034895833333333334 0.021875
14 0.43385416666666665 0.37552083333333336 0.04791666666666667 0.022395833333333334
14 0.3953125 0.37083333333333335 0.03802083333333333 0.019270833333333334
14 0.4171875 0.35625 0.040625 0.019791666666666666
14 0.453125 0.36302083333333335 0.0359375 0.0203125
14 0.4859375 0.3671875 0.04010416666666667 0.020833333333333332
14 0.453125 0.3494791666666667 0.034375 0.014583333333333334
20 0.5625 0.215625 0.16041666666666668 0.09270833333333334
10 0.3260416666666667 0.0578125 0.1125 0.059895833333333336
5 0.9072916666666667 0.03697916666666667 0.18541666666666667 0.07395833333333333