11 0.03229166666666667 0.6859375 0.06458333333333334 0.17604166666666668
10 0.29322916666666665 0.5109375 0.09166666666666666 0.05
10 0.3828125 0.5057291666666667 0.07864583333333333 0.06666666666666667
0 0.29583333333333334 0.6041666666666666 0.041666666666666664 0.04114583333333333
0 0.30364583333333334 0.5697916666666667 0.040625 0.029166666666666667
0 0.346875 0.6026041666666667 0.04635416666666667 0.044270833333333336
0 0.3890625 0.6026041666666667 0.034895833333333334 0.0375
0 0.43333333333333335 0.5776041666666667 0.030729166666666665 0.0328125
18 0.39791666666666664 0.5776041666666667 0.0328125 0.0265625
0 0.3536458333333333 0.5739583333333333 0.035416666666666666 0.013020833333333334
0 0.3765625 0.5828125 0.03802083333333333 0.017708333333333333
18 0.396875 0.5666666666666667 0.041666666666666664 0.021875
6 0.590625 0.5765625 0.07291666666666667 0.0359375
6 0.6354166666666666 0.6208333333333333 0.12708333333333333 0.010416666666666666