3 0.20104166666666667 0.16041666666666668 0.15677083333333333 0.109375
12 0.2875 0.24166666666666667 0.15572916666666667 0.09270833333333334
10 0.121875 0.38333333333333336 0.22864583333333333 0.21458333333333332
10 0.1671875 0.44583333333333336 0.19322916666666667 0.20416666666666666
16 0.20885416666666667 0.6083333333333333 0.16666666666666666 0.20052083333333334
20 0.38229166666666664 0.1625 0.17552083333333332 0.1015625
14 0.29791666666666666 0.19479166666666667 0.08177083333333333 0.035416666666666666
7 0.8072916666666666 0.5036458333333333 0.0828125 0.10260416666666666
7 0.8848958333333333 0.5109375 0.10260416666666666 0.09166666666666666
7 0.9494791666666667 0.503125 0.10104166666666667 0.10416666666666667
4 0.9015625 0.39895833333333336 0.1921875 0.0921875