5 0.6739583333333333 0.35 0.0765625 0.06614583333333333
5 0.5979166666666667 0.34791666666666665 0.0765625 0.05260416666666667
5 0.6317708333333333 0.39375 0.08489583333333334 0.06614583333333333
17 0.771875 0.8515625 0.1203125 0.0984375
10 0.3098958333333333 0.31145833333333334 0.090625 0.06666666666666667
19 0.4359375 0.28802083333333334 0.13958333333333334 0.07135416666666666
9 0.44166666666666665 0.4875 0.10260416666666666 0.04791666666666667
21 0.34375 0.3932291666666667 0.078125 0.0671875
7 0.3234375 0.46041666666666664 0.05625 0.028125
17 0.6182291666666667 0.5380208333333333 0.06614583333333333 0.08958333333333333
17 0.7859375 0.6869791666666667 0.10833333333333334 0.12395833333333334