14 0.43020833333333336 0.5291666666666667 0.044270833333333336 0.03229166666666667
4 0.5739583333333333 0.5057291666666667 0.07604166666666666 0.06354166666666666
10 0.5963541666666666 0.296875 0.09739583333333333 0.051041666666666666
0 0.44895833333333335 0.796875 0.05 0.0421875
0 0.3421875 0.796875 0.05520833333333333 0.04375
0 0.39739583333333334 0.796875 0.052083333333333336 0.03854166666666667
0 0.534375 0.7927083333333333 0.046875 0.0375
0 0.35520833333333335 0.7598958333333333 0.04375 0.030208333333333334
18 0.49114583333333334 0.7807291666666667 0.04114583333333333 0.03958333333333333
18 0.5578125 0.7588541666666667 0.05260416666666667 0.03697916666666667
0 0.578125 0.7973958333333333 0.03854166666666667 0.0421875
20 0.35885416666666664 0.5151041666666667 0.09791666666666667 0.06145833333333333