16 0.06666666666666667 0.21614583333333334 0.13333333333333333 0.24895833333333334
21 0.37916666666666665 0.5166666666666667 0.13020833333333334 0.11458333333333333
10 0.6338541666666667 0.6380208333333334 0.23229166666666667 0.13541666666666666
14 0.39739583333333334 0.8286458333333333 0.06770833333333333 0.041666666666666664
14 0.4322916666666667 0.8583333333333333 0.05520833333333333 0.052083333333333336
20 0.2453125 0.8895833333333333 0.1 0.051041666666666666
21 0.14114583333333333 0.5505208333333333 0.14479166666666668 0.08541666666666667
21 0.125 0.48541666666666666 0.159375 0.0875
20 0.496875 0.8104166666666667 0.09791666666666667 0.084375
0 0.7244791666666667 0.8265625 0.075 0.06979166666666667
0 0.6588541666666666 0.8453125 0.07708333333333334 0.06666666666666667
0 0.7848958333333333 0.746875 0.08333333333333333 0.07395833333333333