19 0.6015625 0.21510416666666668 0.14375 0.06666666666666667
2 0.4234375 0.19791666666666666 0.165625 0.09270833333333334
10 0.3026041666666667 0.20833333333333334 0.11770833333333333 0.053125
10 0.20416666666666666 0.20208333333333334 0.09791666666666667 0.05416666666666667
0 0.7401041666666667 0.5880208333333333 0.05625 0.042708333333333334
0 0.7703125 0.5744791666666667 0.040625 0.03958333333333333
0 0.6791666666666667 0.5380208333333333 0.04791666666666667 0.034375
0 0.6098958333333333 0.5609375 0.052083333333333336 0.03958333333333333
21 0.8 0.8427083333333333 0.103125 0.06979166666666667
21 0.7067708333333333 0.8213541666666667 0.09479166666666666 0.07604166666666666
21 0.7833333333333333 0.7890625 0.09375 0.051041666666666666
21 0.6947916666666667 0.7645833333333333 0.09375 0.05
21 0.7645833333333333 0.7505208333333333 0.090625 0.04479166666666667
18 0.7932291666666667 0.60625 0.13333333333333333 0.07291666666666667
18 0.8057291666666667 0.5552083333333333 0.036458333333333336 0.026041666666666668
18 0.7552083333333334 0.540625 0.0375 0.021875
0 0.6177083333333333 0.525 0.078125 0.046875
1 0.509375 0.5979166666666667 0.06770833333333333 0.04375
1 0.5208333333333334 0.5265625 0.057291666666666664 0.028125
1 0.5229166666666667 0.5390625 0.05520833333333333 0.023958333333333335
1 0.4640625 0.553125 0.04479166666666667 0.04375
0 0.66875 0.5869791666666667 0.058333333333333334 0.04479166666666667