11 0.621875 0.43020833333333336 0.08854166666666667 0.19583333333333333
12 0.09270833333333334 0.409375 0.0625 0.06458333333333334
10 0.1296875 0.39427083333333335 0.13645833333333332 0.057291666666666664
10 0.09479166666666666 0.23541666666666666 0.12291666666666666 0.08125
21 0.334375 0.3380208333333333 0.075 0.121875
19 0.25677083333333334 0.37083333333333335 0.08958333333333333 0.08229166666666667
4 0.1171875 0.32708333333333334 0.13541666666666666 0.071875
5 0.43072916666666666 0.3380208333333333 0.09479166666666666 0.09895833333333333
7 0.3307291666666667 0.2265625 0.13229166666666667 0.08333333333333333
16 0.4348958333333333 0.5286458333333334 0.08541666666666667 0.18645833333333334
21 0.375 0.5927083333333333 0.07083333333333333 0.115625
7 0.4661458333333333 0.73125 0.028125 0.07083333333333333
6 0.20208333333333334 0.8760416666666667 0.10729166666666666 0.07291666666666667
6 0.28072916666666664 0.8041666666666667 0.09791666666666667 0.14895833333333333
6 0.19583333333333333 0.821875 0.103125 0.1125
17 0.7010416666666667 0.5651041666666666 0.05520833333333333 0.1
5 0.36770833333333336 0.7723958333333333 0.051041666666666666 0.109375
5 0.40260416666666665 0.7572916666666667 0.042708333333333334 0.10625
5 0.43385416666666665 0.7442708333333333 0.04583333333333333 0.10208333333333333