4 0.5151041666666667 0.46822916666666664 0.15416666666666667 0.06145833333333333
0 0.6973958333333333 0.4078125 0.075 0.041666666666666664
10 0.74375 0.6166666666666667 0.18125 0.12083333333333333
10 0.8166666666666667 0.5489583333333333 0.13541666666666666 0.08541666666666667
10 0.8505208333333333 0.6234375 0.07708333333333334 0.04375
6 0.17291666666666666 0.4578125 0.13125 0.06770833333333333
18 0.7489583333333333 0.3828125 0.19166666666666668 0.06770833333333333
21 0.49166666666666664 0.234375 0.13854166666666667 0.10625
21 0.6994791666666667 0.21770833333333334 0.12916666666666668 0.06458333333333334
0 0.4744791666666667 0.3880208333333333 0.06145833333333333 0.041666666666666664
0 0.49375 0.4171875 0.07083333333333333 0.05
0 0.44583333333333336 0.45260416666666664 0.05416666666666667 0.04375
0 0.42135416666666664 0.4166666666666667 0.06145833333333333 0.05
0 0.5307291666666667 0.40989583333333335 0.05 0.041666666666666664