16 0.14739583333333334 0.7640625 0.125 0.271875
21 0.5072916666666667 0.4296875 0.05 0.07291666666666667
16 0.3619791666666667 0.2786458333333333 0.057291666666666664 0.16666666666666666
17 0.2682291666666667 0.4171875 0.078125 0.1875
15 0.24791666666666667 0.7723958333333333 0.059375 0.13541666666666666
17 0.7395833333333334 0.7723958333333333 0.04375 0.14375
1 0.5932291666666667 0.7223958333333333 0.04583333333333333 0.04791666666666667
1 0.6359375 0.7036458333333333 0.03854166666666667 0.0375
20 0.5953125 0.6880208333333333 0.04895833333333333 0.04375
0 0.4432291666666667 0.7078125 0.041666666666666664 0.05625
0 0.4796875 0.6765625 0.034375 0.03958333333333333
0 0.446875 0.6703125 0.036458333333333336 0.03333333333333333
0 0.47604166666666664 0.7067708333333333 0.036458333333333336 0.051041666666666666
12 0.3932291666666667 0.709375 0.0375 0.040625
14 0.3614583333333333 0.7072916666666667 0.03125 0.0375
4 0.35052083333333334 0.5713541666666667 0.041666666666666664 0.06145833333333333