3 0.28125 0.6177083333333333 0.08125 0.04583333333333333
10 0.2703125 0.3802083333333333 0.14375 0.05520833333333333
10 0.3875 0.390625 0.1375 0.04375
4 0.3885416666666667 0.26510416666666664 0.11354166666666667 0.057291666666666664
4 0.3875 0.3 0.11770833333333333 0.04375
19 0.240625 0.28958333333333336 0.06458333333333334 0.05
21 0.5635416666666667 0.3932291666666667 0.09166666666666666 0.05
16 0.4140625 0.47239583333333335 0.09583333333333334 0.10625
16 0.49270833333333336 0.43854166666666666 0.0625 0.03333333333333333
16 0.6416666666666667 0.46197916666666666 0.075 0.07708333333333334
4 0.22395833333333334 0.7796875 0.14270833333333333 0.08854166666666667
4 0.3328125 0.7822916666666667 0.13645833333333332 0.090625
4 0.4510416666666667 0.7833333333333333 0.11666666666666667 0.09375
4 0.5598958333333334 0.7880208333333333 0.11770833333333333 0.09270833333333334
4 0.6671875 0.7927083333333333 0.13229166666666667 0.09479166666666666
4 0.7807291666666667 0.7979166666666667 0.15 0.09375
4 0.27291666666666664 0.7114583333333333 0.11770833333333333 0.065625
4 0.36354166666666665 0.7145833333333333 0.1 0.0625
4 0.4609375 0.7166666666666667 0.10208333333333333 0.059375
4 0.5567708333333333 0.7171875 0.09895833333333333 0.0625
4 0.6546875 0.7223958333333333 0.10625 0.0625
4 0.7442708333333333 0.7260416666666667 0.10104166666666667 0.065625