20 0.39427083333333335 0.5796875 0.07552083333333333 0.0359375
1 0.33229166666666665 0.5885416666666666 0.06770833333333333 0.03125
1 0.2838541666666667 0.596875 0.029166666666666667 0.0265625
8 0.3697916666666667 0.7380208333333333 0.11979166666666667 0.059895833333333336
8 0.371875 0.7723958333333333 0.11145833333333334 0.034375
8 0.5072916666666667 0.7026041666666667 0.121875 0.053125
8 0.5072916666666667 0.7348958333333333 0.1234375 0.044270833333333336
11 0.853125 0.6291666666666667 0.115625 0.19166666666666668
15 0.7911458333333333 0.6057291666666667 0.08541666666666667 0.18072916666666666
10 0.259375 0.21822916666666667 0.13541666666666666 0.0421875
10 0.365625 0.17447916666666666 0.15520833333333334 0.0453125
10 0.3854166666666667 0.2171875 0.1203125 0.041666666666666664
10 0.5010416666666667 0.2171875 0.11354166666666667 0.041666666666666664
10 0.5 0.17447916666666666 0.1171875 0.044270833333333336
21 0.4114583333333333 0.36354166666666665 0.06510416666666667 0.07552083333333333
21 0.3567708333333333 0.36041666666666666 0.0578125 0.07239583333333334
21 0.5395833333333333 0.3651041666666667 0.06927083333333334 0.0734375
21 0.5104166666666666 0.36041666666666666 0.06041666666666667 0.06979166666666667
21 0.48385416666666664 0.35572916666666665 0.0546875 0.0671875
21 0.44114583333333335 0.3567708333333333 0.034375 0.06927083333333334