5 0.09114583333333333 0.4088541666666667 0.18229166666666666 0.11354166666666667
5 0.37083333333333335 0.4703125 0.14375 0.08125
16 0.38697916666666665 0.7072916666666667 0.14479166666666668 0.225
17 0.5864583333333333 0.3296875 0.075 0.11145833333333334
3 0.7479166666666667 0.7796875 0.09791666666666667 0.075
6 0.790625 0.8203125 0.084375 0.05625
6 0.7182291666666667 0.8041666666666667 0.06041666666666667 0.04479166666666667
3 0.5734375 0.7546875 0.07291666666666667 0.04479166666666667
3 0.4979166666666667 0.7229166666666667 0.08125 0.04895833333333333
20 0.6973958333333333 0.46510416666666665 0.04375 0.028125
20 0.7510416666666667 0.46510416666666665 0.03854166666666667 0.030208333333333334
15 0.7484375 0.36302083333333335 0.11666666666666667 0.06875
20 0.73125 0.49947916666666664 0.09166666666666666 0.03333333333333333
21 0.8401041666666667 0.4953125 0.13229166666666667 0.08229166666666667
0 0.8333333333333334 0.1265625 0.08854166666666667 0.06875
12 0.915625 0.165625 0.10833333333333334 0.059375
0 0.9119791666666667 0.09114583333333333 0.08541666666666667 0.05520833333333333
0 0.9682291666666667 0.11927083333333334 0.03958333333333333 0.07291666666666667
7 0.11145833333333334 0.5572916666666666 0.18854166666666666 0.13020833333333334
7 0.184375 0.5796875 0.2760416666666667 0.13541666666666666