16 0.3333333333333333 0.478125 0.09479166666666666 0.16875
17 0.1515625 0.4979166666666667 0.041666666666666664 0.06979166666666667
10 0.5484375 0.22239583333333332 0.10625 0.041666666666666664
19 0.44895833333333335 0.37395833333333334 0.06458333333333334 0.0375
19 0.4322916666666667 0.4197916666666667 0.071875 0.05
12 0.6296875 0.6416666666666667 0.053125 0.030208333333333334
12 0.6036458333333333 0.6651041666666667 0.036458333333333336 0.03125
3 0.621875 0.634375 0.05625 0.036458333333333336
14 0.6390625 0.6692708333333334 0.035416666666666666 0.029166666666666667
6 0.6447916666666667 0.49583333333333335 0.07083333333333333 0.03958333333333333
3 0.5723958333333333 0.6354166666666666 0.04791666666666667 0.036458333333333336
20 0.5114583333333333 0.6677083333333333 0.04375 0.036458333333333336
20 0.4666666666666667 0.6682291666666667 0.04895833333333333 0.03333333333333333
20 0.48489583333333336 0.640625 0.04583333333333333 0.03229166666666667
21 0.6140625 0.21197916666666666 0.030208333333333334 0.04895833333333333