7 0.19427083333333334 0.5234375 0.109375 0.049479166666666664
17 0.2734375 0.690625 0.057291666666666664 0.12291666666666666
10 0.1953125 0.6921875 0.09270833333333334 0.057291666666666664
10 0.20520833333333333 0.7302083333333333 0.08802083333333334 0.04375
5 0.34010416666666665 0.7942708333333334 0.11666666666666667 0.0578125
16 0.47291666666666665 0.8078125 0.11197916666666667 0.1234375
21 0.44635416666666666 0.6479166666666667 0.09375 0.07291666666666667
21 0.45416666666666666 0.6947916666666667 0.09635416666666667 0.07135416666666666
7 0.19635416666666666 0.6026041666666667 0.11666666666666667 0.013020833333333334
7 0.1921875 0.5859375 0.103125 0.0140625
7 0.1921875 0.5692708333333333 0.09322916666666667 0.016145833333333335
7 0.19947916666666668 0.5552083333333333 0.10104166666666667 0.013541666666666667
5 0.928125 0.5875 0.14375 0.050520833333333334