16 0.46197916666666666 0.12708333333333333 0.058333333333333334 0.1625
10 0.55625 0.23541666666666666 0.08958333333333333 0.046875
10 0.5453125 0.2760416666666667 0.10729166666666666 0.046875
19 0.4817708333333333 0.33645833333333336 0.075 0.06666666666666667
0 0.39739583333333334 0.55 0.036458333333333336 0.035416666666666666
0 0.43697916666666664 0.5515625 0.03958333333333333 0.035416666666666666
9 0.5505208333333333 0.44479166666666664 0.07083333333333333 0.040625
4 0.475 0.4046875 0.08958333333333333 0.029166666666666667
15 0.28541666666666665 0.8890625 0.05520833333333333 0.09166666666666666
7 0.4708333333333333 0.7229166666666667 0.06458333333333334 0.014583333333333334
7 0.43645833333333334 0.7375 0.06770833333333333 0.019791666666666666
7 0.5234375 0.75 0.06458333333333334 0.04791666666666667