5 0.25546875 0.01953125 0.2421875 0.0265625
22 0.496875 0.028125 0.18046875 0.05546875
8 0.24453125 0.12265625 0.10625 0.0546875
6 0.621875 0.08515625 0.16640625 0.065625
6 0.7515625 0.19140625 0.18046875 0.071875
8 0.2703125 0.4390625 0.084375 0.0578125
24 0.60390625 0.190625 0.0671875 0.04296875
7 0.5625 0.44296875 0.14296875 0.03671875
30 0.51953125 0.4046875 0.10625 0.040625
5 0.55859375 0.54140625 0.1328125 0.0515625
5 0.44375 0.53984375 0.09609375 0.0546875
21 0.834375 0.39453125 0.1515625 0.12734375
22 0.76796875 0.703125 0.17578125 0.1609375
30 0.5703125 0.6375 0.159375 0.05390625
6 0.94609375 0.24296875 0.10703125 0.07109375