21 0.3328125 0.22578125 0.0765625 0.1125
21 0.07578125 0.22578125 0.0734375 0.1046875
21 0.01953125 0.225 0.0390625 0.121875
21 0.13828125 0.23046875 0.0640625 0.084375
21 0.18984375 0.23046875 0.053125 0.0640625
21 0.375 0.3625 0.06875 0.09375
21 0.303125 0.3578125 0.0734375 0.0921875
21 0.20859375 0.3546875 0.078125 0.096875
21 0.13125 0.359375 0.071875 0.09375
21 0.0671875 0.36171875 0.0625 0.1
21 0.0203125 0.3609375 0.040625 0.090625
26 0.6671875 0.1140625 0.0734375 0.071875
26 0.7359375 0.10390625 0.0703125 0.0734375
26 0.6546875 0.18203125 0.0671875 0.065625
26 0.73046875 0.17734375 0.0640625 0.0703125
26 0.81328125 0.0984375 0.0796875 0.075
26 0.81015625 0.17109375 0.0734375 0.075
26 0.88203125 0.1390625 0.08125 0.1390625
26 0.9578125 0.14765625 0.065625 0.1171875
26 0.46171875 0.33828125 0.0671875 0.0625
26 0.521875 0.33671875 0.0515625 0.0703125
26 0.5875 0.33515625 0.059375 0.06875
26 0.64921875 0.3421875 0.06875 0.0765625
26 0.7125 0.3390625 0.05 0.0984375
26 0.77109375 0.3390625 0.05 0.103125
26 0.8265625 0.340625 0.046875 0.1015625
26 0.90390625 0.32421875 0.06875 0.0671875
26 0.61640625 0.51015625 0.059375 0.06875
26 0.67578125 0.50703125 0.046875 0.0640625
26 0.58125 0.49609375 0.0515625 0.075
26 0.39375 0.47421875 0.059375 0.0515625
26 0.4546875 0.48125 0.0640625 0.053125
26 0.4 0.51484375 0.0765625 0.0453125
26 0.45078125 0.51953125 0.0453125 0.0359375
26 0.5 0.5171875 0.040625 0.04375
26 0.75078125 0.5078125 0.05625 0.075
26 0.80546875 0.5171875 0.06875 0.08125
26 0.87578125 0.515625 0.0640625 0.0859375
26 0.95234375 0.51484375 0.0953125 0.1109375