21 0.36171875 0.21015625 0.0796875 0.115625
21 0.10703125 0.1828125 0.0765625 0.10625
21 0.04609375 0.17578125 0.05625 0.1234375
21 0.16796875 0.19375 0.0671875 0.0875
21 0.21953125 0.19921875 0.05625 0.065625
21 0.38984375 0.35078125 0.0703125 0.0953125
21 0.31953125 0.3375 0.0765625 0.09375
21 0.22578125 0.325 0.08125 0.1
21 0.1484375 0.321875 0.0734375 0.0953125
21 0.084375 0.3171875 0.065625 0.1015625
21 0.034375 0.31171875 0.05 0.0921875
26 0.70625 0.13359375 0.075 0.075
26 0.7765625 0.13125 0.0734375 0.0765625
26 0.68671875 0.2 0.0703125 0.06875
26 0.7625 0.20390625 0.065625 0.071875
26 0.85390625 0.1328125 0.0828125 0.0765625
26 0.8421875 0.20546875 0.0765625 0.0765625
26 0.91796875 0.18046875 0.084375 0.1421875
26 0.97890625 0.19765625 0.0421875 0.1203125
26 0.47890625 0.33515625 0.0703125 0.0640625
26 0.53828125 0.33984375 0.053125 0.071875
26 0.60390625 0.3453125 0.0609375 0.0703125
26 0.66484375 0.35859375 0.0703125 0.0796875
26 0.728125 0.3625 0.053125 0.1
26 0.78671875 0.36796875 0.053125 0.1046875
26 0.84140625 0.37578125 0.05 0.103125
26 0.9203125 0.3671875 0.0703125 0.0703125
26 0.6140625 0.521875 0.0609375 0.0703125
26 0.67421875 0.52578125 0.0484375 0.065625
26 0.58125 0.5046875 0.053125 0.0765625
26 0.396875 0.46328125 0.0609375 0.053125
26 0.45703125 0.4765625 0.065625 0.0546875
26 0.3984375 0.5046875 0.078125 0.0484375
26 0.44921875 0.5140625 0.046875 0.0375
26 0.49765625 0.5171875 0.0421875 0.0453125
26 0.7484375 0.53359375 0.0578125 0.0765625
26 0.80234375 0.54921875 0.0703125 0.0828125
26 0.871875 0.5546875 0.0671875 0.0875
26 0.94921875 0.56171875 0.1015625 0.1140625