21 0.3421875 0.2203125 0.07265625 0.11015625
21 0.0859375 0.2109375 0.06953125 0.1015625
21 0.02421875 0.20859375 0.04765625 0.1203125
21 0.14765625 0.21796875 0.0609375 0.0828125
21 0.19921875 0.21953125 0.0515625 0.06171875
21 0.3796875 0.35859375 0.06484375 0.09140625
21 0.30859375 0.35078125 0.07109375 0.0890625
21 0.2140625 0.34453125 0.07421875 0.09453125
21 0.13671875 0.346875 0.06796875 0.09140625
21 0.07265625 0.346875 0.059375 0.09765625
21 0.02265625 0.34453125 0.04453125 0.0890625
26 0.68046875 0.1203125 0.07109375 0.06953125
26 0.75 0.1125 0.06796875 0.071875
26 0.665625 0.1875 0.065625 0.0640625
26 0.74140625 0.1859375 0.06171875 0.06796875
26 0.82734375 0.109375 0.07734375 0.071875
26 0.82109375 0.18203125 0.07109375 0.071875
26 0.89453125 0.15234375 0.07578125 0.13671875
26 0.96953125 0.1640625 0.0609375 0.115625
26 0.4671875 0.33671875 0.065625 0.06015625
26 0.52734375 0.3375 0.04921875 0.06796875
26 0.59296875 0.33828125 0.05703125 0.0671875
26 0.6546875 0.34765625 0.065625 0.075
26 0.71796875 0.346875 0.04609375 0.09765625
26 0.7765625 0.3484375 0.04609375 0.10234375
26 0.83203125 0.35234375 0.04375 0.10078125
26 0.91015625 0.33828125 0.06640625 0.065625
26 0.615625 0.5140625 0.05703125 0.0671875
26 0.67578125 0.51328125 0.04453125 0.0625
26 0.58125 0.49921875 0.0484375 0.07265625
26 0.39453125 0.4703125 0.05703125 0.04921875
26 0.45546875 0.4796875 0.0625 0.05078125
26 0.39921875 0.51171875 0.07578125 0.04296875
26 0.45 0.51796875 0.04453125 0.034375
26 0.49921875 0.5171875 0.03984375 0.04296875
26 0.75 0.51640625 0.053125 0.07265625
26 0.8046875 0.528125 0.065625 0.07890625
26 0.875 0.52890625 0.06171875 0.08359375
26 0.953125 0.53046875 0.09375 0.1078125