21 0.12578125 0.45 0.14375 0.1859375
22 0.2234375 0.80078125 0.15 0.3078125
6 0.69140625 0.3671875 0.090625 0.0546875
8 0.678125 0.4640625 0.0953125 0.03125
17 0.775 0.45625 0.0984375 0.0296875
17 0.8921875 0.4546875 0.109375 0.0359375
9 0.83359375 0.60234375 0.15625 0.028125
9 0.840625 0.56171875 0.15 0.0484375
16 0.575 0.5828125 0.096875 0.0453125
29 0.56953125 0.6734375 0.0859375 0.0640625
20 0.67578125 0.684375 0.103125 0.0953125
37 0.5734375 0.7234375 0.0765625 0.0359375
29 0.778125 0.66796875 0.0546875 0.0484375