6 0.1171875 0.2578125 0.234375 0.09453125
6 0.1140625 0.35703125 0.228125 0.1015625
6 0.3828125 0.32890625 0.26796875 0.08125
21 0.425 0.38671875 0.4375 0.12265625
26 0.77734375 0.321875 0.1375 0.13359375
8 0.21953125 0.08046875 0.23046875 0.1265625
17 0.24453125 0.56953125 0.125 0.10078125
37 0.12421875 0.78828125 0.10703125 0.07109375
37 0.19453125 0.73203125 0.096875 0.075
37 0.31953125 0.778125 0.12734375 0.0625
37 0.5 0.796875 0.06484375 0.09453125
20 0.66328125 0.8515625 0.2234375 0.13984375
20 0.78828125 0.7421875 0.15234375 0.15
15 0.434375 0.696875 0.22421875 0.0703125