21 0.01640625 0.28828125 0.0328125 0.0609375
21 0.04921875 0.2859375 0.0421875 0.059375
26 0.25390625 0.275 0.0515625 0.0765625
26 0.31328125 0.275 0.040625 0.0765625
26 0.35078125 0.2703125 0.0359375 0.06875
26 0.28359375 0.275 0.0296875 0.0796875
26 0.421875 0.27265625 0.0609375 0.0765625
26 0.46015625 0.27421875 0.0234375 0.0734375
26 0.53671875 0.290625 0.0421875 0.053125
26 0.3828125 0.26875 0.03125 0.0625
26 0.45078125 0.4046875 0.0578125 0.1
26 0.51796875 0.41015625 0.0625 0.10625
26 0.5859375 0.409375 0.0703125 0.10625
26 0.26171875 0.415625 0.0484375 0.0609375
26 0.34375 0.425 0.046875 0.0734375
26 0.38984375 0.415625 0.046875 0.0546875
26 0.2203125 0.40859375 0.0421875 0.0515625
26 0.3171875 0.40703125 0.01875 0.04375
26 0.29453125 0.40625 0.021875 0.0453125
26 0.153125 0.41875 0.0515625 0.028125
26 0.10859375 0.3890625 0.046875 0.040625
26 0.06484375 0.3859375 0.0390625 0.0359375
26 0.778125 0.24453125 0.090625 0.1359375
26 0.87109375 0.24296875 0.090625 0.13125
26 0.69921875 0.2546875 0.0703125 0.1140625
26 0.646875 0.25625 0.0625 0.1140625
26 0.5890625 0.2890625 0.0546875 0.053125
26 0.58984375 0.2359375 0.0546875 0.05
26 0.83515625 0.07265625 0.0671875 0.0875
26 0.76171875 0.08515625 0.0671875 0.09375
26 0.6921875 0.0859375 0.0703125 0.084375
26 0.61484375 0.090625 0.0625 0.0625
26 0.55234375 0.09609375 0.0578125 0.0734375
26 0.43515625 0.1078125 0.059375 0.06875
26 0.18359375 0.09375 0.05 0.053125
26 0.190625 0.15 0.0453125 0.053125
26 0.23046875 0.08984375 0.05 0.05625
26 0.2375 0.14765625 0.05 0.059375
26 0.2828125 0.08046875 0.065625 0.0671875
26 0.28828125 0.140625 0.0578125 0.0546875
26 0.3421875 0.1125 0.05 0.10625
26 0.3875 0.11953125 0.0453125 0.0921875
26 0.5015625 0.10546875 0.0421875 0.053125
26 0.659375 0.40703125 0.078125 0.1046875
26 0.73125 0.4296875 0.05625 0.065625
26 0.79140625 0.43515625 0.0609375 0.075
26 0.85546875 0.4296875 0.065625 0.0703125