31 0.3375 0.46796875 0.13125 0.040625
35 0.6953125 0.565625 0.1125 0.1359375
13 0.3296875 0.59140625 0.1265625 0.1265625
23 0.45390625 0.59296875 0.140625 0.1
37 0.60625 0.6078125 0.159375 0.09375
6 0.6875 0.825 0.159375 0.0953125
2 0.38359375 0.8890625 0.2015625 0.10625
33 0.54140625 0.89140625 0.2796875 0.1484375
7 0.75703125 0.90078125 0.1984375 0.1140625
35 0.58984375 0.184375 0.11875 0.125
9 0.75078125 0.20703125 0.209375 0.084375
34 0.37265625 0.20859375 0.1703125 0.084375
18 0.3515625 0.42265625 0.0578125 0.1046875
36 0.5140625 0.45 0.2125 0.08125
30 0.7328125 0.4546875 0.1671875 0.0765625