35 0.74765625 0.56875 0.1171875 0.1421875
13 0.33515625 0.578125 0.1328125 0.128125
33 0.5203125 0.60234375 0.3171875 0.1265625
22 0.634375 0.81875 0.10625 0.16875
11 0.33203125 0.8671875 0.0796875 0.075
18 0.3515625 0.8890625 0.06875 0.1140625
8 0.59140625 0.9140625 0.1390625 0.1015625
13 0.34375 0.17109375 0.16875 0.1609375
6 0.49921875 0.203125 0.2015625 0.09375
0 0.6203125 0.21328125 0.2859375 0.09375
37 0.7890625 0.225 0.1015625 0.0609375
34 0.3890625 0.446875 0.1484375 0.0875
7 0.54453125 0.46171875 0.2015625 0.0859375