10 0.575 0.46953125 0.1328125 0.0390625
13 0.43515625 0.57734375 0.1296875 0.125
9 0.59140625 0.60078125 0.165625 0.0640625
8 0.778125 0.5890625 0.153125 0.0609375
35 0.80859375 0.834375 0.125 0.1421875
15 0.690625 0.85234375 0.15625 0.125
7 0.5390625 0.86875 0.15 0.096875
34 0.41171875 0.88125 0.134375 0.103125
23 0.44140625 0.209375 0.16875 0.0796875
30 0.76953125 0.1953125 0.146875 0.0640625
37 0.56875 0.209375 0.1328125 0.0625
22 0.6828125 0.3859375 0.090625 0.15625
11 0.7640625 0.425 0.0734375 0.065625
12 0.41484375 0.46015625 0.1078125 0.05625