6 0.625 0.58046875 0.175 0.109375
17 0.3203125 0.57109375 0.0828125 0.1515625
35 0.7890625 0.59609375 0.1296875 0.1546875
1 0.4375 0.5890625 0.190625 0.0953125
23 0.66953125 0.59765625 0.2046875 0.1078125
22 0.753125 0.82734375 0.1 0.1625
22 0.659375 0.8265625 0.11875 0.175
15 0.3859375 0.85859375 0.221875 0.1421875
31 0.55234375 0.87734375 0.1203125 0.0734375
0 0.73359375 0.89609375 0.2046875 0.1109375
33 0.390625 0.1796875 0.2578125 0.146875
27 0.8015625 0.2046875 0.1390625 0.1109375
37 0.66640625 0.21640625 0.1671875 0.0828125
7 0.48203125 0.22109375 0.221875 0.0765625
9 0.415625 0.44609375 0.2796875 0.109375
8 0.7234375 0.4640625 0.15625 0.075