0 0.39765625 0.59296875 0.1828125 0.0859375
4 0.5328125 0.6125 0.1890625 0.08125
10 0.7375 0.625 0.1328125 0.059375
8 0.39453125 0.8609375 0.1421875 0.0734375
34 0.58984375 0.86796875 0.1359375 0.09375
9 0.76015625 0.91171875 0.2171875 0.125
35 0.78671875 0.1796875 0.134375 0.1453125
37 0.3875 0.20546875 0.1765625 0.0828125
12 0.59765625 0.21875 0.16875 0.0625
33 0.396875 0.4109375 0.2109375 0.1578125
27 0.753125 0.4359375 0.1984375 0.11875
18 0.52109375 0.43125 0.078125 0.11875
36 0.61015625 0.4484375 0.15 0.0953125