1 0.4203125 0.58125 0.1515625 0.0953125
9 0.746875 0.61796875 0.20625 0.1015625
37 0.5546875 0.60859375 0.1625 0.096875
11 0.33046875 0.61171875 0.0796875 0.0703125
30 0.62578125 0.871875 0.146875 0.1015625
27 0.7484375 0.88046875 0.14375 0.134375
34 0.490625 0.87109375 0.146875 0.1078125
2 0.3484375 0.88984375 0.15625 0.109375
8 0.5890625 0.21640625 0.0828125 0.0546875
14 0.7265625 0.23046875 0.1140625 0.0578125
18 0.74921875 0.41796875 0.059375 0.0671875
6 0.38515625 0.43984375 0.2078125 0.1046875
15 0.78046875 0.46328125 0.19375 0.0984375
7 0.61875 0.4671875 0.1984375 0.06875