8 0.5328125 0.6 0.134375 0.0828125
4 0.73828125 0.63671875 0.1578125 0.084375
7 0.35078125 0.59921875 0.1421875 0.071875
34 0.5109375 0.871875 0.14375 0.096875
36 0.7375 0.9109375 0.1796875 0.14375
0 0.3546875 0.86953125 0.1859375 0.1140625
22 0.68671875 0.18515625 0.1265625 0.171875
6 0.84375 0.23828125 0.209375 0.1171875
11 0.503125 0.2171875 0.08125 0.05625
3 0.40546875 0.20703125 0.1328125 0.0578125
35 0.40390625 0.40078125 0.1375 0.15
33 0.60078125 0.43359375 0.296875 0.128125
16 0.75 0.4921875 0.2984375 0.084375