27 0.359375 0.575 0.15 0.1078125
6 0.5078125 0.59296875 0.1828125 0.109375
8 0.6796875 0.6171875 0.1453125 0.0703125
1 0.3296875 0.86171875 0.1734375 0.1
7 0.46953125 0.8890625 0.1296875 0.103125
7 0.625 0.909375 0.090625 0.0859375
9 0.78359375 0.2265625 0.225 0.0984375
3 0.375 0.21171875 0.1328125 0.046875
31 0.53671875 0.228125 0.1375 0.040625
34 0.3765625 0.425 0.14375 0.096875
14 0.68125 0.46953125 0.1109375 0.0703125
11 0.7890625 0.48046875 0.0859375 0.0734375
30 0.52578125 0.465625 0.175 0.08125