6 0.6328125 0.54609375 0.1640625 0.0390625
34 0.39921875 0.57734375 0.1421875 0.0734375
11 0.771875 0.5875 0.078125 0.0625
23 0.64453125 0.603125 0.203125 0.0734375
31 0.41796875 0.6234375 0.1671875 0.04375
14 0.81953125 0.628125 0.1125 0.059375
22 0.68125 0.8234375 0.1 0.1640625
35 0.7828125 0.8296875 0.090625 0.0984375
3 0.53203125 0.83046875 0.1234375 0.05625
30 0.3984375 0.8484375 0.1359375 0.078125
1 0.56640625 0.884375 0.2109375 0.0859375
9 0.77109375 0.9171875 0.2140625 0.1125
17 0.56328125 0.95390625 0.2171875 0.090625
33 0.33515625 0.16875 0.175 0.15
35 0.7796875 0.1796875 0.084375 0.1328125
18 0.828125 0.1875 0.0734375 0.115625
36 0.66328125 0.20234375 0.25625 0.0921875
37 0.47890625 0.21796875 0.1421875 0.05
22 0.53359375 0.40546875 0.0875 0.1640625
15 0.7875 0.42265625 0.1453125 0.1375
13 0.65 0.428125 0.159375 0.090625
0 0.39765625 0.440625 0.1515625 0.0515625
8 0.4203125 0.453125 0.1421875 0.0546875
7 0.6921875 0.4609375 0.2390625 0.06875