17 0.5421875 0.47109375 0.225 0.0640625
9 0.72421875 0.59375 0.2203125 0.11875
8 0.37265625 0.5984375 0.1265625 0.084375
30 0.54765625 0.60546875 0.1734375 0.103125
22 0.58671875 0.8296875 0.1296875 0.184375
13 0.378125 0.85546875 0.1640625 0.175
0 0.72109375 0.871875 0.1953125 0.1171875
1 0.5328125 0.9109375 0.2359375 0.109375
22 0.746875 0.178125 0.1140625 0.165625
35 0.359375 0.171875 0.11875 0.14375
7 0.51015625 0.221875 0.2265625 0.084375
36 0.79375 0.46171875 0.13125 0.09375
34 0.36328125 0.446875 0.1515625 0.1015625
36 0.68828125 0.459375 0.0859375 0.0625