31 0.340625 0.45625 0.1421875 0.0453125
35 0.734375 0.58359375 0.1171875 0.1390625
23 0.44296875 0.58671875 0.1546875 0.103125
13 0.33515625 0.57890625 0.121875 0.1421875
37 0.59765625 0.61484375 0.171875 0.10625
6 0.6640625 0.840625 0.1578125 0.1078125
2 0.35234375 0.87890625 0.1921875 0.109375
33 0.5171875 0.89453125 0.2765625 0.1578125
7 0.7234375 0.9140625 0.221875 0.125
35 0.61015625 0.18984375 0.1203125 0.128125
9 0.7609375 0.21484375 0.225 0.096875
34 0.38828125 0.1984375 0.1671875 0.09375
11 0.4 0.440625 0.0765625 0.065625
30 0.7390625 0.46640625 0.159375 0.0734375
36 0.5203125 0.45078125 0.2140625 0.08125