13 0.41171875 0.56484375 0.1671875 0.1375
34 0.36484375 0.61484375 0.1453125 0.1046875
9 0.7625 0.5765625 0.209375 0.1171875
7 0.5640625 0.60625 0.228125 0.0953125
1 0.8265625 0.8421875 0.1765625 0.14375
17 0.4515625 0.909375 0.1828125 0.1015625
11 0.67734375 0.9015625 0.0875 0.0859375
6 0.35234375 0.2109375 0.209375 0.1140625
8 0.56015625 0.203125 0.115625 0.0625
31 0.75 0.20078125 0.1359375 0.0375
37 0.55078125 0.440625 0.1609375 0.090625
14 0.6625 0.4328125 0.1078125 0.0609375
2 0.3734375 0.47421875 0.1875 0.078125