35 0.73515625 0.58125 0.1171875 0.140625
13 0.3359375 0.5703125 0.1171875 0.134375
27 0.45078125 0.5984375 0.15625 0.1125
37 0.60078125 0.61875 0.159375 0.0953125
11 0.7421875 0.63515625 0.084375 0.071875
6 0.66171875 0.8421875 0.159375 0.1125
18 0.31171875 0.83125 0.0640625 0.103125
1 0.52890625 0.88203125 0.184375 0.1078125
17 0.35703125 0.9296875 0.2375 0.109375
22 0.5421875 0.16484375 0.1203125 0.196875
35 0.396875 0.171875 0.13125 0.1359375
3 0.7546875 0.23984375 0.1546875 0.0515625
36 0.51484375 0.4515625 0.2125 0.0984375
30 0.7328125 0.46875 0.175 0.078125
14 0.35703125 0.4484375 0.096875 0.0609375