35 0.7453125 0.5421875 0.125 0.1453125
13 0.3484375 0.6 0.1359375 0.13125
23 0.4703125 0.59140625 0.153125 0.1109375
37 0.6203125 0.596875 0.1625 0.09375
11 0.76171875 0.59140625 0.0859375 0.075
6 0.71875 0.809375 0.1625 0.115625
1 0.5984375 0.86875 0.184375 0.1171875
2 0.41953125 0.89765625 0.19375 0.115625
7 0.7953125 0.871875 0.2171875 0.134375
22 0.4859375 0.1578125 0.1265625 0.1890625
35 0.3421875 0.19453125 0.1328125 0.1375
27 0.64296875 0.1765625 0.190625 0.1203125
36 0.5109375 0.446875 0.2234375 0.0984375
30 0.73125 0.42890625 0.165625 0.0875
14 0.3515625 0.4734375 0.1015625 0.0625