7 0.625 0.4796875 0.1015625 0.04375
6 0.63125 0.55859375 0.1578125 0.0484375
34 0.40625 0.57109375 0.1578125 0.0609375
11 0.7671875 0.596875 0.0703125 0.059375
23 0.64921875 0.60390625 0.20625 0.1015625
14 0.81484375 0.63671875 0.1203125 0.0609375
31 0.4171875 0.62734375 0.159375 0.05
35 0.76484375 0.83671875 0.10625 0.103125
3 0.51875 0.84453125 0.1125 0.075
30 0.3921875 0.8515625 0.1453125 0.0953125
16 0.74375 0.91875 0.175 0.084375
17 0.52421875 0.9578125 0.1953125 0.084375
33 0.35 0.1546875 0.184375 0.184375
35 0.79140625 0.190625 0.1015625 0.1375
27 0.678125 0.18828125 0.1171875 0.0515625
18 0.840625 0.19921875 0.0671875 0.115625
36 0.678125 0.21640625 0.246875 0.0859375
37 0.49609375 0.21328125 0.1625 0.0625
13 0.51796875 0.41171875 0.134375 0.1328125
15 0.78671875 0.42890625 0.175 0.15
13 0.65 0.42890625 0.153125 0.1015625
0 0.39921875 0.4390625 0.1625 0.053125
8 0.42578125 0.4515625 0.1453125 0.0546875
7 0.7421875 0.471875 0.13125 0.0703125