27 0.3703125 0.584375 0.15 0.109375
6 0.5234375 0.59375 0.1765625 0.1125
8 0.69375 0.60546875 0.15 0.075
37 0.39296875 0.8828125 0.1875 0.0984375
0 0.60078125 0.89140625 0.10625 0.1109375
0 0.74140625 0.91328125 0.09375 0.0765625
9 0.7765625 0.20625 0.2359375 0.1015625
3 0.3609375 0.221875 0.13125 0.04375
31 0.525 0.2296875 0.146875 0.053125
34 0.375 0.4390625 0.140625 0.1015625
14 0.68515625 0.45703125 0.10625 0.065625
11 0.79453125 0.46171875 0.084375 0.0734375
30 0.53203125 0.465625 0.159375 0.08125