3 0.46796875 0.4671875 0.1359375 0.053125
7 0.61953125 0.48359375 0.1140625 0.0421875
13 0.4390625 0.540625 0.1515625 0.1140625
6 0.58359375 0.58125 0.178125 0.0953125
11 0.75546875 0.6125 0.09375 0.071875
9 0.43515625 0.60390625 0.3015625 0.128125
16 0.70234375 0.6375 0.2421875 0.0734375
22 0.7265625 0.846875 0.0984375 0.1546875
30 0.375 0.83359375 0.1546875 0.0796875
22 0.77578125 0.8765625 0.1203125 0.18125
36 0.5171875 0.85703125 0.140625 0.084375
35 0.640625 0.878125 0.1203125 0.1484375
17 0.3515625 0.90078125 0.2046875 0.103125
1 0.7375 0.9359375 0.209375 0.128125
2 0.49765625 0.9328125 0.125 0.0890625
33 0.378125 0.140625 0.2 0.2015625
35 0.80546875 0.20703125 0.1109375 0.1484375
18 0.859375 0.21875 0.0734375 0.13125
27 0.69296875 0.209375 0.1421875 0.0984375
37 0.5171875 0.21328125 0.190625 0.08125
15 0.79140625 0.44765625 0.178125 0.16875
34 0.57109375 0.43984375 0.1203125 0.08125
0 0.4109375 0.434375 0.1734375 0.08125
7 0.74765625 0.48125 0.1453125 0.078125
14 0.34296875 0.44921875 0.103125 0.0640625