0 0.59375 0.59921875 0.2078125 0.109375
9 0.77109375 0.61328125 0.225 0.09375
16 0.40390625 0.60703125 0.1953125 0.0875
2 0.625 0.88828125 0.21875 0.121875
15 0.40078125 0.8859375 0.221875 0.140625
10 0.7796875 0.90546875 0.1390625 0.096875
18 0.825 0.19609375 0.0734375 0.1109375
34 0.3921875 0.20625 0.1671875 0.0796875
11 0.7375 0.21953125 0.090625 0.0671875
8 0.58046875 0.22109375 0.1046875 0.059375
9 0.790625 0.446875 0.203125 0.1078125
4 0.59296875 0.45078125 0.18125 0.071875
12 0.425 0.45546875 0.1640625 0.0640625