30 0.48828125 0.58046875 0.1640625 0.0890625
36 0.76953125 0.56640625 0.184375 0.1125
23 0.596875 0.59375 0.1609375 0.0921875
10 0.3953125 0.6375 0.115625 0.0609375
15 0.75234375 0.84765625 0.2703125 0.128125
4 0.43828125 0.88359375 0.1453125 0.1015625
13 0.7484375 0.171875 0.109375 0.1015625
34 0.38515625 0.21953125 0.190625 0.0828125
18 0.73984375 0.39609375 0.071875 0.1109375
11 0.57265625 0.440625 0.084375 0.08125
33 0.696875 0.4328125 0.309375 0.1046875
31 0.421875 0.47109375 0.1234375 0.0453125