13 0.33828125 0.57734375 0.115625 0.1203125
37 0.72421875 0.59765625 0.1453125 0.0875
23 0.4625 0.59140625 0.1359375 0.0953125
6 0.6765625 0.83125 0.153125 0.09375
2 0.36796875 0.88203125 0.1921875 0.1
7 0.75 0.91015625 0.2015625 0.1140625
33 0.534375 0.90546875 0.2703125 0.1515625
35 0.60390625 0.1875 0.121875 0.125
9 0.7609375 0.215625 0.2125 0.0828125
8 0.396875 0.20390625 0.153125 0.065625
18 0.3546875 0.41640625 0.0578125 0.1015625
36 0.54296875 0.4515625 0.215625 0.0828125
16 0.76015625 0.4734375 0.225 0.065625
31 0.34140625 0.459375 0.115625 0.0375