35 0.771875 0.55546875 0.115625 0.1359375
13 0.3578125 0.5859375 0.16875 0.115625
34 0.57109375 0.5890625 0.1515625 0.0890625
22 0.6703125 0.81015625 0.096875 0.159375
11 0.3703125 0.87421875 0.0734375 0.0703125
18 0.390625 0.89609375 0.0640625 0.1109375
8 0.63046875 0.909375 0.1390625 0.090625
9 0.71171875 0.1953125 0.221875 0.0890625
3 0.51171875 0.22265625 0.140625 0.0421875
13 0.39609375 0.42109375 0.1640625 0.1375
23 0.5734375 0.44609375 0.16875 0.103125
36 0.79140625 0.440625 0.134375 0.0734375
36 0.6828125 0.4484375 0.075 0.059375