31 0.371875 0.478125 0.14375 0.046875
27 0.371875 0.590625 0.15625 0.1171875
14 0.74765625 0.60078125 0.1125 0.0671875
16 0.55625 0.615625 0.19375 0.0796875
23 0.5953125 0.8546875 0.2046875 0.096875
13 0.6 0.8734375 0.171875 0.1640625
11 0.73125 0.88515625 0.0796875 0.0765625
15 0.39140625 0.92734375 0.2109375 0.1328125
35 0.35703125 0.184375 0.1125 0.13125
34 0.7484375 0.19609375 0.1390625 0.0765625
1 0.5703125 0.20859375 0.190625 0.0640625
22 0.56875 0.39921875 0.1046875 0.16875
3 0.7609375 0.44609375 0.1578125 0.0578125