7 0.62421875 0.47265625 0.1015625 0.046875
6 0.634375 0.5515625 0.1578125 0.0515625
34 0.409375 0.57578125 0.159375 0.065625
11 0.771875 0.5828125 0.071875 0.0609375
23 0.6546875 0.5953125 0.2078125 0.1046875
14 0.821875 0.6203125 0.121875 0.0640625
31 0.42421875 0.63125 0.159375 0.053125
35 0.7828125 0.82265625 0.1078125 0.1046875
3 0.5359375 0.84375 0.1140625 0.0765625
30 0.4109375 0.85703125 0.146875 0.0984375
16 0.765625 0.90546875 0.175 0.0875
17 0.54921875 0.95625 0.1984375 0.0875
33 0.3328125 0.1625 0.1859375 0.1859375
35 0.775 0.175 0.1046875 0.1390625
27 0.66171875 0.1796875 0.1171875 0.0546875
18 0.82421875 0.18125 0.0703125 0.1171875
36 0.6625 0.2078125 0.2484375 0.090625
37 0.48046875 0.2140625 0.1640625 0.065625
13 0.51328125 0.41015625 0.1359375 0.1359375
15 0.7828125 0.41328125 0.178125 0.153125
13 0.646875 0.4203125 0.1546875 0.1046875
0 0.3953125 0.4453125 0.1625 0.0546875
8 0.4234375 0.4546875 0.146875 0.0578125
7 0.740625 0.45859375 0.1328125 0.071875