34 0.38671875 0.58203125 0.140625 0.0984375
36 0.76796875 0.63203125 0.1859375 0.096875
23 0.5453125 0.609375 0.16875 0.096875
4 0.36484375 0.85703125 0.159375 0.1046875
27 0.55625 0.8921875 0.2140625 0.1296875
9 0.721875 0.91796875 0.2171875 0.1296875
13 0.48671875 0.17734375 0.1375 0.1421875
11 0.40078125 0.1984375 0.090625 0.071875
15 0.64453125 0.23203125 0.1578125 0.0875
0 0.81640625 0.25390625 0.115625 0.0765625
22 0.7921875 0.43125 0.1109375 0.1609375
8 0.6203125 0.46484375 0.1375 0.06875
12 0.39140625 0.4484375 0.1296875 0.08125