2 0.571875 0.4703125 0.221875 0.0703125
13 0.578125 0.5875 0.1734375 0.125
37 0.7296875 0.5875 0.1484375 0.0859375
33 0.3984375 0.609375 0.2671875 0.096875
8 0.709375 0.884375 0.1234375 0.08125
31 0.43515625 0.89140625 0.13125 0.06875
35 0.33203125 0.178125 0.134375 0.146875
35 0.584375 0.1796875 0.125 0.13125
7 0.6265625 0.2078125 0.303125 0.0921875
0 0.44765625 0.21640625 0.1546875 0.0734375
11 0.77265625 0.2125 0.0875 0.0609375
23 0.6984375 0.4328125 0.2078125 0.0984375
9 0.35625 0.453125 0.196875 0.103125