27 0.7125 0.5671875 0.16875 0.1
2 0.3765625 0.60546875 0.159375 0.059375
31 0.58203125 0.6265625 0.1734375 0.0734375
37 0.4125 0.88515625 0.1671875 0.1109375
9 0.75390625 0.875 0.2078125 0.134375
8 0.58046875 0.8828125 0.1140625 0.096875
6 0.721875 0.18984375 0.15625 0.090625
33 0.5921875 0.20078125 0.303125 0.1125
11 0.8015625 0.2 0.09375 0.071875
3 0.35546875 0.2265625 0.1671875 0.059375
34 0.49765625 0.43828125 0.15 0.090625
23 0.3515625 0.45 0.1296875 0.0984375
15 0.72890625 0.4546875 0.290625 0.09375