35 0.74765625 0.54140625 0.1265625 0.14375
13 0.334375 0.60078125 0.1359375 0.128125
1 0.640625 0.59375 0.2109375 0.103125
31 0.45703125 0.63203125 0.1390625 0.059375
18 0.36640625 0.85859375 0.0625 0.103125
27 0.48515625 0.85390625 0.196875 0.1078125
11 0.73125 0.8375 0.0765625 0.0734375
3 0.61015625 0.8953125 0.1515625 0.0953125
17 0.43359375 0.94375 0.2421875 0.1125
13 0.30390625 0.19609375 0.175 0.159375
30 0.68046875 0.19765625 0.175 0.0765625
22 0.32734375 0.4265625 0.11875 0.1828125
35 0.72109375 0.3984375 0.1296875 0.1390625
15 0.52109375 0.4625 0.2515625 0.0828125