7 0.61875 0.47265625 0.10625 0.0390625
13 0.42734375 0.5703125 0.1484375 0.1296875
6 0.578125 0.57421875 0.1515625 0.0953125
11 0.76796875 0.58828125 0.06875 0.0640625
23 0.6515625 0.59765625 0.2125 0.09375
31 0.40625 0.6234375 0.1703125 0.0359375
14 0.81953125 0.62421875 0.1171875 0.0625
22 0.7609375 0.82734375 0.0984375 0.1625
3 0.5515625 0.83046875 0.1078125 0.0609375
30 0.403125 0.84921875 0.146875 0.090625
22 0.80546875 0.853125 0.103125 0.175
35 0.671875 0.8625 0.1125 0.1421875
16 0.525 0.90625 0.171875 0.0859375
1 0.77578125 0.91953125 0.2109375 0.125
33 0.34296875 0.15859375 0.1703125 0.1765625
35 0.7828125 0.1765625 0.1046875 0.1296875
27 0.66953125 0.18046875 0.109375 0.0484375
18 0.83125 0.1859375 0.06875 0.1140625
36 0.66484375 0.20859375 0.2484375 0.0890625
37 0.4859375 0.2171875 0.15625 0.0578125
15 0.7796875 0.4171875 0.159375 0.146875
0 0.403125 0.4390625 0.16875 0.0625
34 0.5671875 0.4390625 0.1328125 0.0765625
8 0.42265625 0.4546875 0.153125 0.0640625
7 0.7453125 0.45859375 0.1375 0.0703125