35 0.74375 0.5625 0.1203125 0.1375
13 0.3265625 0.5859375 0.1296875 0.1203125
1 0.63203125 0.60546875 0.20625 0.0921875
31 0.4453125 0.628125 0.1375 0.053125
18 0.33515625 0.8453125 0.0578125 0.1015625
27 0.45390625 0.8515625 0.1921875 0.0984375
11 0.70078125 0.85703125 0.0734375 0.0703125
3 0.575 0.90390625 0.146875 0.0890625
17 0.39453125 0.9390625 0.2375 0.1046875
13 0.33125 0.1796875 0.16875 0.1515625
30 0.70546875 0.21484375 0.171875 0.0671875
22 0.334375 0.41171875 0.109375 0.178125
35 0.72890625 0.41796875 0.121875 0.1328125
15 0.52421875 0.46484375 0.2484375 0.0703125