31 0.33203125 0.4859375 0.128125 0.053125
35 0.7453125 0.54140625 0.1203125 0.1421875
13 0.34609375 0.59765625 0.121875 0.13125
23 0.46875 0.590625 0.1359375 0.0984375
37 0.621875 0.59765625 0.165625 0.1015625
6 0.7203125 0.8078125 0.1640625 0.11875
1 0.59375 0.8671875 0.196875 0.11875
2 0.41796875 0.8984375 0.19375 0.1140625
7 0.8 0.87421875 0.2046875 0.125
22 0.4828125 0.15859375 0.1234375 0.1890625
35 0.3421875 0.19609375 0.134375 0.1375
27 0.64296875 0.17578125 0.196875 0.121875
11 0.39140625 0.4609375 0.078125 0.06875
36 0.5078125 0.45078125 0.2140625 0.09375
30 0.721875 0.4296875 0.1796875 0.090625