27 0.3703125 0.58359375 0.1421875 0.1
9 0.75234375 0.61484375 0.2078125 0.103125
3 0.54296875 0.628125 0.1265625 0.059375
36 0.62421875 0.8796875 0.1453125 0.11875
30 0.75 0.88984375 0.1625 0.1109375
7 0.3625 0.88125 0.1890625 0.128125
35 0.80859375 0.18828125 0.1375 0.15
34 0.6671875 0.20859375 0.1671875 0.0953125
8 0.40703125 0.2078125 0.1140625 0.05
15 0.45390625 0.44296875 0.2515625 0.10625
37 0.5859375 0.459375 0.1796875 0.0734375
14 0.71328125 0.46328125 0.1 0.0625
11 0.79296875 0.46875 0.0796875 0.0703125