35 0.74296875 0.5515625 0.1203125 0.1421875
13 0.34609375 0.58984375 0.1203125 0.1359375
27 0.46328125 0.60390625 0.1578125 0.115625
37 0.61484375 0.60546875 0.1609375 0.0984375
11 0.75703125 0.6046875 0.0859375 0.0734375
6 0.70234375 0.8203125 0.1609375 0.115625
18 0.35390625 0.8515625 0.065625 0.103125
1 0.57578125 0.875 0.1859375 0.1109375
17 0.41015625 0.94375 0.2390625 0.1125
22 0.50078125 0.1625 0.1234375 0.1984375
35 0.3578125 0.18671875 0.134375 0.1375
3 0.72109375 0.21015625 0.15625 0.0546875
36 0.509375 0.45 0.2140625 0.1015625
30 0.7265625 0.440625 0.1765625 0.08125
14 0.35234375 0.46640625 0.096875 0.0625