15 0.6484375 0.5421875 0.259375 0.1
23 0.3203125 0.59921875 0.1546875 0.09375
17 0.47265625 0.6015625 0.18125 0.1046875
33 0.63828125 0.58984375 0.253125 0.103125
3 0.475 0.87421875 0.1390625 0.0734375
27 0.3125 0.88671875 0.121875 0.1046875
16 0.696875 0.86328125 0.2015625 0.11875
18 0.415625 0.19609375 0.0640625 0.1109375
34 0.2734375 0.2171875 0.1640625 0.090625
37 0.52578125 0.209375 0.1703125 0.0859375
1 0.65703125 0.2015625 0.15625 0.065625
9 0.32109375 0.42890625 0.215625 0.0984375
6 0.6859375 0.43515625 0.209375 0.10625
31 0.484375 0.4609375 0.1265625 0.0421875