9 0.453125 0.590625 0.196875 0.0984375
4 0.79453125 0.62578125 0.18125 0.078125
9 0.621875 0.61484375 0.1546875 0.0609375
15 0.7171875 0.83828125 0.2046875 0.13125
27 0.5640625 0.85546875 0.1375 0.125
13 0.7859375 0.88359375 0.10625 0.140625
23 0.37265625 0.88828125 0.1546875 0.0875
18 0.49140625 0.1921875 0.065625 0.1
37 0.62109375 0.21796875 0.1578125 0.078125
34 0.79921875 0.23203125 0.134375 0.075
22 0.78671875 0.415625 0.09375 0.1546875
33 0.49453125 0.4 0.2890625 0.153125
12 0.40625 0.4453125 0.10625 0.0609375
16 0.65546875 0.4734375 0.1875 0.0640625