23 0.43359375 0.584375 0.2421875 0.1171875
37 0.72421875 0.6265625 0.1765625 0.096875
31 0.57421875 0.63515625 0.1328125 0.059375
18 0.65546875 0.89140625 0.0859375 0.1234375
3 0.4953125 0.87734375 0.1421875 0.078125
27 0.32578125 0.8625 0.1328125 0.121875
13 0.5796875 0.18203125 0.1640625 0.1609375
0 0.8 0.24375 0.175 0.08125
14 0.43671875 0.2046875 0.10625 0.0703125
11 0.69296875 0.2359375 0.0890625 0.0765625
34 0.62734375 0.4515625 0.1703125 0.0953125
1 0.44296875 0.44453125 0.221875 0.109375