13 0.40859375 0.565625 0.1640625 0.14375
34 0.3671875 0.6109375 0.1546875 0.103125
9 0.765625 0.5859375 0.2 0.109375
7 0.5609375 0.60625 0.2328125 0.0921875
1 0.81484375 0.84921875 0.1859375 0.1390625
17 0.44140625 0.9125 0.2109375 0.1015625
11 0.6671875 0.90078125 0.0890625 0.0796875
18 0.6265625 0.17578125 0.0828125 0.121875
6 0.36171875 0.21015625 0.203125 0.1109375
8 0.5640625 0.20546875 0.1125 0.0625
3 0.72890625 0.2046875 0.1328125 0.0359375
37 0.55078125 0.43984375 0.159375 0.084375
2 0.37109375 0.471875 0.2046875 0.0765625
36 0.71015625 0.44375 0.2640625 0.09375