0 0.39609375 0.59140625 0.1828125 0.078125
4 0.5359375 0.6140625 0.1828125 0.08125
9 0.75546875 0.6234375 0.2 0.08125
15 0.7015625 0.8625 0.15625 0.128125
8 0.3921875 0.8703125 0.1359375 0.0703125
34 0.58515625 0.87734375 0.1265625 0.084375
35 0.7890625 0.18046875 0.121875 0.1453125
37 0.5078125 0.21171875 0.2203125 0.0765625
12 0.359375 0.21328125 0.11875 0.053125
33 0.396875 0.41171875 0.1984375 0.153125
18 0.53203125 0.41640625 0.075 0.1
27 0.75859375 0.43671875 0.190625 0.1125
36 0.590625 0.4484375 0.2375 0.0859375