27 0.3734375 0.5890625 0.146875 0.1046875
6 0.5265625 0.59296875 0.1734375 0.10625
8 0.69765625 0.5984375 0.1484375 0.0703125
37 0.40625 0.8859375 0.184375 0.0921875
0 0.6140625 0.88828125 0.103125 0.1078125
0 0.75546875 0.9046875 0.0921875 0.0734375
9 0.76640625 0.196875 0.2328125 0.09375
3 0.3515625 0.22734375 0.1296875 0.0390625
31 0.515625 0.22890625 0.1453125 0.0484375
34 0.37265625 0.44296875 0.1375 0.0984375
14 0.68359375 0.45078125 0.1046875 0.0625
11 0.79296875 0.4515625 0.0828125 0.0703125
30 0.53125 0.46484375 0.1578125 0.0765625