7 0.62578125 0.4703125 0.1140625 0.04375
13 0.446875 0.5640625 0.1578125 0.1484375
6 0.5921875 0.57734375 0.1859375 0.10625
9 0.6921875 0.5984375 0.2890625 0.1171875
22 0.76953125 0.82578125 0.1140625 0.1671875
1 0.63046875 0.84921875 0.2109375 0.115625
22 0.81171875 0.846875 0.11875 0.171875
36 0.37734375 0.8859375 0.1859375 0.1375
33 0.3484375 0.16015625 0.2078125 0.1890625
35 0.5296875 0.178125 0.1328125 0.1390625
27 0.66640625 0.19609375 0.16875 0.1015625
14 0.8015625 0.2125 0.1125 0.053125
15 0.7859375 0.4140625 0.178125 0.1609375
18 0.33828125 0.4390625 0.075 0.121875
34 0.571875 0.4359375 0.1359375 0.1
37 0.43984375 0.4484375 0.15 0.078125
7 0.740625 0.45703125 0.1390625 0.08125