13 0.41171875 0.56328125 0.1578125 0.1265625
9 0.759375 0.596875 0.209375 0.096875
7 0.5578125 0.61171875 0.2265625 0.0796875
14 0.36328125 0.615625 0.0984375 0.0640625
1 0.79453125 0.8703125 0.1796875 0.134375
17 0.4171875 0.90703125 0.1828125 0.08125
11 0.6390625 0.915625 0.0796875 0.0796875
8 0.584375 0.2109375 0.0953125 0.0546875
3 0.75234375 0.22421875 0.1296875 0.0265625
6 0.4015625 0.421875 0.1609375 0.059375
18 0.7046875 0.428125 0.065625 0.1078125
37 0.56484375 0.44296875 0.1453125 0.078125
30 0.42578125 0.46640625 0.2578125 0.0640625