1 0.4296875 0.58671875 0.159375 0.0984375
9 0.74296875 0.61171875 0.2046875 0.1015625
37 0.5578125 0.61015625 0.153125 0.090625
11 0.334375 0.61171875 0.0890625 0.0734375
30 0.4109375 0.85703125 0.2328125 0.065625
27 0.73515625 0.87109375 0.1328125 0.1375
34 0.3578125 0.9171875 0.18125 0.125
17 0.58125 0.953125 0.21875 0.090625
8 0.55078125 0.21015625 0.08125 0.05625
14 0.71171875 0.221875 0.10625 0.0546875
31 0.37421875 0.22421875 0.1390625 0.040625
18 0.74765625 0.42421875 0.06875 0.08125
35 0.55390625 0.4203125 0.1171875 0.1296875
33 0.42265625 0.4421875 0.2515625 0.1
15 0.775 0.45546875 0.2 0.09375
36 0.609375 0.46875 0.10625 0.0625