1 0.44296875 0.596875 0.184375 0.1171875
9 0.7671875 0.57421875 0.2125 0.11875
37 0.5703125 0.59765625 0.1671875 0.10625
11 0.3640625 0.64375 0.1015625 0.090625
27 0.81171875 0.82109375 0.1375 0.1265625
34 0.56015625 0.86953125 0.1390625 0.109375
30 0.69375 0.8546875 0.140625 0.1125
2 0.425 0.9046875 0.1359375 0.084375
8 0.53984375 0.20546875 0.0859375 0.05625
14 0.67265625 0.19296875 0.1203125 0.0609375
6 0.38359375 0.42421875 0.196875 0.0671875
18 0.73359375 0.38671875 0.06875 0.0921875
15 0.78203125 0.4203125 0.18125 0.1203125
7 0.6140625 0.44296875 0.196875 0.084375
36 0.3953125 0.47265625 0.271875 0.1109375