34 0.37578125 0.5671875 0.1296875 0.09375
9 0.7484375 0.62109375 0.2015625 0.109375
7 0.5390625 0.615625 0.2390625 0.096875
1 0.75703125 0.89609375 0.178125 0.14375
17 0.37265625 0.896875 0.1921875 0.09375
11 0.609375 0.9265625 0.09375 0.084375
8 0.60546875 0.2203125 0.0890625 0.0578125
30 0.421875 0.2078125 0.1984375 0.071875
14 0.73359375 0.2359375 0.115625 0.0546875
6 0.40546875 0.4125 0.1828125 0.0703125
18 0.75546875 0.45 0.0734375 0.1265625
37 0.56875 0.4515625 0.1359375 0.084375
36 0.41015625 0.45390625 0.2828125 0.0875