9 0.54140625 0.5859375 0.253125 0.0921875
9 0.78359375 0.61640625 0.1671875 0.05625
15 0.6359375 0.83984375 0.1875 0.1125
13 0.49140625 0.8640625 0.134375 0.13125
4 0.378125 0.88046875 0.1453125 0.0921875
23 0.68984375 0.90078125 0.153125 0.08125
30 0.546875 0.21328125 0.1953125 0.0640625
12 0.38984375 0.21171875 0.1171875 0.0515625
31 0.80078125 0.2375 0.1765625 0.040625
22 0.73984375 0.40546875 0.1078125 0.153125
37 0.41484375 0.45 0.1546875 0.0703125
8 0.8140625 0.46640625 0.1390625 0.0609375
16 0.5984375 0.4640625 0.1984375 0.05625