1 0.42734375 0.5875 0.146875 0.096875
9 0.74140625 0.62109375 0.21875 0.1078125
37 0.5578125 0.61015625 0.15625 0.0984375
11 0.33828125 0.6078125 0.0890625 0.075
27 0.73203125 0.878125 0.153125 0.1125
30 0.4109375 0.86171875 0.228125 0.078125
34 0.346875 0.91484375 0.1828125 0.121875
17 0.58359375 0.95 0.2796875 0.1
8 0.56171875 0.215625 0.0890625 0.053125
14 0.728125 0.23515625 0.1203125 0.06875
31 0.403125 0.2234375 0.1359375 0.0328125
35 0.559375 0.41484375 0.109375 0.13125
18 0.75625 0.43125 0.08125 0.0890625
15 0.4296875 0.44140625 0.271875 0.11875
36 0.609375 0.47265625 0.1109375 0.0671875
7 0.76640625 0.484375 0.240625 0.0765625