10 0.6453125 0.45234375 0.11875 0.0484375
13 0.42734375 0.57578125 0.134375 0.1296875
34 0.5578125 0.5734375 0.15625 0.08125
9 0.7359375 0.58671875 0.225 0.0734375
35 0.70234375 0.80078125 0.11875 0.1375
15 0.82578125 0.8625 0.23125 0.134375
7 0.47109375 0.91796875 0.21875 0.0921875
6 0.56015625 0.1921875 0.1953125 0.1078125
30 0.72421875 0.178125 0.1609375 0.0859375
12 0.425 0.221875 0.134375 0.0640625
22 0.36796875 0.45625 0.1328125 0.090625
23 0.7671875 0.41640625 0.165625 0.0875
31 0.5125 0.4609375 0.1546875 0.059375