6 0.60859375 0.6 0.1765625 0.1078125
37 0.75390625 0.61640625 0.146875 0.075
9 0.42578125 0.58984375 0.19375 0.115625
35 0.77578125 0.8546875 0.1078125 0.146875
13 0.340625 0.834375 0.1046875 0.1265625
15 0.49375 0.86875 0.215625 0.109375
7 0.67578125 0.89453125 0.1328125 0.109375
30 0.81328125 0.24140625 0.1484375 0.065625
31 0.66328125 0.240625 0.1578125 0.046875
22 0.471875 0.3953125 0.09375 0.15625
27 0.803125 0.4640625 0.1703125 0.1140625
12 0.42265625 0.446875 0.109375 0.059375
4 0.578125 0.46328125 0.153125 0.075