13 0.41171875 0.57265625 0.16875 0.1390625
9 0.76484375 0.578125 0.2140625 0.115625
7 0.5640625 0.60625 0.2265625 0.0984375
14 0.3703125 0.6265625 0.1015625 0.0703125
1 0.82421875 0.84609375 0.184375 0.1484375
17 0.44765625 0.9140625 0.19375 0.1
11 0.67578125 0.9 0.090625 0.0796875
8 0.5578125 0.2046875 0.103125 0.059375
3 0.7265625 0.2046875 0.1296875 0.0390625
18 0.68515625 0.39609375 0.0734375 0.084375
6 0.39375 0.43671875 0.1609375 0.0671875
37 0.5546875 0.43984375 0.153125 0.0828125
36 0.70859375 0.43515625 0.2625 0.0984375
30 0.43046875 0.471875 0.2609375 0.0828125