7 0.62421875 0.48203125 0.109375 0.0421875
13 0.44453125 0.5453125 0.1484375 0.11875
6 0.58515625 0.58515625 0.171875 0.096875
11 0.75703125 0.61328125 0.0828125 0.0671875
9 0.43046875 0.6015625 0.290625 0.1203125
3 0.6859375 0.6265625 0.146875 0.05625
22 0.73671875 0.83984375 0.109375 0.15
35 0.6296875 0.85 0.1125 0.134375
30 0.37578125 0.83671875 0.1625 0.071875
22 0.78125 0.8734375 0.11875 0.1796875
1 0.73515625 0.93046875 0.1890625 0.1390625
36 0.34375 0.915625 0.1984375 0.125
2 0.5171875 0.9296875 0.1390625 0.0796875
33 0.37734375 0.146875 0.2 0.196875
35 0.8015625 0.203125 0.096875 0.13125
18 0.85390625 0.21328125 0.0765625 0.1109375
27 0.69453125 0.21015625 0.15 0.1078125
37 0.5125 0.21484375 0.1703125 0.0734375
15 0.78203125 0.44375 0.171875 0.1546875
34 0.571875 0.44375 0.11875 0.0859375
0 0.40859375 0.4390625 0.1828125 0.0734375
7 0.7515625 0.47578125 0.1453125 0.075
14 0.34140625 0.4515625 0.0984375 0.065625