1 0.43671875 0.59453125 0.14375 0.0921875
9 0.75234375 0.5953125 0.215625 0.1015625
37 0.56953125 0.603125 0.153125 0.0921875
11 0.35 0.62421875 0.0875 0.071875
27 0.7703125 0.8515625 0.15 0.1078125
30 0.44921875 0.86953125 0.2265625 0.0703125
34 0.390625 0.928125 0.178125 0.115625
17 0.63046875 0.9453125 0.2765625 0.103125
8 0.53125 0.21015625 0.0875 0.05
14 0.69921875 0.2125 0.1171875 0.065625
31 0.375 0.234375 0.134375 0.028125
35 0.55 0.409375 0.10625 0.128125
18 0.74765625 0.4046875 0.078125 0.0875
15 0.42421875 0.4484375 0.26875 0.109375
36 0.60546875 0.4609375 0.109375 0.0625
7 0.76328125 0.45625 0.2390625 0.0671875