2 0.571875 0.46953125 0.221875 0.065625
13 0.5796875 0.58671875 0.171875 0.121875
37 0.73125 0.58359375 0.146875 0.084375
33 0.40078125 0.61171875 0.2640625 0.0921875
8 0.715625 0.8796875 0.121875 0.0796875
31 0.44140625 0.89296875 0.13125 0.0671875
35 0.32578125 0.18046875 0.13125 0.14375
35 0.57890625 0.178125 0.1234375 0.1296875
7 0.62109375 0.20546875 0.3015625 0.0875
0 0.4421875 0.2171875 0.153125 0.071875
11 0.76796875 0.2078125 0.0859375 0.059375
23 0.696875 0.42890625 0.20625 0.0953125
9 0.35546875 0.45546875 0.1953125 0.1