18 0.471875 0.57109375 0.065625 0.121875
9 0.75703125 0.5890625 0.209375 0.1078125
3 0.3734375 0.63125 0.128125 0.05625
16 0.73828125 0.8796875 0.1765625 0.10625
17 0.428125 0.9125 0.1796875 0.09375
34 0.3671875 0.20703125 0.1515625 0.0921875
8 0.5671875 0.209375 0.0890625 0.059375
14 0.70078125 0.20390625 0.10625 0.0515625
6 0.39921875 0.42265625 0.1484375 0.0546875
37 0.56171875 0.44140625 0.1453125 0.0859375
30 0.74453125 0.44453125 0.165625 0.0796875
36 0.39765625 0.46640625 0.29375 0.0796875