27 0.50390625 0.5875 0.146875 0.103125
23 0.3578125 0.60703125 0.15625 0.10625
1 0.64765625 0.61640625 0.178125 0.0734375
0 0.6078125 0.89140625 0.1078125 0.10625
33 0.42734375 0.89765625 0.28125 0.159375
0 0.7453125 0.909375 0.0984375 0.071875
9 0.76484375 0.20234375 0.225 0.0875
3 0.35390625 0.22578125 0.128125 0.0390625
31 0.51328125 0.23046875 0.14375 0.0453125
34 0.37265625 0.4328125 0.1328125 0.0703125
16 0.57109375 0.4546875 0.1921875 0.0515625
8 0.684375 0.45703125 0.1125 0.059375
7 0.34609375 0.465625 0.1796875 0.08125