15 0.6453125 0.55 0.2484375 0.0953125
23 0.31640625 0.59765625 0.165625 0.09375
33 0.6390625 0.58359375 0.2390625 0.1171875
17 0.4734375 0.59765625 0.1921875 0.1015625
27 0.3046875 0.88046875 0.1375 0.1125
3 0.471875 0.87578125 0.146875 0.0734375
16 0.7 0.86796875 0.209375 0.1171875
18 0.41953125 0.196875 0.0625 0.1
34 0.2640625 0.21875 0.1609375 0.0890625
37 0.52578125 0.20859375 0.178125 0.08125
1 0.65078125 0.20625 0.1453125 0.0734375
9 0.31796875 0.4296875 0.2171875 0.0890625
6 0.68125 0.434375 0.1953125 0.1046875
31 0.48515625 0.4609375 0.1390625 0.046875