15 0.646875 0.54921875 0.2609375 0.10625
23 0.315625 0.590625 0.15625 0.096875
17 0.46796875 0.59921875 0.1828125 0.1078125
33 0.63359375 0.596875 0.2546875 0.10625
3 0.45546875 0.87265625 0.1390625 0.0765625
27 0.29296875 0.8765625 0.1234375 0.1078125
16 0.67734375 0.8734375 0.2046875 0.1234375
18 0.43203125 0.1921875 0.065625 0.1109375
34 0.28828125 0.20546875 0.165625 0.09375
37 0.540625 0.2109375 0.1734375 0.0890625
1 0.67265625 0.21015625 0.15625 0.0671875
9 0.325 0.41953125 0.2171875 0.1015625
6 0.6890625 0.4453125 0.2109375 0.109375
31 0.48671875 0.46015625 0.128125 0.04375