35 0.765625 0.5796875 0.1203125 0.1375
23 0.4109375 0.57890625 0.1484375 0.096875
6 0.58515625 0.590625 0.165625 0.1015625
22 0.646875 0.81484375 0.103125 0.1453125
11 0.33828125 0.8609375 0.075 0.071875
18 0.35625 0.884375 0.0625 0.1125
9 0.625 0.9296875 0.2296875 0.13125
8 0.73515625 0.221875 0.09375 0.05625
3 0.5234375 0.22421875 0.1453125 0.04375
13 0.396875 0.4171875 0.1734375 0.1453125
34 0.55390625 0.44921875 0.140625 0.0875
36 0.79375 0.4671875 0.1203125 0.0765625
36 0.6828125 0.4640625 0.078125 0.0609375