6 0.62421875 0.58515625 0.1765625 0.09375
35 0.78515625 0.61015625 0.1328125 0.153125
1 0.43671875 0.5828125 0.203125 0.0890625
23 0.665625 0.609375 0.1890625 0.1015625
3 0.51640625 0.62734375 0.1234375 0.0609375
22 0.7328125 0.83984375 0.1125 0.16875
22 0.64453125 0.83203125 0.1078125 0.1671875
15 0.37578125 0.85625 0.2140625 0.1359375
31 0.53203125 0.87890625 0.1125 0.0671875
30 0.76015625 0.94453125 0.2046875 0.1109375
17 0.52734375 0.95078125 0.2046875 0.0984375
27 0.81640625 0.2234375 0.1328125 0.1015625
33 0.40546875 0.18828125 0.2671875 0.1046875
7 0.496875 0.21328125 0.2203125 0.0796875
37 0.6765625 0.22890625 0.1640625 0.0765625
34 0.3796875 0.43125 0.14375 0.0953125
8 0.7265625 0.475 0.1515625 0.065625
14 0.603125 0.4703125 0.1046875 0.0671875