13 0.34140625 0.58359375 0.1203125 0.125
37 0.72734375 0.58984375 0.1484375 0.090625
23 0.465625 0.59296875 0.1390625 0.1
6 0.6875 0.825 0.15625 0.0984375
2 0.38203125 0.88671875 0.1953125 0.10625
7 0.7640625 0.90078125 0.2046875 0.1203125
33 0.5484375 0.90390625 0.275 0.1609375
35 0.59296875 0.184375 0.1265625 0.13125
9 0.75078125 0.20625 0.215625 0.090625
8 0.3859375 0.20703125 0.153125 0.06875
18 0.3515625 0.42109375 0.0609375 0.1015625
36 0.54140625 0.45 0.21875 0.0921875
16 0.75859375 0.4640625 0.2265625 0.075
31 0.33984375 0.465625 0.11875 0.04375