13 0.4046875 0.55390625 0.1609375 0.1296875
34 0.35234375 0.596875 0.140625 0.0984375
9 0.75078125 0.6078125 0.2046875 0.10625
7 0.55078125 0.61328125 0.225 0.084375
1 0.78203125 0.8796875 0.1703125 0.1359375
17 0.40234375 0.90078125 0.1796875 0.0921875
11 0.6265625 0.9203125 0.084375 0.0828125
6 0.3890625 0.1953125 0.2046875 0.103125
8 0.59609375 0.2125 0.1125 0.05625
31 0.784375 0.23359375 0.1359375 0.03125
37 0.55703125 0.44765625 0.1578125 0.0828125
14 0.66953125 0.453125 0.1046875 0.0546875
2 0.37734375 0.45859375 0.184375 0.06875