6 0.63125 0.57421875 0.171875 0.084375
35 0.79375 0.58515625 0.1265625 0.1453125
1 0.44453125 0.58828125 0.2 0.078125
23 0.67421875 0.59453125 0.184375 0.0921875
3 0.528125 0.62578125 0.1203125 0.053125
22 0.7609375 0.81875 0.1046875 0.1640625
22 0.67265625 0.81875 0.1 0.1625
15 0.40703125 0.865625 0.2078125 0.1234375
31 0.56484375 0.87421875 0.109375 0.0609375
30 0.79765625 0.93125 0.196875 0.11875
17 0.56640625 0.9515625 0.1984375 0.096875
27 0.79140625 0.196875 0.128125 0.09375
33 0.378125 0.19765625 0.2625 0.090625
7 0.471875 0.21484375 0.21875 0.0671875
37 0.65234375 0.21484375 0.1609375 0.06875
34 0.37421875 0.4421875 0.1390625 0.0890625
8 0.7234375 0.45546875 0.15 0.0578125
14 0.6 0.46171875 0.103125 0.0625