7 0.62265625 0.4734375 0.1078125 0.0390625
13 0.44765625 0.54921875 0.14375 0.115625
6 0.590625 0.57890625 0.16875 0.0921875
11 0.7640625 0.5953125 0.08125 0.065625
9 0.4375 0.60625 0.2875 0.109375
3 0.69453125 0.61328125 0.146875 0.053125
22 0.76015625 0.82265625 0.10625 0.1484375
35 0.65390625 0.83984375 0.10625 0.13125
30 0.39921875 0.84453125 0.1609375 0.0671875
22 0.80625 0.853125 0.1125 0.1765625
1 0.765625 0.91875 0.1859375 0.1421875
36 0.3734375 0.92578125 0.19375 0.11875
2 0.546875 0.92734375 0.1375 0.0765625
33 0.353125 0.15625 0.19375 0.190625
35 0.78046875 0.1828125 0.0921875 0.1265625
18 0.8328125 0.1890625 0.071875 0.109375
27 0.67421875 0.19765625 0.1484375 0.1046875
37 0.49296875 0.21484375 0.1671875 0.06875
15 0.77734375 0.42421875 0.16875 0.15
34 0.56796875 0.4390625 0.1171875 0.08125
0 0.4046875 0.4453125 0.1828125 0.0671875
7 0.74921875 0.45859375 0.14375 0.071875
14 0.33828125 0.4625 0.0953125 0.0625