13 0.33671875 0.575 0.1171875 0.121875
37 0.72265625 0.6015625 0.146875 0.0890625
23 0.4609375 0.590625 0.1375 0.0984375
6 0.6703125 0.834375 0.1546875 0.096875
2 0.36171875 0.8796875 0.19375 0.103125
7 0.74296875 0.9140625 0.203125 0.1171875
33 0.52734375 0.90625 0.2734375 0.15625
35 0.609375 0.1890625 0.1234375 0.128125
9 0.765625 0.21953125 0.2140625 0.0859375
8 0.4015625 0.2015625 0.153125 0.0671875
18 0.35625 0.41328125 0.059375 0.1015625
36 0.54375 0.45234375 0.2171875 0.0875
16 0.76015625 0.478125 0.2265625 0.071875
31 0.3421875 0.45703125 0.1171875 0.040625