27 0.7140625 0.56328125 0.1640625 0.0921875
2 0.378125 0.60859375 0.1578125 0.0515625
31 0.584375 0.625 0.1703125 0.065625
37 0.41953125 0.88671875 0.1625 0.1046875
9 0.7609375 0.871875 0.203125 0.1234375
8 0.5875 0.88046875 0.109375 0.090625
6 0.71640625 0.1859375 0.153125 0.0828125
33 0.58671875 0.19921875 0.2984375 0.0984375
11 0.79609375 0.1953125 0.0890625 0.0671875
3 0.35078125 0.22890625 0.1640625 0.0515625
34 0.496875 0.43828125 0.146875 0.0828125
23 0.35078125 0.453125 0.125 0.0921875
15 0.728125 0.4515625 0.2875 0.078125