10 0.6484375 0.465625 0.1171875 0.046875
13 0.4203125 0.56875 0.1328125 0.128125
34 0.55078125 0.578125 0.15625 0.078125
9 0.728125 0.60703125 0.225 0.0703125
35 0.67578125 0.8171875 0.115625 0.1359375
15 0.79375 0.8890625 0.2296875 0.13125
7 0.43515625 0.91328125 0.2171875 0.0875
6 0.5859375 0.1984375 0.19375 0.1046875
30 0.7515625 0.19921875 0.159375 0.0828125
12 0.44921875 0.21640625 0.1328125 0.0625
22 0.37265625 0.44375 0.1328125 0.0890625
23 0.7734375 0.4390625 0.1640625 0.084375
31 0.51640625 0.46171875 0.1546875 0.0578125