0 0.38984375 0.58828125 0.178125 0.0796875
34 0.56484375 0.60546875 0.1265625 0.075
9 0.746875 0.62890625 0.1640625 0.046875
6 0.71953125 0.884375 0.175 0.121875
4 0.54609375 0.8828125 0.1578125 0.0875
15 0.37421875 0.88046875 0.196875 0.1203125
33 0.8203125 0.184375 0.15 0.1796875
12 0.68828125 0.22890625 0.1203125 0.0421875
37 0.471875 0.21640625 0.215625 0.06875
18 0.540625 0.41640625 0.065625 0.090625
35 0.4125 0.4109375 0.1234375 0.140625
27 0.76640625 0.4484375 0.1734375 0.1
36 0.59296875 0.45859375 0.2234375 0.0875