13 0.40859375 0.5546875 0.1640625 0.1328125
9 0.75078125 0.609375 0.2046875 0.10625
23 0.365625 0.6046875 0.190625 0.1125
7 0.54765625 0.61484375 0.2265625 0.096875
1 0.77734375 0.88125 0.1890625 0.1390625
17 0.40625 0.9046875 0.1921875 0.10625
11 0.6265625 0.9171875 0.0890625 0.0796875
34 0.36484375 0.19921875 0.16875 0.0984375
8 0.59375 0.2125 0.1109375 0.0609375
31 0.7796875 0.2375 0.1375 0.0375
37 0.54296875 0.4453125 0.1375 0.0890625
6 0.646875 0.4546875 0.171875 0.0984375
2 0.378125 0.46328125 0.1921875 0.071875