15 0.584375 0.47578125 0.2984375 0.0921875
9 0.71796875 0.61328125 0.2234375 0.1171875
30 0.5265625 0.609375 0.171875 0.0953125
31 0.38828125 0.5984375 0.128125 0.053125
22 0.6296875 0.83359375 0.1046875 0.1734375
11 0.3203125 0.8515625 0.078125 0.075
35 0.54296875 0.88359375 0.134375 0.1578125
18 0.33671875 0.8765625 0.0703125 0.115625
8 0.74921875 0.23515625 0.09375 0.05625
13 0.39453125 0.40625 0.1578125 0.1640625
36 0.7921875 0.4828125 0.1359375 0.084375
36 0.68203125 0.47265625 0.08125 0.0515625