7 0.62578125 0.475 0.1296875 0.0421875
13 0.4328125 0.53828125 0.1421875 0.0703125
6 0.58203125 0.56875 0.15625 0.071875
11 0.76953125 0.584375 0.078125 0.040625
9 0.646875 0.60859375 0.2515625 0.1046875
23 0.4171875 0.60546875 0.2328125 0.103125
14 0.82109375 0.6296875 0.115625 0.0671875
22 0.74765625 0.83046875 0.103125 0.153125
30 0.39453125 0.8484375 0.1390625 0.09375
22 0.79921875 0.85703125 0.115625 0.178125
17 0.546875 0.8546875 0.1421875 0.065625
35 0.66484375 0.86875 0.1171875 0.140625
1 0.76796875 0.9234375 0.2 0.13125
16 0.5171875 0.92265625 0.171875 0.1453125
33 0.34609375 0.15546875 0.184375 0.1875
35 0.78125 0.18125 0.1015625 0.1296875
27 0.67421875 0.1828125 0.1140625 0.0515625
18 0.8359375 0.19296875 0.071875 0.1140625
36 0.66640625 0.2078125 0.2640625 0.084375
37 0.4875 0.2171875 0.1515625 0.0609375
15 0.79296875 0.4203125 0.1640625 0.1578125
34 0.571875 0.43671875 0.1375 0.0796875
0 0.4078125 0.440625 0.171875 0.06875
8 0.42109375 0.45234375 0.1421875 0.06875
7 0.74765625 0.4640625 0.1265625 0.071875