1 0.42890625 0.58359375 0.1609375 0.1203125
9 0.74296875 0.63046875 0.2140625 0.1171875
37 0.54921875 0.61015625 0.153125 0.1046875
11 0.3328125 0.6 0.090625 0.0796875
27 0.7140625 0.88984375 0.1578125 0.1328125
30 0.40390625 0.8578125 0.240625 0.0875
34 0.32890625 0.90703125 0.175 0.125
17 0.54375 0.94921875 0.228125 0.1015625
8 0.60625 0.2234375 0.0890625 0.0625
14 0.73984375 0.24296875 0.121875 0.0640625
18 0.753125 0.4359375 0.0609375 0.071875
35 0.56015625 0.42109375 0.1203125 0.1484375
15 0.7734375 0.478125 0.2265625 0.1125
6 0.42265625 0.44296875 0.196875 0.1109375
36 0.6109375 0.475 0.0921875 0.065625