35 0.7546875 0.534375 0.125 0.1453125
13 0.34375 0.60390625 0.1671875 0.1390625
31 0.61640625 0.6015625 0.134375 0.0640625
22 0.68046875 0.790625 0.109375 0.159375
18 0.37109375 0.8625 0.0671875 0.1109375
2 0.646875 0.884375 0.2765625 0.109375
30 0.4109375 0.9328125 0.1875 0.134375
13 0.29140625 0.2 0.178125 0.16875
6 0.4578125 0.20703125 0.2078125 0.1015625
0 0.58046875 0.20078125 0.10625 0.0796875
37 0.703125 0.1875 0.1859375 0.0859375
34 0.38359375 0.4609375 0.140625 0.0921875
7 0.53515625 0.45390625 0.2078125 0.0875