31 0.3390625 0.459375 0.1421875 0.0421875
35 0.7359375 0.5796875 0.115625 0.1375
23 0.44453125 0.5875 0.1515625 0.1
13 0.33671875 0.58203125 0.1203125 0.1390625
37 0.6 0.61328125 0.1703125 0.103125
6 0.6703125 0.8375 0.15625 0.1046875
2 0.359375 0.88125 0.190625 0.10625
33 0.52421875 0.89375 0.2734375 0.153125
7 0.73046875 0.909375 0.2203125 0.121875
35 0.6046875 0.1875 0.11875 0.1265625
9 0.75546875 0.2109375 0.2234375 0.09375
34 0.3828125 0.20078125 0.165625 0.090625
11 0.39921875 0.4421875 0.0765625 0.065625
30 0.73828125 0.4625 0.1578125 0.071875
36 0.51953125 0.45078125 0.2125 0.0765625