35 0.7421875 0.55703125 0.1234375 0.14375
13 0.34375 0.5875 0.1234375 0.1375
27 0.4609375 0.603125 0.1609375 0.1171875
37 0.61328125 0.6078125 0.1625 0.1015625
11 0.75625 0.60859375 0.0859375 0.075
6 0.696875 0.8234375 0.1625 0.1171875
18 0.3484375 0.84921875 0.0671875 0.10625
1 0.56875 0.8765625 0.1875 0.1140625
17 0.4015625 0.9421875 0.240625 0.115625
22 0.50625 0.1625 0.1265625 0.2
35 0.3625 0.184375 0.1375 0.1421875
3 0.72578125 0.21484375 0.15625 0.05625
36 0.51015625 0.45078125 0.215625 0.1046875
30 0.728125 0.44375 0.1765625 0.084375
14 0.35234375 0.4640625 0.096875 0.0640625