3 0.4625 0.47421875 0.1359375 0.0546875
7 0.6140625 0.4609375 0.115625 0.04375
13 0.4484375 0.5515625 0.153125 0.115625
6 0.59765625 0.56328125 0.178125 0.096875
11 0.771875 0.56171875 0.09375 0.0734375
9 0.45625 0.6140625 0.3015625 0.1328125
16 0.72578125 0.59609375 0.24375 0.0765625
22 0.7890625 0.796875 0.1 0.15625
30 0.44140625 0.8515625 0.1546875 0.08125
22 0.84296875 0.8171875 0.121875 0.1828125
36 0.58515625 0.846875 0.1421875 0.0859375
35 0.709375 0.84453125 0.1234375 0.15
17 0.43046875 0.92109375 0.2046875 0.10625
1 0.8171875 0.890625 0.2109375 0.1453125
2 0.58046875 0.925 0.125 0.0890625
33 0.3109375 0.1703125 0.203125 0.2046875
35 0.74453125 0.15390625 0.1125 0.15
18 0.79921875 0.15546875 0.0765625 0.13125
27 0.63359375 0.178125 0.14375 0.1
37 0.4625 0.21484375 0.1921875 0.084375
15 0.77578125 0.39375 0.18125 0.1703125
34 0.55859375 0.42734375 0.121875 0.0828125
0 0.4 0.45234375 0.1734375 0.0828125
7 0.7390625 0.434375 0.146875 0.0796875
14 0.3359375 0.48046875 0.103125 0.065625