6 0.6234375 0.5546875 0.15625 0.0578125
34 0.40625 0.578125 0.140625 0.0640625
35 0.7890625 0.58203125 0.1234375 0.140625
23 0.63984375 0.59765625 0.2015625 0.1046875
3 0.43125 0.62734375 0.1515625 0.0625
22 0.671875 0.8203125 0.090625 0.1609375
22 0.75703125 0.82109375 0.0921875 0.16875
15 0.4015625 0.85859375 0.1875 0.1171875
31 0.5578125 0.8609375 0.1140625 0.05
9 0.77109375 0.9296875 0.209375 0.1328125
30 0.54921875 0.93203125 0.1640625 0.1125
1 0.36796875 0.94296875 0.190625 0.096875
33 0.371875 0.1765625 0.2671875 0.14375
27 0.7921875 0.19765625 0.1375 0.09375
37 0.65234375 0.2140625 0.1578125 0.0671875
7 0.46875 0.21640625 0.2125 0.059375
0 0.4046875 0.446875 0.178125 0.0765625
8 0.72109375 0.4546875 0.153125 0.0640625
14 0.6015625 0.4625 0.1015625 0.0609375