3 0.61953125 0.478125 0.1546875 0.0546875
13 0.4078125 0.55703125 0.175 0.121875
9 0.75703125 0.61328125 0.2015625 0.1046875
23 0.3703125 0.60390625 0.18125 0.1109375
7 0.54921875 0.615625 0.2296875 0.0875
1 0.77109375 0.88984375 0.175 0.134375
17 0.3984375 0.9046875 0.1875 0.1015625
11 0.61875 0.9203125 0.09375 0.0859375
34 0.37109375 0.196875 0.140625 0.096875
8 0.60234375 0.21640625 0.1046875 0.0578125
31 0.7890625 0.23984375 0.1265625 0.03125
14 0.67421875 0.446875 0.10625 0.0390625
37 0.55859375 0.4453125 0.1546875 0.0859375
2 0.38671875 0.45859375 0.196875 0.0671875