10 0.57890625 0.48203125 0.1328125 0.04375
13 0.4234375 0.56484375 0.1328125 0.128125
9 0.571875 0.615625 0.1671875 0.06875
8 0.75859375 0.63515625 0.1546875 0.0671875
35 0.74609375 0.8828125 0.1296875 0.1453125
15 0.6265625 0.88046875 0.159375 0.13125
7 0.47421875 0.86953125 0.153125 0.1015625
34 0.34609375 0.86015625 0.1375 0.1078125
23 0.4921875 0.20390625 0.1703125 0.084375
30 0.81875 0.246875 0.1484375 0.06875
37 0.61875 0.22578125 0.134375 0.0671875
22 0.7 0.41953125 0.096875 0.159375
11 0.77265625 0.471875 0.0765625 0.0671875
12 0.4234375 0.4453125 0.109375 0.0609375