7 0.6203125 0.475 0.1171875 0.05
13 0.43515625 0.55625 0.134375 0.125
6 0.58671875 0.56953125 0.1796875 0.090625
11 0.76875 0.59609375 0.084375 0.0703125
9 0.6515625 0.60546875 0.2828125 0.1296875
23 0.4109375 0.6078125 0.2171875 0.1109375
22 0.75703125 0.8359375 0.115625 0.178125
30 0.39140625 0.85 0.1671875 0.1046875
22 0.80390625 0.8625 0.128125 0.1953125
35 0.66328125 0.86796875 0.1453125 0.1484375
16 0.5203125 0.915625 0.2125 0.14375
1 0.7671875 0.9328125 0.2171875 0.13125
33 0.3421875 0.15703125 0.1921875 0.2046875
35 0.7875 0.18125 0.1140625 0.13125
27 0.67578125 0.18359375 0.1171875 0.0640625
18 0.834375 0.190625 0.0796875 0.1234375
36 0.66875 0.21328125 0.26875 0.1109375
37 0.4828125 0.215625 0.1484375 0.0671875
15 0.7796875 0.4234375 0.1828125 0.1640625
34 0.57109375 0.43671875 0.1296875 0.084375
0 0.4046875 0.4453125 0.1890625 0.0859375
7 0.74765625 0.46328125 0.1484375 0.084375
14 0.334375 0.4578125 0.1140625 0.0734375
3 0.46484375 0.4640625 0.14375 0.0625