35 0.7453125 0.5828125 0.1203125 0.140625
13 0.3375 0.584375 0.134375 0.15
31 0.596875 0.621875 0.1265625 0.0546875
22 0.6203125 0.81875 0.1109375 0.1515625
18 0.30390625 0.83203125 0.059375 0.1078125
2 0.56953125 0.909375 0.2703125 0.0984375
30 0.33515625 0.91328125 0.18125 0.134375
13 0.35234375 0.16875 0.171875 0.171875
6 0.5140625 0.20390625 0.196875 0.0890625
0 0.63984375 0.221875 0.2875 0.0890625
37 0.80625 0.2390625 0.1046875 0.0609375
34 0.39296875 0.4390625 0.1546875 0.09375
7 0.5453125 0.4625 0.2 0.0828125