7 0.62578125 0.48984375 0.115625 0.0484375
6 0.62109375 0.571875 0.1578125 0.06875
34 0.39921875 0.56015625 0.1546875 0.0828125
11 0.75859375 0.6203125 0.0765625 0.0625
23 0.63046875 0.6140625 0.2140625 0.115625
31 0.40234375 0.61484375 0.171875 0.0625
14 0.8015625 0.66328125 0.1328125 0.0734375
22 0.6453125 0.83984375 0.1171875 0.16875
3 0.490625 0.8328125 0.109375 0.0625
35 0.73671875 0.86328125 0.1140625 0.1234375
30 0.359375 0.83515625 0.153125 0.1078125
1 0.528125 0.89140625 0.196875 0.109375
9 0.71484375 0.93828125 0.2265625 0.1234375
17 0.49921875 0.9546875 0.2015625 0.090625
33 0.3828125 0.14375 0.196875 0.1984375
27 0.70546875 0.2015625 0.1234375 0.0640625
35 0.81953125 0.21875 0.1109375 0.1390625
18 0.86875 0.23203125 0.084375 0.125
36 0.6953125 0.22890625 0.2890625 0.1125
37 0.5171875 0.21328125 0.1640625 0.0734375
13 0.5234375 0.41484375 0.1546875 0.146875
15 0.78359375 0.4515625 0.196875 0.1765625
13 0.64765625 0.43828125 0.1546875 0.10625
0 0.40625 0.43125 0.184375 0.071875
8 0.4265625 0.44296875 0.1390625 0.0703125
7 0.74609375 0.48984375 0.13125 0.084375