35 0.75 0.55546875 0.1140625 0.1359375
13 0.33515625 0.590625 0.1546875 0.1265625
31 0.6078125 0.61171875 0.13125 0.053125
22 0.6546875 0.80625 0.0984375 0.1515625
18 0.33984375 0.85078125 0.0578125 0.10625
2 0.6125 0.89609375 0.2703125 0.0859375
30 0.3734375 0.92734375 0.1765625 0.1265625
13 0.31875 0.1828125 0.1671875 0.1546875
6 0.4828125 0.20390625 0.2015625 0.084375
0 0.60703125 0.20859375 0.1015625 0.071875
37 0.7296875 0.20625 0.18125 0.0703125
34 0.3875 0.45078125 0.134375 0.08125
7 0.5390625 0.45703125 0.203125 0.0703125