35 0.74765625 0.53984375 0.121875 0.1453125
13 0.34609375 0.6015625 0.128125 0.1390625
27 0.46796875 0.6046875 0.159375 0.121875
11 0.7625 0.59140625 0.0859375 0.075
6 0.72109375 0.81015625 0.1609375 0.115625
18 0.375 0.85859375 0.0671875 0.1046875
1 0.596875 0.86875 0.1859375 0.1140625
17 0.4328125 0.94453125 0.240625 0.1109375
22 0.48515625 0.16015625 0.128125 0.1875
35 0.34296875 0.1953125 0.1375 0.1390625
3 0.70546875 0.20078125 0.153125 0.0546875
36 0.50390625 0.45078125 0.2234375 0.103125
30 0.72578125 0.4328125 0.178125 0.096875
14 0.35078125 0.47421875 0.0984375 0.0640625