23 0.45234375 0.59609375 0.2421875 0.1171875
37 0.7453125 0.57734375 0.175 0.0953125
31 0.6015625 0.61640625 0.13125 0.059375
18 0.7328125 0.8515625 0.0859375 0.121875
3 0.5734375 0.8703125 0.1421875 0.0796875
27 0.4046875 0.89140625 0.13125 0.1234375
13 0.51171875 0.171875 0.1640625 0.1609375
0 0.73984375 0.18671875 0.175 0.0796875
14 0.37734375 0.22421875 0.10625 0.071875
11 0.63359375 0.20234375 0.0890625 0.075
34 0.61484375 0.4265625 0.16875 0.0953125
1 0.4328125 0.45703125 0.221875 0.109375