35 0.7515625 0.5609375 0.11875 0.1375
13 0.3453125 0.5984375 0.13125 0.1484375
31 0.60703125 0.6125 0.125 0.053125
22 0.64765625 0.80703125 0.1078125 0.15
18 0.33359375 0.8484375 0.0578125 0.10625
2 0.6046875 0.90234375 0.26875 0.09375
30 0.371875 0.92578125 0.1796875 0.13125
13 0.32421875 0.1828125 0.1703125 0.1703125
6 0.48828125 0.20390625 0.196875 0.0859375
0 0.61484375 0.2109375 0.2875 0.084375
37 0.78203125 0.21328125 0.103125 0.059375
34 0.38828125 0.4484375 0.153125 0.090625
7 0.54140625 0.45859375 0.2 0.078125