9 0.71640625 0.6140625 0.225 0.1171875
30 0.528125 0.61015625 0.165625 0.0875
31 0.38515625 0.59921875 0.121875 0.0671875
22 0.62890625 0.83359375 0.1109375 0.171875
11 0.31953125 0.853125 0.078125 0.0765625
35 0.54375 0.88359375 0.125 0.159375
18 0.33671875 0.8765625 0.0703125 0.1140625
35 0.4421875 0.1703125 0.1203125 0.1421875
8 0.75078125 0.23515625 0.0890625 0.0484375
36 0.6953125 0.4671875 0.0703125 0.053125
36 0.8 0.48125 0.1234375 0.0890625
34 0.3984375 0.44140625 0.153125 0.09375
15 0.58984375 0.4703125 0.2578125 0.0890625