3 0.46640625 0.47109375 0.1515625 0.0546875
7 0.6171875 0.46328125 0.1046875 0.0453125
13 0.44296875 0.55078125 0.1546875 0.10625
6 0.596875 0.55703125 0.184375 0.0796875
11 0.7875 0.57265625 0.0859375 0.0609375
9 0.66484375 0.59609375 0.2734375 0.1203125
23 0.434375 0.61015625 0.2390625 0.10625
22 0.77421875 0.81015625 0.096875 0.15625
36 0.56171875 0.846875 0.1484375 0.0875
22 0.82578125 0.83359375 0.1109375 0.175
30 0.421875 0.85625 0.1578125 0.0859375
35 0.6921875 0.85234375 0.1203125 0.15
1 0.790625 0.90234375 0.1984375 0.134375
2 0.54765625 0.9375 0.1703125 0.103125
33 0.32421875 0.1703125 0.1953125 0.1765625
35 0.7625 0.16484375 0.0921875 0.134375
18 0.81328125 0.171875 0.0796875 0.1203125
27 0.64921875 0.18984375 0.146875 0.09375
37 0.47890625 0.2171875 0.175 0.0765625
15 0.771875 0.40390625 0.1765625 0.1609375
34 0.5640625 0.43125 0.125 0.0796875
0 0.40546875 0.4484375 0.1765625 0.0765625
7 0.73828125 0.446875 0.1453125 0.075
14 0.334375 0.471875 0.1078125 0.065625