7 0.74453125 0.44921875 0.265625 0.075
1 0.4390625 0.59765625 0.1671875 0.1171875
9 0.76015625 0.58515625 0.2109375 0.1078125
37 0.56875 0.60234375 0.1625 0.1015625
27 0.771875 0.84375 0.15 0.103125
30 0.51328125 0.86953125 0.1546875 0.0859375
11 0.61796875 0.87265625 0.0859375 0.0625
6 0.39296875 0.909375 0.16875 0.1359375
16 0.659375 0.9265625 0.2515625 0.0828125
33 0.34765625 0.19765625 0.265625 0.1265625
14 0.66953125 0.2046875 0.1109375 0.0578125
31 0.55078125 0.2234375 0.1234375 0.0421875
35 0.5484375 0.41015625 0.134375 0.1359375
18 0.353125 0.428125 0.06875 0.09375
8 0.3890625 0.4625 0.125 0.0671875