1 0.43125 0.6 0.1734375 0.10625
9 0.75390625 0.59140625 0.209375 0.1046875
37 0.56328125 0.60390625 0.1609375 0.09375
27 0.77421875 0.85 0.153125 0.1265625
30 0.49921875 0.86640625 0.153125 0.0828125
6 0.38671875 0.909375 0.178125 0.134375
33 0.35625 0.19375 0.25 0.1265625
14 0.67578125 0.20859375 0.11875 0.0625
31 0.5515625 0.2265625 0.1375 0.0359375
18 0.3546875 0.42578125 0.06875 0.10625
34 0.58359375 0.43515625 0.1375 0.0875
0 0.71484375 0.44140625 0.159375 0.08125
8 0.40703125 0.46015625 0.1328125 0.065625