6 0.63125 0.55546875 0.1671875 0.0546875
34 0.39296875 0.5703125 0.140625 0.084375
11 0.76796875 0.60625 0.0859375 0.065625
23 0.63515625 0.6109375 0.209375 0.0953125
31 0.409375 0.61875 0.16875 0.0625
14 0.809375 0.65 0.1109375 0.0671875
35 0.75 0.8375 0.1140625 0.084375
30 0.3625 0.8390625 0.1421875 0.0953125
22 0.57109375 0.88671875 0.11875 0.190625
22 0.4640625 0.88203125 0.1265625 0.190625
16 0.746875 0.9359375 0.2375 0.128125
33 0.36953125 0.14296875 0.1671875 0.18125
35 0.8078125 0.19609375 0.09375 0.1265625
18 0.84765625 0.2109375 0.0828125 0.121875
36 0.6875 0.20625 0.253125 0.115625
37 0.503125 0.2140625 0.159375 0.0625
13 0.56328125 0.415625 0.1359375 0.128125
15 0.79609375 0.44140625 0.1734375 0.146875
0 0.403125 0.4296875 0.18125 0.071875
8 0.42421875 0.45 0.14375 0.0703125
7 0.69375 0.471875 0.2421875 0.0859375