7 0.621875 0.4796875 0.115625 0.0390625
6 0.58125 0.58203125 0.1859375 0.1
1 0.453125 0.5765625 0.1703125 0.090625
11 0.709375 0.6171875 0.0828125 0.06875
22 0.74140625 0.840625 0.1078125 0.1609375
22 0.7875 0.86484375 0.109375 0.1703125
30 0.59609375 0.89375 0.2109375 0.1078125
36 0.34296875 0.88359375 0.1765625 0.13125
33 0.35859375 0.15 0.2 0.1828125
8 0.52734375 0.21640625 0.0921875 0.053125
14 0.8109375 0.234375 0.115625 0.05
31 0.684375 0.24453125 0.140625 0.03125
15 0.78984375 0.4359375 0.165625 0.1453125
18 0.33984375 0.4265625 0.06875 0.11875
34 0.5796875 0.4453125 0.134375 0.0875
37 0.44375 0.44453125 0.153125 0.0765625
7 0.74296875 0.46953125 0.1390625 0.0734375