13 0.41328125 0.56640625 0.16875 0.1421875
34 0.3671875 0.6171875 0.1453125 0.1078125
9 0.7640625 0.57265625 0.2109375 0.121875
7 0.565625 0.6046875 0.228125 0.1
1 0.8328125 0.83671875 0.1796875 0.146875
17 0.45859375 0.91015625 0.1859375 0.1046875
11 0.684375 0.8984375 0.090625 0.0890625
6 0.34765625 0.21328125 0.209375 0.1171875
8 0.5546875 0.2015625 0.115625 0.0640625
31 0.74453125 0.19609375 0.1375 0.040625
37 0.54921875 0.4390625 0.1640625 0.0953125
14 0.6609375 0.4296875 0.1078125 0.0625
2 0.37265625 0.47578125 0.1890625 0.08125