31 0.3375 0.46484375 0.14375 0.046875
35 0.73828125 0.57109375 0.1203125 0.1421875
23 0.44765625 0.5890625 0.1546875 0.1046875
13 0.33984375 0.5875 0.125 0.14375
37 0.60390625 0.609375 0.1734375 0.109375
6 0.68203125 0.83125 0.159375 0.109375
2 0.37265625 0.8859375 0.19375 0.1125
33 0.53828125 0.89296875 0.278125 0.1625
7 0.74453125 0.90078125 0.225 0.1296875
35 0.59375 0.184375 0.1234375 0.13125
9 0.7453125 0.20234375 0.2265625 0.1015625
34 0.37265625 0.2046875 0.16875 0.096875
11 0.396875 0.44609375 0.078125 0.06875
30 0.73671875 0.45390625 0.1609375 0.0765625
36 0.51796875 0.45 0.215625 0.084375