13 0.40390625 0.55234375 0.1703125 0.1453125
34 0.35078125 0.5953125 0.146875 0.1109375
9 0.75 0.6125 0.2140625 0.125
7 0.5484375 0.6140625 0.2296875 0.103125
1 0.77578125 0.88515625 0.18125 0.15
17 0.3953125 0.8984375 0.1875 0.1078125
11 0.61953125 0.921875 0.090625 0.090625
6 0.39453125 0.19296875 0.2109375 0.1203125
8 0.6 0.2140625 0.1171875 0.065625
31 0.7890625 0.23828125 0.1375 0.04375
37 0.5578125 0.44765625 0.1640625 0.0984375
14 0.6703125 0.45625 0.109375 0.0640625
2 0.378125 0.45625 0.1890625 0.084375