10 0.49296875 0.4703125 0.203125 0.0546875
13 0.4390625 0.5796875 0.1328125 0.128125
9 0.59375 0.59765625 0.16875 0.06875
8 0.78046875 0.57890625 0.15625 0.0671875
35 0.8203125 0.82421875 0.1296875 0.14375
15 0.703125 0.8453125 0.159375 0.1296875
7 0.5515625 0.8671875 0.153125 0.103125
34 0.42421875 0.88359375 0.1375 0.1078125
30 0.715625 0.18359375 0.1984375 0.0875
12 0.4296875 0.2203125 0.1328125 0.0609375
22 0.36875 0.453125 0.1328125 0.0875
11 0.6796875 0.4265625 0.075 0.0671875
23 0.78125 0.4203125 0.1390625 0.0796875