15 0.6453125 0.53828125 0.2546875 0.1
33 0.6359375 0.5765625 0.2546875 0.1203125
31 0.32578125 0.61875 0.1296875 0.0546875
27 0.32890625 0.890625 0.13125 0.1078125
3 0.48984375 0.8796875 0.165625 0.0734375
18 0.4046875 0.2046875 0.0640625 0.10625
34 0.25625 0.2296875 0.1703125 0.0921875
37 0.515625 0.20703125 0.16875 0.0875
1 0.63984375 0.2015625 0.1421875 0.071875
13 0.29296875 0.45546875 0.1140625 0.1109375
23 0.428125 0.44765625 0.1421875 0.096875
6 0.68046875 0.4265625 0.2125 0.11875
11 0.528125 0.45703125 0.0859375 0.071875