31 0.69921875 0.45 0.121875 0.0484375
27 0.37578125 0.596875 0.1609375 0.1203125
33 0.54609375 0.59921875 0.315625 0.1296875
14 0.75234375 0.5875 0.1109375 0.0703125
23 0.60625 0.84296875 0.19375 0.0984375
13 0.62109375 0.8625 0.1625 0.1671875
11 0.7515625 0.8734375 0.0828125 0.0796875
15 0.4109375 0.93125 0.21875 0.1375
35 0.3390625 0.1921875 0.121875 0.140625
34 0.73203125 0.18671875 0.1484375 0.0859375
1 0.55390625 0.20703125 0.2 0.075
37 0.5546875 0.43671875 0.1703125 0.0921875
16 0.396875 0.475 0.2015625 0.08125