27 0.3734375 0.58828125 0.1453125 0.1046875
9 0.75625 0.60625 0.2109375 0.1109375
3 0.54765625 0.6265625 0.128125 0.0640625
36 0.6375 0.875 0.15 0.1234375
30 0.76328125 0.88125 0.165625 0.1171875
7 0.37578125 0.8859375 0.19375 0.134375
35 0.79765625 0.17734375 0.1421875 0.1546875
34 0.65703125 0.203125 0.1703125 0.1015625
8 0.396875 0.2109375 0.115625 0.0546875
15 0.4515625 0.44453125 0.2546875 0.115625
37 0.584375 0.45625 0.1828125 0.0796875
14 0.71171875 0.45625 0.1015625 0.065625
11 0.79140625 0.45859375 0.0828125 0.0734375