13 0.584375 0.58984375 0.1875 0.1125
37 0.7234375 0.60234375 0.1453125 0.0921875
33 0.39921875 0.6 0.2703125 0.10625
2 0.35859375 0.88046875 0.190625 0.109375
31 0.5171875 0.89140625 0.128125 0.0703125
8 0.72734375 0.90390625 0.1171875 0.0828125
35 0.35625 0.16796875 0.128125 0.1453125
35 0.61015625 0.18984375 0.121875 0.1328125
6 0.75234375 0.22109375 0.1734375 0.084375
0 0.4765625 0.2171875 0.1734375 0.0734375
23 0.70859375 0.44453125 0.203125 0.1
9 0.3640625 0.4390625 0.1953125 0.1015625
11 0.7546875 0.47578125 0.084375 0.06875
7 0.53359375 0.46640625 0.1875 0.075