9 0.4375 0.5921875 0.1953125 0.0875
9 0.78984375 0.60078125 0.16875 0.0578125
4 0.6328125 0.609375 0.1546875 0.071875
15 0.653125 0.83203125 0.1890625 0.1171875
13 0.49921875 0.8375 0.1078125 0.1296875
37 0.78984375 0.90859375 0.15625 0.0796875
30 0.78828125 0.21328125 0.15625 0.0640625
12 0.43828125 0.2234375 0.1515625 0.0546875
31 0.66171875 0.22421875 0.153125 0.040625
22 0.734375 0.3921875 0.1109375 0.1546875
27 0.79140625 0.43359375 0.159375 0.1015625
16 0.44921875 0.45625 0.1984375 0.059375