13 0.63046875 0.5640625 0.125 0.1109375
9 0.459375 0.59375 0.190625 0.0859375
27 0.6046875 0.86640625 0.1359375 0.11875
23 0.43046875 0.88046875 0.1703125 0.078125
36 0.803125 0.89609375 0.1734375 0.090625
18 0.471875 0.1890625 0.0625 0.0875
37 0.603125 0.2109375 0.1640625 0.065625
34 0.7796875 0.21171875 0.1296875 0.065625
7 0.41796875 0.22421875 0.1796875 0.0359375
22 0.4234375 0.3890625 0.0828125 0.134375
8 0.41953125 0.45 0.1390625 0.05
16 0.675 0.45234375 0.2359375 0.0515625
11 0.5765625 0.45703125 0.0796875 0.0625