1 0.74140625 0.5953125 0.1640625 0.09375
33 0.40859375 0.603125 0.3 0.1
3 0.6125 0.62109375 0.14375 0.06875
13 0.70078125 0.834375 0.10625 0.1359375
35 0.31796875 0.84765625 0.0953125 0.1390625
16 0.46484375 0.8890625 0.171875 0.1078125
17 0.6953125 0.92734375 0.26875 0.071875
6 0.74140625 0.21015625 0.190625 0.0734375
0 0.34765625 0.2140625 0.1890625 0.0671875
15 0.565625 0.225 0.2578125 0.059375
22 0.72578125 0.40859375 0.078125 0.159375
18 0.659375 0.42734375 0.06875 0.1015625
9 0.4578125 0.44609375 0.2609375 0.084375
11 0.63359375 0.465625 0.0859375 0.06875