15 0.6453125 0.5515625 0.25 0.1
23 0.31484375 0.5953125 0.1671875 0.0953125
33 0.6375 0.5859375 0.240625 0.121875
17 0.471875 0.596875 0.19375 0.1046875
27 0.2984375 0.8765625 0.1390625 0.1140625
3 0.465625 0.875 0.1484375 0.0765625
16 0.69375 0.871875 0.2109375 0.1203125
18 0.42578125 0.19609375 0.0640625 0.1015625
34 0.26953125 0.21484375 0.1625 0.0921875
37 0.53046875 0.20859375 0.178125 0.084375
1 0.65546875 0.209375 0.146875 0.0765625
9 0.31953125 0.4265625 0.21875 0.0921875
6 0.68203125 0.4375 0.196875 0.1078125
31 0.4859375 0.4609375 0.1390625 0.05