15 0.63984375 0.55546875 0.2484375 0.0796875
33 0.62578125 0.59296875 0.2453125 0.0984375
31 0.3125 0.596875 0.125 0.0421875
27 0.2828125 0.8671875 0.1234375 0.096875
3 0.44375 0.87578125 0.1609375 0.059375
18 0.4421875 0.1953125 0.0546875 0.103125
34 0.29140625 0.2015625 0.1640625 0.078125
37 0.55078125 0.2109375 0.1625 0.075
1 0.675 0.2203125 0.1375 0.0609375
13 0.30078125 0.43125 0.10625 0.1015625
23 0.43515625 0.43984375 0.1359375 0.084375
6 0.68828125 0.4484375 0.2046875 0.1
11 0.53359375 0.4609375 0.08125 0.0640625