1 0.440625 0.59453125 0.1640625 0.10625
9 0.7546875 0.58125 0.2078125 0.1125
37 0.57109375 0.60234375 0.15625 0.096875
11 0.34921875 0.63046875 0.0921875 0.078125
30 0.45546875 0.865625 0.2359375 0.0765625
27 0.778125 0.83984375 0.1390625 0.1453125
34 0.41015625 0.93125 0.1875 0.134375
17 0.6359375 0.9421875 0.2203125 0.10625
8 0.51484375 0.20625 0.084375 0.059375
14 0.67578125 0.1984375 0.109375 0.0609375
31 0.34140625 0.24140625 0.140625 0.046875
18 0.7359375 0.39453125 0.071875 0.0828125
35 0.54375 0.41484375 0.1234375 0.134375
33 0.415625 0.45234375 0.2546875 0.1125
15 0.76796875 0.42265625 0.203125 0.1046875
36 0.60546875 0.45546875 0.109375 0.06875