31 0.70546875 0.496875 0.1234375 0.05
27 0.35703125 0.56640625 0.1625 0.121875
33 0.52265625 0.6078125 0.3171875 0.134375
14 0.7265625 0.6421875 0.1109375 0.071875
23 0.52578125 0.85859375 0.1953125 0.1015625
13 0.53671875 0.88046875 0.1640625 0.1703125
11 0.6609375 0.9203125 0.084375 0.08125
15 0.31640625 0.90234375 0.2234375 0.146875
35 0.4125 0.16484375 0.125 0.1421875
34 0.796875 0.246875 0.15 0.0875
1 0.61796875 0.2265625 0.2015625 0.078125
37 0.56796875 0.45 0.171875 0.0953125
16 0.40546875 0.453125 0.2015625 0.084375