27 0.50703125 0.5875 0.146875 0.1015625
23 0.36171875 0.61171875 0.15625 0.1046875
1 0.6515625 0.6109375 0.1765625 0.075
0 0.62109375 0.8875 0.1078125 0.10625
33 0.44140625 0.9 0.2796875 0.159375
0 0.759375 0.90078125 0.096875 0.071875
9 0.75390625 0.19296875 0.225 0.0890625
3 0.34453125 0.23125 0.1296875 0.040625
31 0.50390625 0.23046875 0.1453125 0.04375
34 0.3703125 0.4375 0.1328125 0.0703125
16 0.56953125 0.45234375 0.1921875 0.05
8 0.6828125 0.45078125 0.1109375 0.059375
7 0.3453125 0.47109375 0.1796875 0.08125