13 0.39921875 0.55 0.1625 0.1421875
34 0.3515625 0.5890625 0.153125 0.1
9 0.74921875 0.6265625 0.1984375 0.10625
7 0.54375 0.6140625 0.2328125 0.0875
1 0.75703125 0.89375 0.1828125 0.1375
17 0.37734375 0.89765625 0.209375 0.0984375
11 0.60234375 0.921875 0.0875 0.0796875
18 0.67578125 0.2 0.08125 0.1203125
6 0.40859375 0.1921875 0.2015625 0.1078125
8 0.609375 0.21953125 0.1109375 0.0609375
3 0.77265625 0.24453125 0.1328125 0.034375
37 0.559375 0.4484375 0.1578125 0.0828125
2 0.37734375 0.45234375 0.203125 0.0734375
36 0.71640625 0.47734375 0.2640625 0.0890625