3 0.46328125 0.4734375 0.1359375 0.053125
7 0.61484375 0.46328125 0.1140625 0.0421875
13 0.446875 0.55078125 0.1515625 0.1125
6 0.59609375 0.565625 0.1765625 0.0953125
11 0.77109375 0.56640625 0.09375 0.071875
9 0.45390625 0.61328125 0.3 0.128125
16 0.72421875 0.6 0.2421875 0.0734375
22 0.78359375 0.80234375 0.096875 0.1546875
30 0.43515625 0.85078125 0.1546875 0.0796875
22 0.8375 0.8234375 0.1203125 0.18125
36 0.57890625 0.8484375 0.140625 0.084375
35 0.70390625 0.8484375 0.1203125 0.1484375
17 0.42265625 0.91953125 0.2046875 0.103125
1 0.81015625 0.89609375 0.2078125 0.1421875
2 0.57265625 0.9265625 0.1234375 0.0875
33 0.3171875 0.1671875 0.2 0.2015625
35 0.75 0.15859375 0.109375 0.1484375
18 0.80546875 0.1609375 0.075 0.13125
27 0.6390625 0.18046875 0.1421875 0.0984375
37 0.4671875 0.2140625 0.1921875 0.08125
15 0.778125 0.3984375 0.1796875 0.1671875
34 0.56015625 0.428125 0.1203125 0.08125
0 0.40078125 0.45078125 0.1734375 0.0796875
7 0.73984375 0.43828125 0.146875 0.0765625
14 0.33671875 0.478125 0.1015625 0.0640625