35 0.7734375 0.56015625 0.125 0.15
13 0.3578125 0.5859375 0.153125 0.1265625
1 0.53828125 0.59375 0.1859375 0.1
14 0.71328125 0.61796875 0.121875 0.0796875
22 0.66875 0.815625 0.1140625 0.1703125
11 0.36484375 0.8703125 0.0796875 0.0765625
18 0.384375 0.89296875 0.071875 0.115625
8 0.625 0.91015625 0.1453125 0.103125
37 0.75703125 0.2109375 0.20625 0.0890625
3 0.5171875 0.2234375 0.1421875 0.0546875
23 0.56328125 0.4453125 0.1671875 0.1265625
34 0.3859375 0.4515625 0.1546875 0.0953125
36 0.79296875 0.44765625 0.1296875 0.084375
36 0.684375 0.4515625 0.0890625 0.0671875