18 0.4671875 0.56953125 0.0640625 0.1234375
9 0.75234375 0.6 0.209375 0.1109375
3 0.375 0.6265625 0.14375 0.05625
33 0.79453125 0.84921875 0.165625 0.2296875
15 0.52109375 0.87421875 0.2015625 0.1140625
17 0.4171875 0.90390625 0.2140625 0.090625
34 0.36640625 0.20546875 0.16875 0.0953125
8 0.57578125 0.2109375 0.0828125 0.0515625
14 0.70859375 0.21328125 0.0953125 0.0578125
6 0.4 0.42421875 0.18125 0.075
37 0.56484375 0.4453125 0.1453125 0.075
30 0.74921875 0.45234375 0.178125 0.075
36 0.40625 0.46171875 0.2890625 0.0921875