9 0.73984375 0.55625 0.2296875 0.1203125
8 0.38828125 0.6171875 0.121875 0.0828125
30 0.5609375 0.59453125 0.1609375 0.0875
22 0.63984375 0.80234375 0.1234375 0.1640625
13 0.44140625 0.87265625 0.1765625 0.165625
0 0.77890625 0.8296875 0.1890625 0.1171875
1 0.60234375 0.90078125 0.228125 0.109375
22 0.68515625 0.1421875 0.121875 0.16875
35 0.30546875 0.19921875 0.1171875 0.14375
7 0.4640625 0.22421875 0.2296875 0.08125
36 0.68203125 0.42578125 0.0828125 0.0625
34 0.35703125 0.4734375 0.15 0.1
37 0.55390625 0.4484375 0.228125 0.1