2 0.77421875 0.4671875 0.215625 0.0609375
27 0.3703125 0.58515625 0.159375 0.1125
33 0.53515625 0.60625 0.3125 0.1078125
14 0.73984375 0.61484375 0.103125 0.0640625
23 0.5703125 0.85703125 0.178125 0.103125
13 0.5796875 0.87578125 0.1390625 0.153125
11 0.7109375 0.896875 0.078125 0.075
15 0.371875 0.91875 0.2015625 0.13125
35 0.37265625 0.17890625 0.1140625 0.13125
34 0.76796875 0.20859375 0.146875 0.0734375
1 0.58359375 0.215625 0.190625 0.0640625
37 0.5625 0.44375 0.16875 0.08125
16 0.40234375 0.46328125 0.196875 0.0671875