9 0.73046875 0.5828125 0.21875 0.1015625
30 0.5421875 0.6046875 0.1609375 0.0765625
31 0.4 0.61328125 0.11875 0.059375
22 0.67421875 0.81171875 0.1 0.165625
11 0.36953125 0.87421875 0.0734375 0.071875
35 0.59609375 0.8734375 0.115625 0.1515625
18 0.39140625 0.89609375 0.0625 0.1109375
35 0.396875 0.18125 0.1109375 0.134375
8 0.7109375 0.20234375 0.0859375 0.0421875
36 0.6890625 0.440625 0.06875 0.0484375
36 0.79453125 0.4390625 0.11875 0.08125
34 0.39140625 0.45546875 0.1484375 0.084375
15 0.584375 0.4578125 0.2546875 0.071875