1 0.4328125 0.596875 0.1734375 0.1109375
37 0.575 0.5953125 0.1640625 0.115625
9 0.7625 0.57265625 0.2140625 0.1140625
11 0.36640625 0.634375 0.0890625 0.08125
33 0.83515625 0.81171875 0.184375 0.253125
34 0.56640625 0.86953125 0.1484375 0.1203125
2 0.4171875 0.9140625 0.1671875 0.125
7 0.5390625 0.20625 0.0890625 0.0578125
14 0.67421875 0.18984375 0.1078125 0.071875
17 0.34609375 0.24921875 0.225 0.053125
18 0.734375 0.38828125 0.075 0.1
6 0.384375 0.43359375 0.184375 0.0890625
15 0.771875 0.415625 0.1796875 0.1109375
36 0.38984375 0.4703125 0.2703125 0.1171875
7 0.61328125 0.44453125 0.203125 0.0875