10 0.4203125 0.48046875 0.240625 0.059375
36 0.76796875 0.58515625 0.1828125 0.1109375
23 0.60390625 0.59765625 0.1578125 0.0921875
8 0.434375 0.60703125 0.1421875 0.071875
34 0.55078125 0.853125 0.1484375 0.1109375
15 0.740625 0.8640625 0.2546875 0.1265625
4 0.4125 0.87734375 0.14375 0.1015625
13 0.7921875 0.1796875 0.184375 0.128125
31 0.64375 0.225 0.18125 0.04375
18 0.7484375 0.4125 0.0703125 0.1109375
30 0.4609375 0.440625 0.190625 0.0875
11 0.584375 0.44765625 0.0875 0.08125
33 0.71015625 0.44765625 0.3078125 0.1