9 0.73125 0.5859375 0.21875 0.09375
8 0.37421875 0.603125 0.1125 0.0703125
30 0.5484375 0.60078125 0.1515625 0.0703125
22 0.60234375 0.8171875 0.10625 0.1515625
13 0.396875 0.8625 0.159375 0.1453125
0 0.73671875 0.86171875 0.178125 0.0953125
1 0.553125 0.91015625 0.21875 0.0828125
22 0.72734375 0.1671875 0.1015625 0.15625
35 0.34375 0.17734375 0.1015625 0.13125
7 0.4984375 0.221875 0.2234375 0.0546875
36 0.68984375 0.44921875 0.0765625 0.053125
34 0.36171875 0.45625 0.1390625 0.0828125
37 0.56015625 0.45546875 0.2203125 0.0734375