35 0.740625 0.58515625 0.1203125 0.140625
13 0.325 0.56328125 0.1390625 0.1296875
31 0.575 0.628125 0.1171875 0.059375
22 0.6125 0.81796875 0.1015625 0.1515625
18 0.296875 0.8265625 0.0609375 0.10625
2 0.5609375 0.909375 0.271875 0.1015625
30 0.32421875 0.90859375 0.1734375 0.134375
13 0.3640625 0.15859375 0.16875 0.15625
6 0.51796875 0.203125 0.2 0.09375
0 0.64453125 0.22421875 0.28125 0.09375
37 0.8015625 0.24453125 0.1078125 0.0609375
34 0.39296875 0.4375 0.140625 0.09375
7 0.54296875 0.4625 0.203125 0.08125