8 0.52734375 0.5984375 0.1453125 0.06875
12 0.734375 0.5953125 0.1296875 0.0640625
22 0.3796875 0.603125 0.1015625 0.0984375
33 0.44375 0.8046875 0.2265625 0.15625
31 0.7515625 0.85390625 0.13125 0.0734375
2 0.5859375 0.8859375 0.2234375 0.1171875
30 0.37890625 0.89765625 0.1359375 0.0921875
6 0.384375 0.2015625 0.1890625 0.1
37 0.61796875 0.20859375 0.1734375 0.078125
3 0.790625 0.21484375 0.1609375 0.059375
7 0.41640625 0.23046875 0.2421875 0.040625
35 0.625 0.44453125 0.2171875 0.090625
16 0.43046875 0.4640625 0.196875 0.0609375