15 0.63828125 0.55859375 0.24375 0.0859375
23 0.31015625 0.58515625 0.1578125 0.0984375
33 0.62890625 0.596875 0.234375 0.0984375
17 0.45546875 0.6 0.153125 0.0890625
27 0.2765625 0.86171875 0.13125 0.1046875
3 0.44140625 0.86953125 0.1375 0.06875
16 0.66171875 0.88359375 0.21875 0.103125
18 0.45234375 0.19296875 0.0625 0.1046875
34 0.30078125 0.19765625 0.153125 0.0828125
37 0.55625 0.2125 0.1671875 0.078125
1 0.6875 0.2203125 0.1390625 0.065625
9 0.32578125 0.4125 0.2234375 0.090625
6 0.6984375 0.45703125 0.1921875 0.096875
31 0.490625 0.4578125 0.1421875 0.04375