6 0.61640625 0.56796875 0.159375 0.06875
34 0.396875 0.5703125 0.1640625 0.0875
35 0.78203125 0.60390625 0.128125 0.1546875
23 0.63125 0.6078125 0.2109375 0.1109375
3 0.4265625 0.621875 0.153125 0.071875
22 0.73671875 0.83828125 0.103125 0.1703125
22 0.6546875 0.8328125 0.1125 0.175
31 0.540625 0.8640625 0.125 0.0625
9 0.74375 0.934375 0.21875 0.13125
30 0.515625 0.92890625 0.18125 0.13125
1 0.3375 0.93359375 0.19375 0.1125
33 0.396875 0.1734375 0.25625 0.1421875
27 0.81640625 0.22109375 0.1390625 0.103125
7 0.48984375 0.2125 0.225 0.0765625
37 0.67265625 0.22578125 0.1640625 0.0796875
13 0.64765625 0.4375 0.1703125 0.115625
0 0.40078125 0.4296875 0.1578125 0.071875
14 0.5296875 0.45625 0.1 0.0640625
8 0.42578125 0.45078125 0.140625 0.0703125