31 0.70390625 0.471875 0.121875 0.04375
27 0.36640625 0.58359375 0.15625 0.1140625
33 0.5359375 0.60390625 0.3125 0.11875
14 0.7421875 0.61328125 0.1078125 0.065625
23 0.56953125 0.85234375 0.1921875 0.0921875
13 0.5828125 0.8734375 0.15625 0.1625
11 0.7109375 0.89765625 0.08125 0.078125
15 0.3671875 0.921875 0.2171875 0.1359375
35 0.37265625 0.17734375 0.11875 0.1359375
34 0.76328125 0.2125 0.146875 0.0796875
1 0.58359375 0.2140625 0.1984375 0.0671875
37 0.5609375 0.4421875 0.16875 0.0875
16 0.4 0.46484375 0.1984375 0.0734375