7 0.7515625 0.48828125 0.2734375 0.08125
1 0.42421875 0.58359375 0.1546875 0.1125
9 0.74609375 0.6265625 0.2015625 0.1109375
37 0.55078125 0.61015625 0.1625 0.0953125
11 0.3359375 0.60234375 0.0875 0.078125
27 0.71328125 0.88046875 0.14375 0.125
30 0.4484375 0.865625 0.1546875 0.0734375
6 0.325 0.884375 0.196875 0.134375
17 0.5625 0.94765625 0.234375 0.1046875
33 0.39609375 0.1765625 0.2703125 0.14375
14 0.7125 0.23203125 0.1015625 0.065625
31 0.59296875 0.2375 0.15 0.0515625
18 0.3609375 0.39453125 0.065625 0.084375
35 0.56015625 0.41953125 0.125 0.1421875
8 0.39765625 0.4453125 0.1296875 0.0671875