35 0.7484375 0.56796875 0.121875 0.146875
13 0.33515625 0.57890625 0.1359375 0.1328125
33 0.5203125 0.60234375 0.321875 0.1375
22 0.634375 0.81875 0.1109375 0.171875
11 0.33203125 0.86640625 0.08125 0.0765625
18 0.3515625 0.8890625 0.0734375 0.1171875
8 0.590625 0.9140625 0.1421875 0.10625
13 0.34375 0.1703125 0.175 0.165625
6 0.49921875 0.203125 0.2046875 0.1015625
0 0.6203125 0.2140625 0.2875 0.103125
37 0.78984375 0.22421875 0.103125 0.0640625
34 0.38828125 0.446875 0.15 0.0921875
7 0.54453125 0.46171875 0.203125 0.09375