31 0.33671875 0.4734375 0.134375 0.0515625
35 0.69765625 0.559375 0.1234375 0.14375
13 0.3328125 0.596875 0.1359375 0.1359375
23 0.45703125 0.59453125 0.146875 0.109375
37 0.61015625 0.6046875 0.165625 0.103125
6 0.6984375 0.81796875 0.165625 0.1046875
2 0.39765625 0.8921875 0.2078125 0.1203125
33 0.5546875 0.88984375 0.2875 0.1671875
7 0.77109375 0.89140625 0.20625 0.128125
35 0.57890625 0.18125 0.128125 0.134375
9 0.740625 0.1984375 0.2140625 0.0984375
34 0.3625 0.21328125 0.1765625 0.0953125
18 0.34921875 0.42734375 0.065625 0.1078125
36 0.5125 0.45 0.2171875 0.0953125
30 0.73125 0.44609375 0.171875 0.0875