31 0.34140625 0.45390625 0.1421875 0.046875
35 0.7328125 0.5875 0.1203125 0.140625
23 0.44140625 0.5859375 0.15625 0.10625
13 0.334375 0.57578125 0.125 0.14375
37 0.59609375 0.61640625 0.1734375 0.1078125
6 0.65859375 0.84296875 0.159375 0.1109375
2 0.34609375 0.87578125 0.19375 0.1125
33 0.51015625 0.89453125 0.278125 0.1625
7 0.715625 0.91796875 0.2234375 0.128125
35 0.615625 0.19140625 0.121875 0.1296875
9 0.765625 0.21953125 0.225 0.1015625
34 0.39375 0.196875 0.16875 0.096875
11 0.40078125 0.4390625 0.078125 0.0671875
30 0.7390625 0.4703125 0.1609375 0.0765625
36 0.52109375 0.4515625 0.215625 0.084375