7 0.7484375 0.475 0.2640625 0.065625
1 0.42890625 0.590625 0.1640625 0.1125
9 0.75 0.61171875 0.2078125 0.1015625
37 0.5578125 0.609375 0.159375 0.0953125
27 0.734375 0.8703125 0.146875 0.0984375
30 0.475 0.86875 0.153125 0.0796875
11 0.578125 0.8828125 0.084375 0.059375
6 0.35078125 0.89609375 0.165625 0.13125
16 0.61328125 0.940625 0.2484375 0.0734375
33 0.3796875 0.1828125 0.2625 0.11875
14 0.69921875 0.22421875 0.109375 0.053125
31 0.5796875 0.2296875 0.1234375 0.0390625
35 0.5578125 0.41640625 0.1296875 0.1328125
18 0.36171875 0.41328125 0.065625 0.090625
8 0.39375 0.45078125 0.1234375 0.0640625