35 0.74140625 0.5703125 0.115625 0.1390625
13 0.334375 0.58203125 0.121875 0.1328125
27 0.45546875 0.6 0.153125 0.1140625
11 0.75 0.621875 0.0828125 0.0703125
6 0.68203125 0.834375 0.15625 0.1078125
18 0.3328125 0.84140625 0.0625 0.103125
1 0.55078125 0.878125 0.18125 0.1046875
17 0.37890625 0.93671875 0.2359375 0.10625
22 0.5265625 0.1609375 0.11875 0.18125
35 0.38125 0.17890625 0.13125 0.1328125
3 0.740625 0.228125 0.15 0.0484375
36 0.509375 0.45078125 0.21875 0.0921875
30 0.73203125 0.46015625 0.175 0.0875
14 0.35546875 0.45625 0.0953125 0.059375