35 0.74609375 0.53515625 0.125 0.1453125
13 0.353125 0.60078125 0.125 0.1390625
27 0.47109375 0.60625 0.1625 0.11875
37 0.621875 0.59765625 0.1640625 0.103125
11 0.7640625 0.58671875 0.0875 0.075
6 0.72421875 0.8046875 0.165625 0.11875
18 0.37890625 0.8609375 0.0703125 0.10625
1 0.6015625 0.86875 0.1890625 0.1171875
17 0.44140625 0.94453125 0.2421875 0.1109375
22 0.4765625 0.16328125 0.1296875 0.2015625
35 0.3359375 0.19765625 0.1390625 0.14375
3 0.7 0.19609375 0.15625 0.0578125
36 0.50546875 0.45 0.2171875 0.1078125
30 0.72265625 0.425 0.178125 0.0859375
14 0.35 0.47734375 0.0984375 0.065625