6 0.63515625 0.5671875 0.171875 0.0875
35 0.79765625 0.56953125 0.128125 0.1484375
1 0.44921875 0.59140625 0.2 0.0828125
23 0.67890625 0.58515625 0.1859375 0.09375
3 0.534375 0.62421875 0.121875 0.05625
22 0.77734375 0.8046875 0.1078125 0.165625
22 0.6890625 0.809375 0.1015625 0.1640625
15 0.4265625 0.8703125 0.209375 0.128125
31 0.584375 0.8703125 0.109375 0.0625
30 0.81953125 0.91484375 0.2 0.121875
17 0.58984375 0.94765625 0.2 0.1
27 0.775 0.18203125 0.1296875 0.096875
33 0.3625 0.2046875 0.2625 0.0953125
7 0.45703125 0.21640625 0.21875 0.071875
37 0.6375 0.20703125 0.1625 0.0703125
34 0.37109375 0.44921875 0.1421875 0.090625
8 0.72109375 0.44375 0.15 0.0609375
14 0.59765625 0.45625 0.103125 0.0640625