6 0.61875 0.5875 0.1703125 0.096875
37 0.76484375 0.5890625 0.1421875 0.065625
9 0.43515625 0.596875 0.1875 0.103125
35 0.8109375 0.8234375 0.0984375 0.140625
13 0.3765625 0.84921875 0.096875 0.1203125
15 0.53203125 0.86640625 0.209375 0.0953125
7 0.715625 0.8734375 0.1265625 0.1015625
30 0.78515625 0.21015625 0.1453125 0.05625
31 0.63515625 0.225 0.15625 0.0359375
22 0.46171875 0.39921875 0.0828125 0.1515625
27 0.7984375 0.43203125 0.1640625 0.103125
12 0.4171875 0.45546875 0.10625 0.0515625
4 0.5734375 0.4546875 0.1484375 0.0640625