3 0.62109375 0.46796875 0.1515625 0.059375
13 0.41328125 0.5671875 0.1609375 0.1484375
9 0.7546875 0.5984375 0.2109375 0.109375
23 0.3625 0.61171875 0.146875 0.1140625
7 0.5578125 0.6125 0.2296875 0.09375
1 0.790625 0.8703125 0.178125 0.1375
17 0.4265625 0.90859375 0.19375 0.1078125
11 0.6421875 0.91171875 0.096875 0.0828125
34 0.35390625 0.20703125 0.1640625 0.1
8 0.584375 0.21171875 0.1046875 0.0578125
31 0.7765625 0.22109375 0.1203125 0.040625
14 0.66953125 0.43828125 0.0984375 0.04375
37 0.55859375 0.44296875 0.1640625 0.0890625
6 0.3828125 0.446875 0.1609375 0.10625