23 0.41328125 0.60390625 0.1515625 0.0921875
36 0.7765625 0.56796875 0.1859375 0.109375
8 0.590625 0.5875 0.1453125 0.078125
33 0.7671875 0.7875 0.228125 0.184375
4 0.39609375 0.8765625 0.1328125 0.134375
2 0.57421875 0.87734375 0.265625 0.1359375
37 0.60703125 0.1921875 0.159375 0.090625
11 0.3265625 0.2296875 0.1015625 0.078125
30 0.44921875 0.21640625 0.1671875 0.0828125
1 0.73984375 0.19375 0.1890625 0.06875
18 0.78515625 0.403125 0.078125 0.121875
12 0.62578125 0.44296875 0.1640625 0.0671875