27 0.3765625 0.5921875 0.1484375 0.109375
9 0.759375 0.596875 0.2140625 0.1171875
3 0.5515625 0.625 0.1296875 0.06875
36 0.65078125 0.8703125 0.153125 0.128125
30 0.7765625 0.87109375 0.1703125 0.121875
7 0.3890625 0.88984375 0.196875 0.140625
35 0.7859375 0.1671875 0.146875 0.159375
34 0.64609375 0.19765625 0.1734375 0.10625
8 0.38671875 0.21484375 0.1171875 0.0578125
15 0.45 0.44609375 0.2578125 0.1234375
37 0.5828125 0.453125 0.184375 0.0859375
14 0.71015625 0.4484375 0.1046875 0.06875
11 0.78984375 0.4484375 0.084375 0.075