35 0.74609375 0.57734375 0.1234375 0.1421875
13 0.3390625 0.5875 0.1359375 0.1515625
31 0.6 0.6203125 0.1265625 0.05625
22 0.62578125 0.81640625 0.1125 0.153125
18 0.31015625 0.8359375 0.0625 0.1078125
2 0.5765625 0.90859375 0.2703125 0.103125
30 0.34140625 0.915625 0.1828125 0.1375
13 0.346875 0.17109375 0.175 0.175
6 0.5078125 0.20390625 0.1984375 0.09375
0 0.6359375 0.21875 0.2890625 0.0953125
37 0.80234375 0.234375 0.1046875 0.0625
34 0.3921875 0.43984375 0.15625 0.096875
7 0.54453125 0.46171875 0.2015625 0.0859375