15 0.640625 0.55390625 0.24375 0.0875
23 0.31328125 0.59140625 0.1578125 0.1
33 0.63203125 0.5921875 0.2328125 0.0984375
17 0.459375 0.6015625 0.1515625 0.0890625
27 0.2890625 0.86953125 0.13125 0.103125
3 0.4546875 0.87109375 0.1390625 0.0703125
16 0.675 0.87734375 0.2203125 0.1015625
18 0.44140625 0.19453125 0.0625 0.10625
34 0.290625 0.2046875 0.1515625 0.0828125
37 0.54609375 0.2109375 0.1671875 0.078125
1 0.67734375 0.2140625 0.1390625 0.0671875
9 0.32265625 0.41875 0.2234375 0.0890625
6 0.696875 0.45 0.1921875 0.0984375
31 0.4890625 0.4578125 0.140625 0.0453125