7 0.621875 0.4859375 0.109375 0.0453125
13 0.44296875 0.54609375 0.1578125 0.1234375
6 0.58515625 0.58359375 0.1828125 0.1046875
11 0.75859375 0.6109375 0.0859375 0.0671875
9 0.43125 0.60234375 0.28125 0.1125
3 0.68203125 0.62734375 0.146875 0.0578125
22 0.73671875 0.84375 0.115625 0.1546875
35 0.62734375 0.85703125 0.1328125 0.15625
22 0.78359375 0.875 0.109375 0.175
36 0.32890625 0.8828125 0.184375 0.1390625
30 0.49375 0.91953125 0.16875 0.121875
1 0.73046875 0.93515625 0.1859375 0.1296875
33 0.375 0.146875 0.203125 0.2015625
35 0.55625 0.1828125 0.1359375 0.146875
27 0.69453125 0.2109375 0.128125 0.096875
14 0.8203125 0.23984375 0.10625 0.0515625
15 0.78984375 0.4421875 0.175 0.1484375
34 0.56953125 0.4390625 0.125 0.0875
18 0.34375 0.425 0.071875 0.1234375
37 0.44453125 0.446875 0.15625 0.0859375
7 0.74453125 0.47890625 0.1375 0.0765625