2 0.57421875 0.47578125 0.2203125 0.0625
13 0.571875 0.59296875 0.16875 0.1203125
37 0.72265625 0.603125 0.1453125 0.08125
33 0.39140625 0.60234375 0.2625 0.0875
8 0.68203125 0.89765625 0.121875 0.078125
31 0.4078125 0.8859375 0.1296875 0.065625
35 0.3546875 0.1671875 0.128125 0.1421875
35 0.60625 0.18671875 0.121875 0.128125
7 0.64609375 0.2171875 0.3 0.08125
0 0.4671875 0.21328125 0.153125 0.06875
11 0.7921875 0.23203125 0.084375 0.0578125
23 0.70234375 0.44609375 0.2046875 0.0921875
9 0.36015625 0.44296875 0.1953125 0.096875