35 0.74609375 0.57109375 0.1140625 0.140625
13 0.334375 0.5796875 0.134375 0.1109375
8 0.5578125 0.59609375 0.1140625 0.071875
22 0.63046875 0.81875 0.096875 0.15625
18 0.31484375 0.83671875 0.05625 0.1015625
2 0.58125 0.90546875 0.2671875 0.0875
30 0.35 0.915625 0.175 0.128125
3 0.7421875 0.959375 0.175 0.08125
13 0.346875 0.16875 0.1828125 0.15
34 0.4984375 0.20859375 0.1671875 0.078125
37 0.7421875 0.22265625 0.190625 0.075
6 0.7359375 0.4546875 0.1765625 0.09375
31 0.57109375 0.46796875 0.1234375 0.0375