35 0.7421875 0.565625 0.121875 0.1453125
13 0.3359375 0.584375 0.128125 0.1390625
27 0.45703125 0.60078125 0.159375 0.121875
11 0.7515625 0.61796875 0.0859375 0.075
6 0.6875 0.83125 0.1609375 0.115625
18 0.33828125 0.84375 0.0671875 0.1046875
1 0.5578125 0.87734375 0.1859375 0.1140625
17 0.3859375 0.93828125 0.240625 0.1171875
22 0.52109375 0.1609375 0.128125 0.1875
35 0.37578125 0.18046875 0.1375 0.1390625
3 0.7359375 0.2234375 0.153125 0.0546875
36 0.50859375 0.4515625 0.2234375 0.103125
30 0.73125 0.45625 0.178125 0.096875
14 0.3546875 0.45859375 0.0984375 0.0640625