0 0.59921875 0.59375 0.209375 0.1109375
9 0.77734375 0.59921875 0.2265625 0.0984375
16 0.409375 0.6125 0.196875 0.090625
2 0.64609375 0.88125 0.221875 0.125
15 0.421875 0.890625 0.2234375 0.14375
10 0.80078125 0.8890625 0.140625 0.0984375
18 0.80859375 0.1796875 0.0765625 0.1109375
34 0.3765625 0.21171875 0.1671875 0.0828125
11 0.72265625 0.2078125 0.09375 0.06875
8 0.56484375 0.2171875 0.1046875 0.0609375
9 0.7875 0.43125 0.2046875 0.1125
4 0.58984375 0.44609375 0.184375 0.075
12 0.42265625 0.46015625 0.165625 0.065625