2 0.7734375 0.44765625 0.215625 0.065625
27 0.371875 0.5921875 0.1578125 0.1203125
18 0.7703125 0.575 0.0703125 0.115625
33 0.53984375 0.60078125 0.328125 0.115625
23 0.60390625 0.846875 0.209375 0.1140625
15 0.4015625 0.92734375 0.2109375 0.1390625
36 0.7109375 0.91484375 0.3640625 0.1578125
35 0.353125 0.1875 0.121875 0.1390625
34 0.74296875 0.19296875 0.140625 0.08125
1 0.5671875 0.20859375 0.1921875 0.065625
37 0.55703125 0.43671875 0.175 0.096875
16 0.39609375 0.47109375 0.1953125 0.0734375