36 0.55859375 0.58046875 0.2890625 0.0984375
34 0.3875 0.60078125 0.1796875 0.0875
27 0.39375 0.86171875 0.196875 0.109375
9 0.753125 0.90390625 0.215625 0.1234375
4 0.60625 0.89765625 0.146875 0.09375
13 0.465625 0.1796875 0.134375 0.1328125
15 0.6265625 0.2203125 0.1640625 0.0875
11 0.38359375 0.20859375 0.0890625 0.0671875
0 0.80546875 0.234375 0.1140625 0.075
22 0.421875 0.39375 0.096875 0.1609375
8 0.75546875 0.4578125 0.075 0.059375
12 0.38359375 0.4546875 0.1140625 0.0671875
16 0.55625 0.46875 0.1921875 0.0625