27 0.3765625 0.59296875 0.1421875 0.1
9 0.76015625 0.596875 0.2078125 0.103125
3 0.55234375 0.625 0.1265625 0.059375
36 0.65078125 0.8703125 0.1453125 0.11875
30 0.7765625 0.871875 0.1625 0.1109375
7 0.3890625 0.88984375 0.1890625 0.128125
35 0.7859375 0.1671875 0.1375 0.15
34 0.646875 0.19765625 0.1671875 0.0953125
8 0.38671875 0.21484375 0.1140625 0.05
15 0.45 0.44609375 0.2515625 0.10625
37 0.5828125 0.453125 0.1796875 0.0734375
14 0.71015625 0.44921875 0.1 0.0625
11 0.78984375 0.4484375 0.0796875 0.0703125