27 0.36484375 0.575 0.15 0.109375
6 0.5171875 0.59453125 0.1765625 0.1125
8 0.6859375 0.61953125 0.15 0.075
37 0.3671875 0.87421875 0.1875 0.0984375
0 0.5734375 0.8984375 0.10625 0.1109375
0 0.7125 0.92890625 0.09375 0.0765625
9 0.796875 0.22578125 0.2359375 0.1015625
3 0.38046875 0.2125 0.13125 0.04375
31 0.54375 0.23203125 0.146875 0.053125
34 0.38046875 0.4296875 0.140625 0.1015625
14 0.6875 0.4703125 0.10625 0.065625
11 0.796875 0.48203125 0.084375 0.0734375
30 0.53515625 0.4671875 0.159375 0.08125