7 0.6234375 0.478125 0.1125 0.046875
13 0.44140625 0.56484375 0.1453125 0.1421875
35 0.35234375 0.56796875 0.1234375 0.1484375
6 0.58203125 0.584375 0.184375 0.103125
11 0.7125 0.621875 0.0828125 0.0703125
22 0.73828125 0.846875 0.1203125 0.16875
22 0.78359375 0.871875 0.1140625 0.1734375
1 0.59921875 0.859375 0.2109375 0.1125
36 0.340625 0.87734375 0.175 0.13125
33 0.36640625 0.15390625 0.2390625 0.1734375
35 0.55625 0.18046875 0.13125 0.1375
27 0.684375 0.21015625 0.1546875 0.096875
14 0.82421875 0.23984375 0.115625 0.0546875
15 0.79140625 0.44140625 0.1765625 0.1640625
18 0.34375 0.42421875 0.071875 0.11875
34 0.5734375 0.44296875 0.125 0.084375
37 0.44296875 0.44296875 0.1484375 0.075
7 0.7421875 0.47578125 0.1421875 0.0734375