27 0.70859375 0.57890625 0.1671875 0.096875
2 0.37109375 0.6 0.1578125 0.05625
31 0.575 0.63046875 0.171875 0.071875
37 0.3921875 0.8796875 0.165625 0.1078125
9 0.73359375 0.88828125 0.20625 0.13125
8 0.56015625 0.88671875 0.1125 0.0953125
6 0.7375 0.2015625 0.15625 0.0875
33 0.6078125 0.20625 0.3015625 0.1078125
11 0.8171875 0.21640625 0.0921875 0.0703125
3 0.3703125 0.21953125 0.165625 0.05625
34 0.50078125 0.43828125 0.15 0.0890625
23 0.3546875 0.44296875 0.128125 0.096875
15 0.73125 0.4671875 0.2890625 0.0890625