1 0.4296875 0.5921875 0.1703125 0.10625
9 0.7609375 0.59140625 0.2078125 0.1
37 0.56484375 0.6015625 0.1640625 0.09375
27 0.76484375 0.846875 0.153125 0.1203125
30 0.50546875 0.87109375 0.1453125 0.0796875
6 0.390625 0.90703125 0.171875 0.121875
33 0.35546875 0.19296875 0.259375 0.134375
14 0.68359375 0.20625 0.1 0.0625
31 0.5515625 0.22578125 0.1296875 0.0453125
35 0.55 0.4140625 0.125 0.1375
18 0.35078125 0.4328125 0.0671875 0.1078125
0 0.71015625 0.440625 0.1796875 0.078125
8 0.3921875 0.4609375 0.1234375 0.0640625