13 0.33984375 0.58046875 0.121875 0.1265625
37 0.72578125 0.59375 0.15 0.09375
23 0.4640625 0.59296875 0.140625 0.103125
6 0.68203125 0.828125 0.1578125 0.1
2 0.375 0.884375 0.1953125 0.109375
7 0.75703125 0.90546875 0.2078125 0.1234375
33 0.54140625 0.9046875 0.2765625 0.165625
35 0.5984375 0.1859375 0.128125 0.1328125
9 0.75546875 0.21015625 0.215625 0.09375
8 0.39140625 0.20546875 0.1546875 0.071875
18 0.353125 0.41796875 0.0625 0.103125
36 0.5421875 0.45078125 0.21875 0.0953125
16 0.759375 0.46796875 0.2265625 0.078125
31 0.340625 0.4625 0.11875 0.0453125