13 0.33828125 0.578125 0.115625 0.1203125
37 0.72421875 0.59765625 0.1453125 0.0859375
23 0.4625 0.59140625 0.1359375 0.0953125
6 0.67578125 0.83125 0.153125 0.09375
2 0.36875 0.88203125 0.1921875 0.1
7 0.75 0.909375 0.2015625 0.1140625
33 0.534375 0.90546875 0.2703125 0.1515625
35 0.60390625 0.1875 0.121875 0.1265625
9 0.7609375 0.21484375 0.2125 0.0828125
8 0.39609375 0.203125 0.1515625 0.0640625
18 0.3546875 0.415625 0.0578125 0.1
36 0.54296875 0.4515625 0.215625 0.084375
16 0.759375 0.4734375 0.225 0.0671875
31 0.34140625 0.46015625 0.1171875 0.0390625