9 0.7296875 0.58984375 0.2203125 0.096875
8 0.37265625 0.60078125 0.1140625 0.071875
30 0.546875 0.6015625 0.153125 0.0734375
22 0.596875 0.81875 0.109375 0.153125
13 0.390625 0.8609375 0.1625 0.1484375
0 0.73046875 0.865625 0.1796875 0.0984375
1 0.54609375 0.9109375 0.2203125 0.0859375
22 0.7328125 0.17109375 0.1046875 0.1578125
35 0.34921875 0.175 0.103125 0.1328125
7 0.503125 0.221875 0.225 0.0578125
36 0.690625 0.45234375 0.078125 0.0546875
34 0.3625 0.45390625 0.140625 0.0859375
37 0.5609375 0.45625 0.221875 0.0765625