36 0.559375 0.58125 0.2921875 0.109375
34 0.3875 0.6 0.18125 0.09375
27 0.39296875 0.86171875 0.2 0.115625
9 0.75390625 0.90390625 0.21875 0.1296875
4 0.60703125 0.89765625 0.15 0.0984375
13 0.465625 0.1796875 0.1390625 0.1375
15 0.6265625 0.2203125 0.165625 0.0921875
11 0.384375 0.20859375 0.0921875 0.0703125
0 0.80625 0.234375 0.115625 0.0796875
22 0.421875 0.39453125 0.103125 0.1640625
8 0.75625 0.4578125 0.0765625 0.0609375
12 0.38359375 0.4546875 0.1171875 0.071875
16 0.55625 0.46875 0.19375 0.06875