9 0.72890625 0.575 0.221875 0.109375
6 0.39375 0.59921875 0.171875 0.1046875
30 0.53984375 0.59765625 0.175 0.0859375
22 0.6171875 0.81875 0.1171875 0.1703125
13 0.41484375 0.87109375 0.153125 0.15625
0 0.76328125 0.85078125 0.175 0.10625
22 0.7078125 0.14609375 0.1 0.146875
35 0.32578125 0.1875 0.1125 0.1359375
1 0.72421875 0.2 0.2140625 0.0734375
7 0.484375 0.2203125 0.225 0.0703125
36 0.78828125 0.4296875 0.1203125 0.0859375
36 0.68515625 0.43828125 0.08125 0.0515625
8 0.365625 0.4609375 0.0921875 0.0703125
17 0.5609375 0.46015625 0.2484375 0.05625