12 0.42421875 0.60234375 0.1453125 0.0734375
8 0.7328125 0.59609375 0.1078125 0.0640625
10 0.5984375 0.62109375 0.134375 0.059375
18 0.84296875 0.87734375 0.08125 0.125
9 0.65703125 0.8890625 0.2921875 0.109375
1 0.40390625 0.9203125 0.209375 0.1171875
22 0.77734375 0.14453125 0.1203125 0.19375
11 0.3875 0.2171875 0.09375 0.0734375
30 0.5671875 0.21171875 0.1859375 0.078125
35 0.72265625 0.41328125 0.128125 0.1515625
23 0.59609375 0.43671875 0.140625 0.0890625
37 0.43671875 0.4453125 0.2046875 0.10625