35 0.75 0.56015625 0.121875 0.14375
13 0.33359375 0.5875 0.1625 0.1328125
31 0.60546875 0.61328125 0.1328125 0.0609375
22 0.64921875 0.80859375 0.1046875 0.1546875
18 0.3328125 0.84765625 0.0625 0.1078125
2 0.60546875 0.89765625 0.2734375 0.1
30 0.36640625 0.925 0.1828125 0.1359375
13 0.32421875 0.1796875 0.1734375 0.1640625
6 0.48828125 0.20390625 0.20625 0.0953125
0 0.61171875 0.2109375 0.1046875 0.0765625
37 0.734375 0.209375 0.184375 0.0796875
34 0.38828125 0.44921875 0.1375 0.0890625
7 0.53984375 0.4578125 0.20625 0.08125