7 0.6296875 0.478125 0.1109375 0.0359375
13 0.44453125 0.54921875 0.146875 0.10625
6 0.59140625 0.5828125 0.1703125 0.096875
11 0.75625 0.6015625 0.096875 0.0703125
9 0.43515625 0.6 0.2890625 0.1171875
3 0.690625 0.6265625 0.1453125 0.0546875
22 0.74609375 0.8375 0.1 0.146875
35 0.634375 0.85078125 0.1078125 0.1359375
30 0.3859375 0.8390625 0.140625 0.084375
22 0.78515625 0.87578125 0.1109375 0.184375
1 0.753125 0.93046875 0.2046875 0.13125
36 0.3546875 0.91328125 0.2015625 0.13125
2 0.5265625 0.92734375 0.14375 0.0859375
33 0.3703125 0.1484375 0.1984375 0.196875
35 0.54765625 0.1796875 0.1265625 0.1484375
27 0.6921875 0.20234375 0.1546875 0.1
14 0.81953125 0.2390625 0.0953125 0.0515625
15 0.78515625 0.4359375 0.1640625 0.1546875
18 0.33671875 0.4265625 0.0640625 0.121875
34 0.57265625 0.43984375 0.1203125 0.0796875
0 0.43984375 0.45078125 0.1609375 0.0796875
7 0.746875 0.475 0.1328125 0.0796875