1 0.41015625 0.575 0.1484375 0.1171875
9 0.73828125 0.6328125 0.2140625 0.115625
37 0.546875 0.61171875 0.16875 0.1046875
11 0.33125 0.6 0.096875 0.0765625
27 0.7015625 0.88828125 0.1453125 0.1265625
30 0.38046875 0.84921875 0.2390625 0.0921875
34 0.31953125 0.90390625 0.1953125 0.1265625
17 0.5328125 0.9484375 0.203125 0.103125
8 0.57734375 0.2171875 0.0875 0.0640625
14 0.73046875 0.2375 0.1109375 0.0609375
31 0.4015625 0.21484375 0.14375 0.053125
18 0.75546875 0.4453125 0.0765625 0.0953125
35 0.5640625 0.42578125 0.1296875 0.1453125
15 0.771875 0.47890625 0.2234375 0.115625
6 0.42265625 0.43984375 0.19375 0.1171875
36 0.6125 0.47734375 0.084375 0.0609375