10 0.8125 0.48828125 0.1296875 0.04375
1 0.6234375 0.5921875 0.1109375 0.096875
12 0.45546875 0.59609375 0.1046875 0.06875
0 0.803125 0.62109375 0.178125 0.1046875
22 0.4546875 0.834375 0.1140625 0.16875
30 0.77265625 0.90859375 0.1515625 0.1203125
15 0.5921875 0.90625 0.2296875 0.1234375
18 0.85234375 0.209375 0.0828125 0.1125
37 0.70390625 0.21953125 0.1625 0.0828125
34 0.4234375 0.20703125 0.153125 0.0734375
4 0.55078125 0.21875 0.140625 0.0625
35 0.6828125 0.42265625 0.1203125 0.1484375
33 0.4671875 0.44453125 0.26875 0.09375