8 0.45078125 0.59140625 0.0953125 0.0625
30 0.78203125 0.61953125 0.1984375 0.0921875
31 0.60234375 0.61484375 0.1453125 0.0703125
12 0.39375 0.8625 0.1171875 0.0859375
9 0.74765625 0.88515625 0.1703125 0.1015625
7 0.54921875 0.88984375 0.1203125 0.1
6 0.61484375 0.20859375 0.20625 0.1046875
15 0.4359375 0.20390625 0.2296875 0.0859375
23 0.80859375 0.2265625 0.175 0.0859375
35 0.63046875 0.41796875 0.1296875 0.1421875
37 0.4359375 0.44296875 0.14375 0.0796875
11 0.7640625 0.46328125 0.090625 0.071875