1 0.4203125 0.584375 0.1703125 0.10625
9 0.75 0.61796875 0.2078125 0.1015625
37 0.55390625 0.6078125 0.1640625 0.09375
27 0.72734375 0.871875 0.153125 0.1203125
30 0.46640625 0.8703125 0.1453125 0.0796875
6 0.3484375 0.89375 0.171875 0.121875
33 0.38828125 0.1796875 0.2609375 0.134375
14 0.7125 0.2265625 0.1 0.0625
31 0.5796875 0.2328125 0.1296875 0.0453125
35 0.559375 0.4203125 0.125 0.1390625
18 0.359375 0.41796875 0.0671875 0.10625
0 0.715625 0.46328125 0.1796875 0.078125
8 0.396875 0.45 0.1234375 0.0640625