9 0.725 0.58671875 0.2234375 0.1140625
6 0.38828125 0.59296875 0.1734375 0.1078125
30 0.53515625 0.6 0.1765625 0.090625
22 0.60078125 0.82421875 0.121875 0.1734375
13 0.39609375 0.86640625 0.15625 0.1578125
0 0.74453125 0.86328125 0.1765625 0.1109375
22 0.72578125 0.1578125 0.103125 0.1484375
35 0.3421875 0.17890625 0.115625 0.1375
1 0.73984375 0.21171875 0.215625 0.078125
7 0.49921875 0.21953125 0.225 0.0734375
36 0.79140625 0.4453125 0.121875 0.0890625
36 0.6875 0.44765625 0.0828125 0.0546875
8 0.36796875 0.45390625 0.09375 0.071875
17 0.56328125 0.4640625 0.2515625 0.0609375