10 0.5765625 0.47421875 0.1328125 0.0421875
13 0.43046875 0.57265625 0.1328125 0.128125
9 0.58359375 0.60703125 0.16875 0.06875
8 0.77109375 0.6078125 0.15625 0.0671875
35 0.784375 0.85546875 0.13125 0.1453125
15 0.665625 0.86484375 0.159375 0.1296875
7 0.51328125 0.8703125 0.153125 0.103125
34 0.38515625 0.87421875 0.1375 0.1078125
23 0.46171875 0.20625 0.1703125 0.0859375
30 0.78984375 0.21484375 0.15 0.06875
37 0.5890625 0.21484375 0.1359375 0.0671875
22 0.690625 0.3984375 0.0953125 0.159375
11 0.76875 0.44375 0.075 0.065625
12 0.41796875 0.45390625 0.1109375 0.0609375