35 0.73828125 0.5953125 0.1234375 0.1453125
13 0.31796875 0.56484375 0.1515625 0.1328125
31 0.5890625 0.62578125 0.13125 0.05625
22 0.60078125 0.82578125 0.1078125 0.165625
18 0.2859375 0.81953125 0.065625 0.10625
2 0.546875 0.9109375 0.2703125 0.1109375
30 0.3140625 0.90546875 0.18125 0.140625
13 0.36953125 0.15390625 0.1765625 0.1703125
6 0.5296875 0.20546875 0.203125 0.1015625
37 0.76796875 0.24453125 0.2046875 0.0921875
8 0.69296875 0.46875 0.1265625 0.0703125
34 0.396875 0.4359375 0.15 0.096875