35 0.7484375 0.5359375 0.1296875 0.146875
13 0.34140625 0.6015625 0.1390625 0.14375
1 0.64140625 0.5921875 0.2078125 0.109375
31 0.465625 0.628125 0.1359375 0.059375
22 0.68515625 0.79453125 0.1171875 0.171875
18 0.3734375 0.8609375 0.0640625 0.10625
27 0.49296875 0.85390625 0.2 0.1109375
30 0.41953125 0.93125 0.175 0.1359375
0 0.67578125 0.90390625 0.1796875 0.1046875
13 0.29453125 0.19765625 0.18125 0.159375
34 0.65390625 0.1875 0.1796875 0.090625
35 0.7453125 0.390625 0.1328125 0.1375
33 0.546875 0.44765625 0.3140625 0.11875
11 0.321875 0.48359375 0.0890625 0.0734375