35 0.75078125 0.56484375 0.115625 0.1359375
13 0.34375 0.59609375 0.1296875 0.1453125
31 0.60546875 0.61484375 0.125 0.05
22 0.6421875 0.809375 0.10625 0.1484375
18 0.328125 0.8453125 0.05625 0.10625
2 0.59765625 0.90390625 0.2671875 0.0890625
30 0.3640625 0.9234375 0.1765625 0.128125
13 0.3296875 0.1796875 0.1671875 0.1671875
6 0.49296875 0.20390625 0.1953125 0.0828125
0 0.6203125 0.2125 0.2859375 0.0796875
37 0.7875 0.21875 0.103125 0.0578125
34 0.3890625 0.44609375 0.1515625 0.0890625
7 0.5421875 0.459375 0.1984375 0.075