35 0.7546875 0.546875 0.1171875 0.1390625
13 0.33984375 0.59296875 0.125 0.115625
17 0.61953125 0.61015625 0.2609375 0.0796875
31 0.45390625 0.6296875 0.13125 0.0515625
22 0.66875 0.80703125 0.109375 0.1609375
18 0.353125 0.85390625 0.059375 0.1015625
0 0.66171875 0.91015625 0.184375 0.10625
30 0.39453125 0.93359375 0.1796875 0.1328125
13 0.309375 0.1890625 0.1796875 0.153125
37 0.7125 0.19765625 0.2109375 0.0828125
35 0.75 0.4046875 0.125 0.1328125
1 0.4046875 0.45234375 0.196875 0.0765625
34 0.6140625 0.440625 0.1453125 0.090625