12 0.42734375 0.60546875 0.1421875 0.06875
8 0.73671875 0.58828125 0.10625 0.0609375
10 0.603125 0.6171875 0.1328125 0.05625
18 0.85625 0.86484375 0.0765625 0.121875
9 0.67109375 0.88359375 0.2890625 0.0984375
1 0.41953125 0.9234375 0.20625 0.1109375
22 0.76484375 0.13515625 0.1140625 0.1890625
11 0.378125 0.22109375 0.0921875 0.0703125
30 0.55703125 0.209375 0.18125 0.071875
35 0.71953125 0.40546875 0.121875 0.1484375
23 0.59296875 0.43359375 0.1390625 0.084375
37 0.434375 0.4484375 0.2015625 0.1