0 0.39609375 0.59140625 0.1796875 0.0765625
4 0.53046875 0.61328125 0.1859375 0.071875
10 0.73515625 0.6296875 0.1296875 0.053125
8 0.38828125 0.85859375 0.1390625 0.065625
34 0.58359375 0.86953125 0.13125 0.0875
9 0.753125 0.91640625 0.2109375 0.1140625
35 0.7921875 0.184375 0.1265625 0.1390625
37 0.3921875 0.20390625 0.1734375 0.0734375
12 0.603125 0.2203125 0.165625 0.0546875
33 0.3984375 0.40859375 0.203125 0.146875
27 0.75390625 0.43984375 0.19375 0.109375
18 0.521875 0.43203125 0.071875 0.115625
36 0.61015625 0.45078125 0.1453125 0.0875