0 0.3875 0.58515625 0.1859375 0.0875
34 0.56328125 0.6015625 0.1390625 0.08125
9 0.746875 0.63828125 0.203125 0.0875
6 0.70703125 0.88515625 0.1671875 0.121875
4 0.5296875 0.88359375 0.1671875 0.0953125
15 0.36171875 0.88125 0.1890625 0.125
35 0.80703125 0.19921875 0.128125 0.153125
12 0.378125 0.20390625 0.1234375 0.05625
37 0.5265625 0.21953125 0.215625 0.0671875
33 0.39609375 0.40078125 0.196875 0.165625
18 0.540625 0.42265625 0.0734375 0.10625
27 0.75703125 0.4546875 0.190625 0.11875
36 0.59375 0.4546875 0.24375 0.096875