35 0.77265625 0.5515625 0.11875 0.1390625
23 0.4203125 0.58828125 0.1484375 0.0953125
6 0.59453125 0.58125 0.1671875 0.1
22 0.67890625 0.7984375 0.103125 0.1453125
11 0.3765625 0.8765625 0.075 0.071875
18 0.396875 0.89765625 0.0640625 0.1125
9 0.66953125 0.9140625 0.23125 0.1296875
8 0.7046875 0.19921875 0.09375 0.05625
3 0.49453125 0.2234375 0.1453125 0.0421875
13 0.38828125 0.428125 0.171875 0.1453125
34 0.5484375 0.44453125 0.1390625 0.084375
36 0.78828125 0.43671875 0.11875 0.078125
36 0.678125 0.4453125 0.078125 0.059375