10 0.57578125 0.47421875 0.1671875 0.0421875
8 0.42890625 0.60390625 0.146875 0.0640625
37 0.67734375 0.60625 0.1515625 0.071875
35 0.80546875 0.82890625 0.10625 0.1453125
13 0.3703125 0.846875 0.103125 0.125
15 0.52578125 0.8671875 0.2140625 0.1078125
7 0.709375 0.87734375 0.13125 0.109375
30 0.78984375 0.21484375 0.146875 0.0640625
31 0.63984375 0.22734375 0.1578125 0.0421875
22 0.46328125 0.3984375 0.090625 0.15625
6 0.7640625 0.43984375 0.178125 0.1
11 0.6421875 0.4453125 0.0734375 0.065625
12 0.41796875 0.45390625 0.1078125 0.05625