34 0.3765625 0.5671875 0.1296875 0.0921875
9 0.7484375 0.62109375 0.2 0.109375
7 0.53984375 0.615625 0.2390625 0.096875
1 0.75625 0.89609375 0.1796875 0.1421875
17 0.37265625 0.896875 0.1921875 0.09375
11 0.60859375 0.9265625 0.0921875 0.084375
8 0.60546875 0.2203125 0.0875 0.0578125
30 0.42265625 0.2078125 0.196875 0.0734375
14 0.73359375 0.2359375 0.115625 0.0546875
6 0.4046875 0.4125 0.18125 0.071875
18 0.75546875 0.45 0.0734375 0.1265625
37 0.56953125 0.4515625 0.134375 0.084375
36 0.41015625 0.45390625 0.2828125 0.0875