9 0.53984375 0.58671875 0.2546875 0.0953125
9 0.78125 0.62109375 0.16875 0.059375
15 0.6296875 0.8421875 0.1890625 0.115625
13 0.48515625 0.8640625 0.1359375 0.1328125
4 0.37109375 0.878125 0.146875 0.0953125
23 0.6828125 0.90390625 0.153125 0.084375
30 0.5515625 0.2140625 0.196875 0.0671875
12 0.39453125 0.209375 0.1171875 0.053125
31 0.80546875 0.24296875 0.1765625 0.04375
22 0.74140625 0.409375 0.1109375 0.1546875
37 0.415625 0.4484375 0.15625 0.0734375
8 0.8140625 0.471875 0.140625 0.0640625
16 0.5984375 0.46640625 0.2 0.0609375