2 0.73828125 0.4625 0.228125 0.05625
35 0.74140625 0.56796875 0.109375 0.1453125
13 0.3296875 0.58671875 0.1359375 0.1234375
27 0.4546875 0.6015625 0.1546875 0.103125
1 0.62734375 0.6046875 0.2 0.084375
11 0.75234375 0.6125 0.0796875 0.06875
18 0.34296875 0.84609375 0.0578125 0.1015625
3 0.56640625 0.88828125 0.140625 0.08125
17 0.39453125 0.93828125 0.234375 0.0984375
31 0.65859375 0.9609375 0.1796875 0.071875
22 0.51484375 0.16171875 0.1125 0.1828125
35 0.36953125 0.18359375 0.1234375 0.1296875
30 0.6875 0.21484375 0.1796875 0.0625
36 0.5546875 0.4515625 0.146875 0.08125
14 0.3546875 0.459375 0.096875 0.0546875