6 0.703125 0.60078125 0.1875 0.1109375
1 0.54296875 0.60234375 0.21875 0.1171875
11 0.34375 0.59453125 0.08125 0.071875
27 0.7296875 0.8890625 0.146875 0.1296875
30 0.3484375 0.87734375 0.165625 0.1125
36 0.5453125 0.89453125 0.1640625 0.1453125
8 0.47890625 0.2109375 0.153125 0.0703125
14 0.81953125 0.23984375 0.115625 0.0578125
31 0.68203125 0.2453125 0.1390625 0.0390625
15 0.79140625 0.44296875 0.159375 0.1484375
18 0.34296875 0.42265625 0.071875 0.1203125
34 0.6578125 0.45546875 0.1578125 0.1078125
37 0.4515625 0.44375 0.1671875 0.078125