7 0.34453125 0.46796875 0.184375 0.0625
27 0.50859375 0.58671875 0.13125 0.096875
6 0.728125 0.59296875 0.1765625 0.1
0 0.60625 0.88203125 0.10625 0.103125
37 0.40546875 0.8828125 0.184375 0.08125
0 0.746875 0.909375 0.09375 0.0640625
9 0.76640625 0.203125 0.215625 0.084375
3 0.35234375 0.22421875 0.134375 0.040625
31 0.51015625 0.2296875 0.1421875 0.034375
34 0.37734375 0.43671875 0.121875 0.071875
8 0.51484375 0.4515625 0.1078125 0.05625
14 0.68671875 0.453125 0.1078125 0.05625
11 0.790625 0.45625 0.078125 0.065625