35 0.740625 0.59453125 0.1234375 0.1453125
13 0.325 0.56171875 0.13125 0.1203125
17 0.596875 0.63046875 0.2640625 0.0921875
31 0.4296875 0.61875 0.134375 0.0578125
22 0.60703125 0.83359375 0.11875 0.1671875
18 0.28828125 0.81953125 0.0640625 0.1046875
0 0.58125 0.93359375 0.1875 0.115625
30 0.3140625 0.90546875 0.1859375 0.1421875
13 0.371875 0.15859375 0.1859375 0.1625
37 0.76640625 0.24375 0.2140625 0.0921875
35 0.7640625 0.453125 0.1328125 0.1375
1 0.415625 0.43515625 0.2 0.0875
34 0.6234375 0.46328125 0.15 0.096875