6 0.62578125 0.58046875 0.171875 0.103125
17 0.3203125 0.57109375 0.078125 0.15
35 0.7890625 0.59609375 0.125 0.15
1 0.4375 0.58828125 0.1890625 0.0890625
23 0.66953125 0.59765625 0.2015625 0.1
22 0.75234375 0.8265625 0.0953125 0.159375
22 0.659375 0.8265625 0.1140625 0.1703125
15 0.3859375 0.859375 0.2171875 0.134375
31 0.55234375 0.87734375 0.11875 0.06875
0 0.734375 0.89609375 0.2015625 0.103125
33 0.390625 0.17890625 0.253125 0.1390625
27 0.8015625 0.2046875 0.1359375 0.1046875
37 0.66640625 0.21640625 0.165625 0.0765625
7 0.48203125 0.22109375 0.221875 0.06875
9 0.415625 0.44609375 0.2765625 0.1
8 0.7234375 0.4640625 0.1546875 0.06875