35 0.7515625 0.559375 0.11875 0.1390625
13 0.32109375 0.58671875 0.1296875 0.1296875
17 0.6171875 0.6171875 0.253125 0.0765625
31 0.44296875 0.6328125 0.1375 0.06875
22 0.6515625 0.81484375 0.0953125 0.165625
18 0.334375 0.846875 0.0578125 0.103125
27 0.4546875 0.8515625 0.1953125 0.0984375
30 0.375 0.92265625 0.1625 0.11875
0 0.6296875 0.921875 0.1796875 0.1
13 0.31796875 0.1734375 0.1921875 0.15625
34 0.67890625 0.20390625 0.165625 0.0734375
35 0.753125 0.4171875 0.121875 0.13125
36 0.4609375 0.44296875 0.240625 0.084375