2 0.77421875 0.471875 0.215625 0.065625
27 0.36875 0.5828125 0.1609375 0.1140625
33 0.5328125 0.60703125 0.3140625 0.1140625
14 0.73828125 0.61953125 0.103125 0.065625
23 0.5640625 0.8578125 0.1796875 0.10625
13 0.57265625 0.87734375 0.140625 0.1546875
11 0.70390625 0.9 0.0796875 0.0765625
15 0.3640625 0.91640625 0.2046875 0.134375
35 0.378125 0.1765625 0.1171875 0.1328125
34 0.77265625 0.21328125 0.1484375 0.075
1 0.5890625 0.2171875 0.190625 0.0671875
37 0.56328125 0.4453125 0.1703125 0.084375
16 0.403125 0.46171875 0.196875 0.0703125