13 0.63046875 0.5640625 0.125 0.1109375
15 0.7859375 0.59921875 0.1765625 0.0890625
9 0.4734375 0.60859375 0.153125 0.046875
6 0.4234375 0.86328125 0.15625 0.10625
9 0.5984375 0.86875 0.1765625 0.0953125
36 0.803125 0.89609375 0.1734375 0.090625
22 0.41015625 0.16328125 0.0984375 0.1328125
34 0.8359375 0.2140625 0.134375 0.0609375
12 0.40078125 0.215625 0.1125 0.046875
4 0.70859375 0.21875 0.1359375 0.05
31 0.56640625 0.228125 0.146875 0.0296875
0 0.82265625 0.4484375 0.121875 0.0796875
8 0.44921875 0.4515625 0.125 0.059375
16 0.646875 0.46015625 0.16875 0.05