10 0.39765625 0.4671875 0.1203125 0.0390625
30 0.4859375 0.58125 0.15625 0.0828125
36 0.7578125 0.60859375 0.1828125 0.103125
23 0.58359375 0.60625 0.1609375 0.084375
8 0.415625 0.60078125 0.128125 0.0703125
34 0.515625 0.85234375 0.1515625 0.1
15 0.7 0.88203125 0.2609375 0.1171875
4 0.3765625 0.86875 0.1375 0.09375
13 0.8125 0.209375 0.1125 0.1171875
31 0.69375 0.23828125 0.140625 0.034375
18 0.7515625 0.434375 0.0625 0.1046875
11 0.57890625 0.45 0.08125 0.071875
33 0.7046875 0.4640625 0.2859375 0.0828125