15 0.65234375 0.5421875 0.2734375 0.1171875
23 0.3671875 0.59453125 0.228125 0.1140625
33 0.6375 0.5890625 0.246875 0.11875
27 0.3078125 0.88046875 0.1390625 0.1140625
3 0.46796875 0.8796875 0.1515625 0.0875
16 0.7 0.86796875 0.2125 0.1265625
18 0.421875 0.19609375 0.078125 0.1109375
34 0.2703125 0.21328125 0.171875 0.090625
37 0.5265625 0.20859375 0.171875 0.096875
1 0.66796875 0.20625 0.1265625 0.06875
9 0.31328125 0.425 0.2203125 0.1078125
6 0.6859375 0.43515625 0.2015625 0.11875
31 0.48046875 0.459375 0.1375 0.0546875