9 0.734375 0.578125 0.221875 0.1015625
8 0.378125 0.6078125 0.115625 0.0734375
30 0.5515625 0.59921875 0.1546875 0.075
22 0.61328125 0.81328125 0.1109375 0.1546875
13 0.409375 0.865625 0.1640625 0.1515625
0 0.74921875 0.853125 0.18125 0.1015625
1 0.5671875 0.9078125 0.221875 0.090625
22 0.715625 0.159375 0.10625 0.159375
35 0.3328125 0.1828125 0.10625 0.134375
7 0.4890625 0.221875 0.225 0.0625
36 0.68828125 0.44296875 0.078125 0.05625
34 0.36015625 0.4609375 0.1421875 0.0875
37 0.55859375 0.453125 0.2234375 0.08125