13 0.40078125 0.5640625 0.153125 0.1375
9 0.75859375 0.603125 0.20625 0.1078125
23 0.3671875 0.61171875 0.18125 0.109375
7 0.55546875 0.61484375 0.221875 0.0859375
13 0.62265625 0.8546875 0.1515625 0.125
1 0.79140625 0.8765625 0.175 0.134375
17 0.4015625 0.90625 0.1984375 0.1
34 0.35859375 0.20078125 0.159375 0.0953125
8 0.590625 0.21328125 0.1 0.0578125
31 0.78203125 0.23125 0.14375 0.0375
18 0.76796875 0.4359375 0.0859375 0.121875
14 0.671875 0.43828125 0.1 0.034375
37 0.55625 0.4453125 0.153125 0.084375
30 0.40625 0.45703125 0.171875 0.078125