35 0.74375 0.58515625 0.1234375 0.14375
13 0.3125 0.5671875 0.1328125 0.1328125
17 0.6046875 0.62890625 0.25625 0.084375
31 0.4296875 0.62578125 0.140625 0.0734375
22 0.61796875 0.8296875 0.1 0.16875
18 0.29921875 0.82734375 0.0609375 0.1046875
27 0.41796875 0.8453125 0.1984375 0.1046875
30 0.33125 0.90703125 0.1671875 0.1234375
0 0.58515625 0.9328125 0.1828125 0.10625
13 0.353125 0.15625 0.196875 0.1625
34 0.70859375 0.22421875 0.16875 0.078125
35 0.7609375 0.44375 0.125 0.134375
36 0.4671875 0.4390625 0.2421875 0.0921875