7 0.7453125 0.48046875 0.2296875 0.0671875
11 0.771875 0.615625 0.078125 0.0671875
9 0.54765625 0.6046875 0.1796875 0.071875
4 0.38046875 0.603125 0.1390625 0.06875
35 0.35859375 0.83203125 0.121875 0.13125
2 0.74453125 0.88984375 0.1578125 0.1109375
16 0.5765625 0.8953125 0.16875 0.0953125
22 0.79921875 0.18828125 0.1140625 0.15625
13 0.61875 0.2015625 0.1328125 0.1015625
9 0.42890625 0.20078125 0.1859375 0.0875
0 0.5140625 0.4375 0.0921875 0.0609375
8 0.3953125 0.4421875 0.090625 0.0734375
12 0.56484375 0.45859375 0.1046875 0.059375