10 0.57578125 0.475 0.1671875 0.0390625
34 0.7953125 0.60078125 0.134375 0.0875
8 0.4265625 0.603125 0.146875 0.0625
9 0.64921875 0.61328125 0.165625 0.0609375
35 0.79921875 0.834375 0.103125 0.14375
13 0.3640625 0.84453125 0.1015625 0.1234375
15 0.51953125 0.8671875 0.2125 0.103125
7 0.70234375 0.88046875 0.1296875 0.10625
23 0.46640625 0.20546875 0.1671875 0.0765625
30 0.7953125 0.2203125 0.146875 0.0609375
37 0.59453125 0.21640625 0.1328125 0.0609375
22 0.465625 0.39765625 0.0875 0.1546875
6 0.75703125 0.4390625 0.1609375 0.0859375
11 0.64296875 0.44765625 0.071875 0.0640625
12 0.41875 0.45234375 0.1078125 0.0546875