7 0.628125 0.48515625 0.1140625 0.0453125
6 0.703125 0.6046875 0.1828125 0.1078125
1 0.540625 0.60625 0.21875 0.1125
11 0.34453125 0.59296875 0.084375 0.071875
27 0.72578125 0.89375 0.1515625 0.1296875
36 0.54453125 0.89296875 0.1515625 0.146875
30 0.33984375 0.87578125 0.1828125 0.1296875
33 0.3875 0.14921875 0.2 0.184375
8 0.5421875 0.21875 0.096875 0.053125
14 0.82578125 0.24609375 0.1140625 0.05625
31 0.6984375 0.246875 0.1390625 0.0390625
15 0.79296875 0.4453125 0.1640625 0.153125
18 0.34609375 0.421875 0.0703125 0.1203125
34 0.57890625 0.4484375 0.1296875 0.103125
37 0.45 0.44453125 0.1609375 0.0765625
7 0.75078125 0.48125 0.1375 0.078125