15 0.64296875 0.55703125 0.246875 0.0921875
23 0.31171875 0.58828125 0.1640625 0.090625
33 0.634375 0.590625 0.2375 0.1140625
17 0.46875 0.59609375 0.190625 0.0984375
27 0.28515625 0.86953125 0.1359375 0.109375
3 0.45234375 0.8734375 0.146875 0.071875
16 0.68046875 0.878125 0.2078125 0.1125
18 0.4359375 0.19375 0.0609375 0.1
34 0.2796875 0.20703125 0.159375 0.0875
37 0.540625 0.21015625 0.1765625 0.078125
1 0.665625 0.21484375 0.1453125 0.071875
9 0.321875 0.4203125 0.215625 0.084375
6 0.684375 0.44375 0.19375 0.1015625
31 0.4875 0.46015625 0.1375 0.0453125