9 0.54453125 0.584375 0.25 0.0828125
9 0.7875 0.60625 0.165625 0.05
15 0.64765625 0.83515625 0.184375 0.10625
13 0.50390625 0.8640625 0.1296875 0.1265625
4 0.39140625 0.884375 0.1421875 0.0875
23 0.70390625 0.89375 0.15 0.0765625
37 0.60078125 0.21015625 0.153125 0.0671875
30 0.43671875 0.21328125 0.1390625 0.05625
31 0.6734375 0.225 0.190625 0.04375
22 0.746875 0.396875 0.103125 0.15
33 0.4875 0.40078125 0.2796875 0.134375
12 0.40234375 0.45234375 0.103125 0.053125
8 0.8125 0.45546875 0.1375 0.05625
16 0.6125 0.46015625 0.184375 0.0515625