35 0.75234375 0.5546875 0.1203125 0.1421875
13 0.32265625 0.58984375 0.13125 0.13125
17 0.61953125 0.61484375 0.2546875 0.0796875
31 0.4453125 0.63359375 0.1390625 0.0703125
22 0.65703125 0.8125 0.096875 0.1671875
18 0.340625 0.84921875 0.059375 0.1046875
27 0.4609375 0.85234375 0.196875 0.1015625
30 0.38203125 0.925 0.165625 0.1203125
0 0.63671875 0.91953125 0.18125 0.103125
13 0.3125 0.1765625 0.1953125 0.159375
34 0.6734375 0.20078125 0.1671875 0.075
35 0.75234375 0.4125 0.1234375 0.1328125
36 0.46015625 0.44375 0.240625 0.0890625