6 0.6296875 0.5578125 0.1609375 0.053125
17 0.33046875 0.57890625 0.103125 0.1515625
35 0.80625 0.5875 0.14375 0.1296875
1 0.4375 0.590625 0.178125 0.075
23 0.66640625 0.60234375 0.1390625 0.08125
3 0.52421875 0.6203125 0.1328125 0.0625
22 0.6734375 0.815625 0.1015625 0.15625
22 0.76484375 0.81640625 0.0875 0.1546875
15 0.40390625 0.86875 0.1984375 0.1203125
31 0.56328125 0.8734375 0.1140625 0.075
0 0.74375 0.89375 0.2125 0.1
33 0.37265625 0.18046875 0.23125 0.10625
27 0.79453125 0.1984375 0.1625 0.09375
7 0.4703125 0.22421875 0.2234375 0.040625
7 0.6328125 0.2328125 0.0609375 0.021875
34 0.38828125 0.40703125 0.1109375 0.015625
9 0.41328125 0.4515625 0.275 0.090625
8 0.6890625 0.4546875 0.10625 0.0546875