3 0.6234375 0.478125 0.15 0.05625
13 0.4078125 0.559375 0.1578125 0.1453125
9 0.7453125 0.6203125 0.209375 0.10625
23 0.353125 0.6 0.1453125 0.1109375
7 0.54765625 0.6171875 0.228125 0.090625
1 0.7578125 0.89453125 0.1765625 0.134375
17 0.39140625 0.9 0.1921875 0.1046875
11 0.60546875 0.92265625 0.0953125 0.08125
34 0.38046875 0.1953125 0.1625 0.0984375
8 0.609375 0.2203125 0.103125 0.05625
31 0.8 0.24609375 0.1203125 0.0390625
14 0.67421875 0.453125 0.0984375 0.0421875
37 0.56328125 0.4484375 0.1625 0.0875
6 0.38828125 0.43671875 0.159375 0.103125