35 0.74453125 0.54375 0.1203125 0.1421875
13 0.34921875 0.59609375 0.1203125 0.1359375
27 0.46640625 0.6046875 0.1578125 0.115625
37 0.61796875 0.60234375 0.1609375 0.0984375
11 0.7609375 0.5953125 0.0859375 0.0734375
6 0.71328125 0.81328125 0.1609375 0.115625
18 0.36640625 0.85703125 0.065625 0.103125
1 0.58828125 0.87265625 0.1859375 0.1109375
17 0.42578125 0.9453125 0.2390625 0.109375
22 0.48828125 0.16328125 0.1234375 0.1984375
35 0.346875 0.1921875 0.134375 0.1375
3 0.7109375 0.203125 0.15625 0.0546875
36 0.5078125 0.45 0.2140625 0.1015625
30 0.725 0.4328125 0.1765625 0.08125
14 0.35078125 0.47109375 0.096875 0.0625