9 0.7421875 0.62421875 0.215625 0.1109375
37 0.55078125 0.6109375 0.16875 0.10625
3 0.3609375 0.60859375 0.1265625 0.0515625
33 0.75390625 0.87421875 0.1765625 0.2359375
23 0.6296875 0.87734375 0.159375 0.1078125
17 0.37421875 0.89921875 0.1875 0.09375
8 0.60625 0.21953125 0.0890625 0.0578125
14 0.7375 0.234375 0.109375 0.0546875
18 0.74921875 0.4328125 0.0671875 0.078125
6 0.403125 0.41796875 0.19375 0.0890625
15 0.7828125 0.47109375 0.1984375 0.1078125
7 0.62109375 0.4671875 0.19375 0.0765625
36 0.4 0.45078125 0.2640625 0.1046875