35 0.7546875 0.53828125 0.125 0.14375
13 0.3546875 0.61171875 0.1390625 0.1546875
31 0.6171875 0.603125 0.1265625 0.059375
22 0.67421875 0.79296875 0.115625 0.1546875
18 0.365625 0.86171875 0.0640625 0.109375
2 0.6390625 0.89140625 0.271875 0.1078125
30 0.40859375 0.9328125 0.1859375 0.134375
13 0.296875 0.19921875 0.178125 0.178125
6 0.46171875 0.20625 0.2 0.096875
0 0.58984375 0.2015625 0.2890625 0.1
37 0.75703125 0.190625 0.10625 0.065625
34 0.384375 0.4578125 0.15625 0.0984375
7 0.5375 0.45546875 0.203125 0.0890625