9 0.72265625 0.60234375 0.2203125 0.10625
30 0.53359375 0.60859375 0.1625 0.0796875
31 0.390625 0.6046875 0.11875 0.0625
22 0.646875 0.8265625 0.103125 0.1671875
11 0.33828125 0.86171875 0.075 0.0734375
35 0.5640625 0.88046875 0.1171875 0.153125
18 0.35703125 0.884375 0.0640625 0.1109375
35 0.425 0.1734375 0.1140625 0.1359375
8 0.73671875 0.221875 0.0875 0.04375
36 0.69296875 0.45703125 0.06875 0.0484375
36 0.7984375 0.465625 0.1203125 0.084375
34 0.3953125 0.446875 0.15 0.0859375
15 0.58828125 0.465625 0.2546875 0.0765625