2 0.57421875 0.47734375 0.2203125 0.0671875
13 0.5703125 0.59453125 0.1703125 0.1234375
37 0.72109375 0.60703125 0.146875 0.0828125
33 0.38984375 0.6 0.2640625 0.090625
8 0.675 0.90078125 0.1234375 0.0796875
31 0.40078125 0.884375 0.1296875 0.06875
35 0.3609375 0.16484375 0.13125 0.14375
35 0.61171875 0.18828125 0.1234375 0.1296875
7 0.65078125 0.2203125 0.3 0.0859375
0 0.47265625 0.21328125 0.153125 0.071875
11 0.796875 0.2375 0.084375 0.059375
23 0.703125 0.45 0.2046875 0.0953125
9 0.3609375 0.43984375 0.196875 0.1