10 0.4203125 0.48046875 0.2390625 0.0515625
36 0.76796875 0.58515625 0.1796875 0.1046875
23 0.6046875 0.59765625 0.15625 0.0859375
8 0.43515625 0.60703125 0.140625 0.06875
34 0.55078125 0.853125 0.1453125 0.10625
15 0.74140625 0.86328125 0.2515625 0.11875
4 0.41328125 0.87734375 0.140625 0.0984375
13 0.7921875 0.17890625 0.1796875 0.121875
31 0.64375 0.225 0.1796875 0.0375
18 0.7484375 0.4125 0.065625 0.109375
30 0.46015625 0.44140625 0.1890625 0.08125
11 0.584375 0.44765625 0.084375 0.078125
33 0.71015625 0.4484375 0.30625 0.0890625