27 0.515625 0.58828125 0.15 0.109375
6 0.7375 0.56796875 0.184375 0.1109375
23 0.36796875 0.62109375 0.1640625 0.1078125
0 0.646875 0.87734375 0.1125 0.1125
33 0.471875 0.90234375 0.290625 0.1765625
0 0.78828125 0.87890625 0.1 0.0796875
9 0.734375 0.17578125 0.228125 0.1
3 0.3265625 0.24296875 0.1375 0.05
31 0.48671875 0.23046875 0.1328125 0.04375
34 0.37265625 0.4421875 0.1234375 0.0703125
8 0.51171875 0.4515625 0.11875 0.06875
14 0.68046875 0.43515625 0.109375 0.06875
11 0.7859375 0.42578125 0.084375 0.06875
7 0.34921875 0.48046875 0.190625 0.0859375