13 0.5921875 0.58203125 0.18125 0.103125
37 0.73125 0.5828125 0.1421875 0.084375
33 0.40859375 0.60859375 0.26875 0.09375
2 0.39140625 0.890625 0.1859375 0.1
31 0.55078125 0.88828125 0.1234375 0.065625
8 0.7609375 0.8828125 0.1140625 0.0765625
35 0.328125 0.18125 0.1203125 0.140625
35 0.5828125 0.18125 0.1171875 0.125
6 0.72734375 0.2 0.171875 0.078125
0 0.4515625 0.2203125 0.1703125 0.065625
23 0.703125 0.42734375 0.2 0.0875
9 0.359375 0.45078125 0.190625 0.090625
11 0.7515625 0.45390625 0.0796875 0.065625
7 0.53046875 0.4640625 0.1828125 0.065625