15 0.64453125 0.565625 0.271875 0.1125
23 0.35390625 0.57265625 0.2265625 0.1109375
33 0.621875 0.609375 0.2453125 0.115625
27 0.25 0.84609375 0.1375 0.1125
3 0.409375 0.8703125 0.15 0.084375
16 0.63984375 0.8953125 0.2109375 0.1234375
18 0.4703125 0.1875 0.0765625 0.109375
34 0.31796875 0.18125 0.1703125 0.0875
37 0.571875 0.21640625 0.1703125 0.09375
1 0.71171875 0.2359375 0.125 0.065625
9 0.32734375 0.396875 0.2203125 0.103125
6 0.69375 0.46484375 0.2 0.1140625
31 0.4875 0.45703125 0.1375 0.053125