35 0.746875 0.54609375 0.125 0.1421875
13 0.3328125 0.5984375 0.134375 0.1265625
1 0.63828125 0.59609375 0.209375 0.1015625
31 0.4546875 0.63203125 0.1375 0.05625
18 0.36015625 0.85703125 0.0609375 0.1015625
27 0.47890625 0.85390625 0.1953125 0.1046875
11 0.725 0.84140625 0.0765625 0.0734375
3 0.603125 0.89765625 0.15 0.09375
17 0.425 0.94453125 0.240625 0.1109375
13 0.309375 0.1921875 0.1734375 0.1578125
30 0.6859375 0.2 0.171875 0.0734375
22 0.328125 0.42421875 0.115625 0.18125
35 0.72265625 0.40234375 0.1265625 0.1375
15 0.521875 0.4625 0.25 0.0796875