35 0.740625 0.57421875 0.1328125 0.146875
13 0.3359375 0.58046875 0.1390625 0.125
27 0.45703125 0.6 0.1671875 0.121875
37 0.609375 0.6125 0.1609375 0.10625
11 0.74921875 0.6265625 0.0890625 0.0765625
6 0.6765625 0.8359375 0.1671875 0.121875
1 0.54765625 0.88046875 0.1875 0.121875
2 0.36796875 0.8828125 0.196875 0.1203125
7 0.74765625 0.91015625 0.2296875 0.1390625
22 0.53984375 0.1609375 0.1296875 0.19375
35 0.3890625 0.17578125 0.14375 0.1421875
3 0.75 0.23203125 0.159375 0.0625
36 0.51953125 0.45078125 0.2203125 0.1015625
30 0.73671875 0.4609375 0.175 0.0921875
14 0.3578125 0.4546875 0.1 0.0671875