7 0.6234375 0.47734375 0.1140625 0.053125
13 0.4421875 0.565625 0.1515625 0.15
35 0.353125 0.5703125 0.13125 0.153125
6 0.58359375 0.5828125 0.1890625 0.1125
11 0.71484375 0.61796875 0.0875 0.0734375
22 0.74453125 0.84296875 0.128125 0.175
22 0.78984375 0.86640625 0.121875 0.1796875
1 0.60625 0.8578125 0.215625 0.121875
36 0.346875 0.88046875 0.18125 0.1390625
33 0.3609375 0.15625 0.246875 0.1859375
35 0.5515625 0.1796875 0.1375 0.14375
27 0.6796875 0.20703125 0.159375 0.1046875
14 0.81953125 0.234375 0.11875 0.059375
15 0.790625 0.4359375 0.184375 0.171875
18 0.3421875 0.4265625 0.0765625 0.121875
34 0.571875 0.4421875 0.128125 0.090625
37 0.44296875 0.44453125 0.1515625 0.0828125
7 0.74140625 0.47109375 0.1453125 0.08125