35 0.74296875 0.58515625 0.1171875 0.14375
13 0.33046875 0.56640625 0.13125 0.128125
33 0.5125 0.60390625 0.3171875 0.1265625
22 0.61171875 0.82734375 0.10625 0.16875
11 0.30703125 0.85390625 0.078125 0.075
18 0.325 0.87734375 0.06875 0.1140625
8 0.5625 0.91953125 0.1390625 0.1015625
13 0.3671875 0.1609375 0.16875 0.159375
6 0.51953125 0.20390625 0.2015625 0.0953125
0 0.640625 0.22265625 0.284375 0.0921875
37 0.8078125 0.2453125 0.1015625 0.0609375
34 0.3921875 0.4390625 0.1484375 0.0875
7 0.546875 0.46484375 0.2 0.0875