7 0.625 0.4875 0.115625 0.046875
6 0.621875 0.56953125 0.15625 0.0671875
34 0.4 0.56171875 0.153125 0.08125
11 0.76015625 0.61640625 0.075 0.0609375
23 0.63203125 0.61171875 0.2125 0.1125
31 0.40390625 0.61640625 0.171875 0.059375
14 0.8046875 0.65859375 0.1328125 0.071875
22 0.65078125 0.8375 0.1140625 0.1671875
3 0.49609375 0.8328125 0.1078125 0.0609375
35 0.74296875 0.859375 0.1125 0.1203125
30 0.36484375 0.8375 0.1515625 0.1046875
1 0.53515625 0.890625 0.1953125 0.10625
9 0.721875 0.9375 0.225 0.125
17 0.5078125 0.95546875 0.2 0.0890625
33 0.3765625 0.14609375 0.19375 0.1953125
27 0.70078125 0.1984375 0.121875 0.0625
35 0.81484375 0.21328125 0.109375 0.1375
18 0.8640625 0.22578125 0.0828125 0.1234375
36 0.690625 0.22578125 0.2875 0.10625
37 0.5125 0.2125 0.1625 0.0703125
13 0.521875 0.41484375 0.153125 0.14375
15 0.7828125 0.446875 0.19375 0.1734375
13 0.64609375 0.4359375 0.153125 0.103125
0 0.40546875 0.4328125 0.1828125 0.06875
8 0.42578125 0.44375 0.1375 0.06875
7 0.74609375 0.4859375 0.1296875 0.08125