8 0.42265625 0.5890625 0.13125 0.0640625
36 0.75625 0.6046875 0.1765625 0.109375
23 0.596875 0.60234375 0.15 0.0921875
10 0.41875 0.634375 0.2484375 0.0609375
2 0.6640625 0.87265625 0.278125 0.1078125
4 0.4296875 0.8671875 0.171875 0.0953125
13 0.80859375 0.20390625 0.1765625 0.1265625
30 0.44453125 0.209375 0.1890625 0.0859375
31 0.665625 0.2375 0.1828125 0.0453125
18 0.7546875 0.43125 0.0703125 0.1125
11 0.5875 0.4484375 0.0859375 0.078125
33 0.70703125 0.4609375 0.296875 0.0984375
1 0.4265625 0.45234375 0.21875 0.0828125