0 0.39609375 0.59140625 0.18125 0.0828125
4 0.53046875 0.61328125 0.1890625 0.078125
10 0.7359375 0.6296875 0.1328125 0.0578125
8 0.38828125 0.85859375 0.1421875 0.071875
34 0.5828125 0.86953125 0.134375 0.0921875
9 0.753125 0.91640625 0.215625 0.121875
35 0.79296875 0.184375 0.1296875 0.14375
37 0.3921875 0.20390625 0.1765625 0.0796875
12 0.603125 0.2203125 0.1671875 0.059375
33 0.3984375 0.40859375 0.209375 0.1546875
27 0.753125 0.43984375 0.196875 0.115625
18 0.521875 0.43203125 0.075 0.11875
36 0.61015625 0.45078125 0.1484375 0.09375