33 0.44921875 0.55390625 0.2703125 0.1390625
11 0.7328125 0.628125 0.0875 0.075
4 0.5890625 0.61640625 0.1484375 0.08125
7 0.3546875 0.6015625 0.1359375 0.0734375
34 0.60078125 0.896875 0.1546875 0.1015625
36 0.74140625 0.915625 0.1859375 0.1484375
0 0.35390625 0.8703125 0.19375 0.1171875
22 0.6875 0.18984375 0.1234375 0.16875
6 0.83984375 0.2390625 0.2046875 0.1140625
9 0.44609375 0.1921875 0.2109375 0.1078125
35 0.40546875 0.39453125 0.1296875 0.134375
8 0.75625 0.478125 0.134375 0.075
16 0.56640625 0.465625 0.253125 0.0875