3 0.621875 0.4703125 0.15 0.0515625
13 0.4125 0.565625 0.1546875 0.1421875
9 0.753125 0.603125 0.20625 0.096875
23 0.3609375 0.609375 0.1421875 0.10625
7 0.55546875 0.6140625 0.225 0.0828125
1 0.784375 0.87578125 0.171875 0.128125
17 0.41953125 0.90703125 0.1890625 0.0984375
11 0.63515625 0.9140625 0.0921875 0.078125
34 0.359375 0.2046875 0.159375 0.0921875
8 0.5890625 0.21328125 0.103125 0.053125
31 0.78125 0.22578125 0.11875 0.0328125
14 0.6703125 0.440625 0.096875 0.0390625
37 0.56015625 0.44375 0.159375 0.08125
6 0.38359375 0.44453125 0.15625 0.0984375