13 0.409375 0.56953125 0.165625 0.134375
9 0.76171875 0.58671875 0.2109375 0.109375
7 0.56015625 0.6078125 0.225 0.090625
14 0.365625 0.621875 0.0984375 0.0671875
1 0.81171875 0.85703125 0.1796875 0.1421875
17 0.4328125 0.91171875 0.190625 0.09375
11 0.66171875 0.90546875 0.0890625 0.0765625
8 0.56796875 0.20703125 0.1015625 0.05625
3 0.73671875 0.2125 0.1296875 0.034375
18 0.6890625 0.40234375 0.071875 0.0828125
6 0.39609375 0.43359375 0.159375 0.0625
37 0.55625 0.44140625 0.1515625 0.0765625
36 0.7109375 0.44296875 0.2609375 0.090625
30 0.43203125 0.46953125 0.2578125 0.075