2 0.740625 0.47890625 0.2296875 0.0640625
35 0.7359375 0.584375 0.1140625 0.1484375
13 0.32421875 0.57421875 0.140625 0.128125
27 0.44765625 0.5984375 0.1578125 0.1078125
1 0.6203125 0.61328125 0.203125 0.0921875
11 0.74375 0.63046875 0.08125 0.071875
18 0.31875 0.83359375 0.0609375 0.103125
3 0.5390625 0.89140625 0.1421875 0.0859375
17 0.3640625 0.93046875 0.2375 0.10625
31 0.6265625 0.965625 0.18125 0.06875
22 0.5390625 0.16328125 0.11875 0.1875
35 0.3921875 0.175 0.128125 0.134375
30 0.70703125 0.228125 0.18125 0.06875
36 0.5578125 0.45546875 0.1484375 0.0859375
14 0.3578125 0.44921875 0.0984375 0.0578125