9 0.7640625 0.5875 0.2140625 0.109375
37 0.56953125 0.60546875 0.159375 0.0984375
3 0.38046875 0.63203125 0.140625 0.059375
33 0.8125 0.83515625 0.1609375 0.23125
23 0.6828125 0.86328125 0.1453125 0.1234375
17 0.42890625 0.90546875 0.20625 0.0953125
34 0.3546875 0.21015625 0.1734375 0.1015625
8 0.56328125 0.20625 0.0859375 0.053125
14 0.69609375 0.2078125 0.1046875 0.0546875
18 0.7421875 0.38984375 0.065625 0.071875
6 0.39375 0.43515625 0.1890625 0.0828125
15 0.778125 0.43203125 0.184375 0.103125
36 0.39453125 0.465625 0.2796875 0.0921875
7 0.6203125 0.45078125 0.2 0.078125