34 0.39296875 0.58984375 0.134375 0.0890625
36 0.7765625 0.61171875 0.18125 0.084375
23 0.553125 0.6046875 0.1640625 0.0859375
4 0.38984375 0.86484375 0.153125 0.09375
27 0.5828125 0.8875 0.20625 0.115625
9 0.75078125 0.9015625 0.209375 0.115625
13 0.4640625 0.17890625 0.128125 0.1328125
11 0.3796875 0.20625 0.0859375 0.065625
15 0.62421875 0.22265625 0.153125 0.0765625
0 0.7984375 0.23203125 0.1125 0.06875
22 0.78671875 0.4109375 0.1 0.1546875
8 0.61796875 0.45703125 0.1328125 0.0609375
12 0.38828125 0.45546875 0.1234375 0.0734375