7 0.62734375 0.48046875 0.1125 0.040625
6 0.70703125 0.59765625 0.1796875 0.1015625
1 0.54453125 0.6046875 0.215625 0.1046875
11 0.34765625 0.5984375 0.0828125 0.06875
27 0.7390625 0.88515625 0.146875 0.125
36 0.5578125 0.890625 0.146875 0.1421875
30 0.35234375 0.88125 0.178125 0.1234375
33 0.37578125 0.153125 0.19375 0.178125
8 0.53203125 0.21796875 0.0953125 0.05
14 0.81640625 0.23515625 0.1125 0.0515625
31 0.68984375 0.23984375 0.1375 0.034375
15 0.79140625 0.434375 0.159375 0.1484375
18 0.34375 0.4265625 0.065625 0.11875
34 0.5765625 0.44609375 0.1265625 0.0984375
37 0.44765625 0.44609375 0.159375 0.071875
7 0.75 0.47265625 0.1359375 0.0734375