31 0.33828125 0.4625 0.1328125 0.0453125
35 0.6921875 0.57265625 0.1171875 0.140625
13 0.3265625 0.5859375 0.13125 0.13125
23 0.45078125 0.59140625 0.14375 0.1046875
37 0.60234375 0.61171875 0.1625 0.0984375
6 0.67578125 0.83125 0.1625 0.1
2 0.3703125 0.88515625 0.2046875 0.1140625
33 0.528125 0.89296875 0.284375 0.1578125
7 0.74296875 0.909375 0.203125 0.1203125
35 0.60078125 0.1875 0.1234375 0.1296875
9 0.7609375 0.215625 0.2125 0.0921875
34 0.38359375 0.2046875 0.1734375 0.090625
18 0.35390625 0.4171875 0.0609375 0.10625
36 0.515625 0.45078125 0.2140625 0.0890625
30 0.734375 0.46328125 0.16875 0.08125