15 0.64140625 0.56171875 0.246875 0.0921875
23 0.30859375 0.58203125 0.1640625 0.090625
33 0.63125 0.5953125 0.2375 0.1140625
17 0.465625 0.59453125 0.190625 0.0984375
27 0.27265625 0.86171875 0.1359375 0.109375
3 0.43984375 0.871875 0.146875 0.071875
16 0.6671875 0.884375 0.2078125 0.1125
18 0.446875 0.1921875 0.0609375 0.1
34 0.290625 0.19921875 0.159375 0.0875
37 0.55 0.21171875 0.1765625 0.078125
1 0.675 0.22109375 0.1453125 0.071875
9 0.325 0.4140625 0.215625 0.084375
6 0.6859375 0.45 0.19375 0.1015625
31 0.4890625 0.46015625 0.1375 0.0453125