3 0.71015625 0.44921875 0.11875 0.0546875
13 0.4140625 0.57109375 0.1734375 0.1296875
9 0.76796875 0.57890625 0.2078125 0.1171875
7 0.5625 0.61171875 0.2265625 0.09375
1 0.81640625 0.8484375 0.1875 0.1328125
17 0.46015625 0.91015625 0.2 0.0984375
11 0.671875 0.90234375 0.096875 0.0828125
30 0.37109375 0.21953125 0.19375 0.090625
8 0.55859375 0.20625 0.090625 0.0609375
14 0.6828125 0.20390625 0.0953125 0.059375
6 0.39453125 0.4328125 0.1765625 0.071875
37 0.56015625 0.4390625 0.146875 0.0859375
36 0.403125 0.4640625 0.2890625 0.1015625