13 0.41171875 0.5609375 0.1703125 0.125
9 0.75625 0.59453125 0.2046875 0.1125
23 0.3703125 0.609375 0.175 0.109375
7 0.553125 0.60859375 0.23125 0.1015625
1 0.79375 0.8671875 0.175 0.1390625
17 0.42109375 0.90859375 0.19375 0.1046875
11 0.6453125 0.91171875 0.0875 0.084375
34 0.3484375 0.20625 0.1515625 0.09375
8 0.58046875 0.209375 0.10625 0.065625
31 0.771875 0.22109375 0.121875 0.0453125
13 0.38359375 0.43984375 0.1640625 0.1265625
18 0.765625 0.4265625 0.0953125 0.1265625
14 0.66796875 0.43203125 0.103125 0.0390625
37 0.55 0.44140625 0.165625 0.096875