7 0.7484375 0.4625 0.2734375 0.071875
1 0.43359375 0.59140625 0.1515625 0.109375
9 0.75703125 0.60078125 0.1984375 0.1046875
37 0.5625 0.60390625 0.159375 0.0890625
11 0.34765625 0.61953125 0.0859375 0.075
27 0.75234375 0.85625 0.1375 0.1203125
30 0.48671875 0.86953125 0.1546875 0.06875
6 0.365625 0.90078125 0.1921875 0.128125
17 0.609375 0.9421875 0.2296875 0.103125
33 0.36328125 0.1890625 0.265625 0.134375
14 0.6828125 0.21171875 0.1015625 0.0625
31 0.56484375 0.22890625 0.146875 0.046875
18 0.35078125 0.41015625 0.0625 0.084375
35 0.55078125 0.41328125 0.121875 0.1375
8 0.39296875 0.45703125 0.1296875 0.0625