6 0.621875 0.5859375 0.171875 0.1046875
17 0.31796875 0.56484375 0.078125 0.15
35 0.78515625 0.60625 0.125 0.1515625
1 0.434375 0.5859375 0.1890625 0.0890625
23 0.665625 0.60390625 0.2015625 0.1
22 0.74140625 0.8359375 0.09375 0.159375
22 0.6484375 0.83203125 0.1140625 0.1703125
15 0.3734375 0.8546875 0.21875 0.1359375
31 0.5390625 0.87890625 0.1171875 0.0703125
0 0.71953125 0.90390625 0.2015625 0.103125
33 0.4015625 0.17578125 0.2546875 0.1390625
27 0.81171875 0.215625 0.1359375 0.10625
37 0.6765625 0.22265625 0.165625 0.078125
7 0.490625 0.2203125 0.2203125 0.06875
9 0.41640625 0.44296875 0.2765625 0.1
8 0.72421875 0.471875 0.153125 0.06875