13 0.41015625 0.5578125 0.1625 0.1140625
9 0.753125 0.60390625 0.2 0.0984375
23 0.3671875 0.6046875 0.16875 0.0984375
7 0.54921875 0.61015625 0.2265625 0.0859375
1 0.78046875 0.87734375 0.1671875 0.128125
17 0.40703125 0.90546875 0.1875 0.0921875
11 0.63125 0.91640625 0.0828125 0.078125
34 0.359375 0.20078125 0.1453125 0.084375
8 0.590625 0.2125 0.1046875 0.0578125
31 0.78125 0.23046875 0.11875 0.0359375
13 0.3859375 0.4359375 0.15625 0.1171875
18 0.76796875 0.4359375 0.0875 0.1203125
14 0.6703125 0.4375 0.1015625 0.0328125
37 0.55234375 0.44375 0.159375 0.0859375