35 0.746875 0.5453125 0.1265625 0.14375
13 0.3375 0.5953125 0.134375 0.140625
1 0.6375 0.596875 0.2046875 0.1015625
31 0.4609375 0.62734375 0.1359375 0.05625
22 0.675 0.80078125 0.1125 0.16875
18 0.3609375 0.85625 0.059375 0.1046875
27 0.48125 0.85390625 0.196875 0.1046875
30 0.40390625 0.928125 0.171875 0.13125
0 0.6609375 0.91015625 0.1765625 0.1
13 0.30546875 0.190625 0.175 0.1546875
34 0.6640625 0.19296875 0.178125 0.0859375
35 0.74921875 0.39921875 0.128125 0.134375
33 0.54921875 0.45 0.3109375 0.1078125
11 0.3234375 0.47734375 0.0875 0.071875