15 0.7109375 0.4609375 0.353125 0.084375
27 0.70859375 0.56796875 0.1546875 0.0984375
2 0.3859375 0.61328125 0.1546875 0.0671875
31 0.58046875 0.62421875 0.1640625 0.0609375
37 0.421875 0.8828125 0.1671875 0.1109375
9 0.7640625 0.87890625 0.209375 0.1359375
6 0.7390625 0.196875 0.209375 0.0828125
1 0.57734375 0.21953125 0.209375 0.0703125
3 0.35234375 0.22890625 0.153125 0.059375
33 0.709375 0.4046875 0.284375 0.134375
34 0.5015625 0.44375 0.165625 0.0859375
23 0.36640625 0.45234375 0.1515625 0.1046875