8 0.51484375 0.60078125 0.1484375 0.0765625
12 0.72109375 0.62265625 0.1328125 0.0703125
22 0.3671875 0.58828125 0.10625 0.103125
33 0.40703125 0.79453125 0.234375 0.1671875
31 0.70703125 0.8828125 0.1359375 0.0796875
2 0.5390625 0.89375 0.2296875 0.128125
30 0.33125 0.8796875 0.140625 0.0984375
6 0.42109375 0.1890625 0.19375 0.109375
37 0.653125 0.225 0.175 0.0875
3 0.8234375 0.2515625 0.1640625 0.0671875
7 0.45 0.221875 0.24375 0.0546875
35 0.63046875 0.4609375 0.2203125 0.1015625
16 0.4359375 0.45625 0.2 0.071875