3 0.61953125 0.46171875 0.15 0.05625
13 0.4171875 0.571875 0.159375 0.1453125
9 0.759375 0.58515625 0.209375 0.1046875
23 0.36875 0.61875 0.14375 0.109375
7 0.56328125 0.61015625 0.2265625 0.090625
1 0.81015625 0.8546875 0.1765625 0.1328125
17 0.4484375 0.91171875 0.1921875 0.103125
11 0.6640625 0.90390625 0.0953125 0.08125
34 0.3390625 0.21484375 0.1625 0.0984375
8 0.56875 0.2078125 0.103125 0.05625
31 0.76171875 0.20703125 0.1203125 0.0375
14 0.665625 0.42890625 0.0984375 0.0421875
37 0.55625 0.43984375 0.1609375 0.0859375
6 0.3796875 0.453125 0.159375 0.1046875