35 0.73828125 0.5734375 0.115625 0.1375
13 0.321875 0.5765625 0.1265625 0.11875
1 0.625 0.61328125 0.2 0.090625
31 0.43828125 0.62578125 0.1359375 0.0484375
22 0.63515625 0.82265625 0.096875 0.1609375
18 0.31796875 0.83828125 0.05625 0.1046875
27 0.4375 0.85 0.1921875 0.096875
30 0.35078125 0.91875 0.1796875 0.1265625
13 0.34765625 0.17109375 0.1671875 0.1484375
34 0.6984375 0.21484375 0.16875 0.0828125
35 0.76328125 0.43125 0.121875 0.13125
11 0.32890625 0.45546875 0.0828125 0.065625
15 0.5265625 0.46640625 0.2484375 0.065625