6 0.634375 0.56484375 0.1734375 0.10625
17 0.3296875 0.59296875 0.0796875 0.1515625
35 0.7984375 0.56015625 0.1265625 0.153125
1 0.4484375 0.5953125 0.190625 0.0921875
23 0.68046875 0.5765625 0.203125 0.103125
22 0.790625 0.79375 0.096875 0.1609375
22 0.6984375 0.8046875 0.1171875 0.171875
15 0.4296875 0.86953125 0.2203125 0.1390625
31 0.5984375 0.86796875 0.11875 0.071875
0 0.78125 0.86484375 0.203125 0.10625
33 0.35234375 0.1953125 0.25625 0.14375
27 0.76328125 0.1703125 0.1375 0.1078125
37 0.63046875 0.1984375 0.1671875 0.0796875
7 0.44765625 0.225 0.221875 0.0734375
9 0.409375 0.45703125 0.278125 0.1046875
8 0.7171875 0.43671875 0.1546875 0.0703125