9 0.5546875 0.6046875 0.284375 0.109375
12 0.3625 0.59140625 0.11875 0.06875
9 0.76640625 0.63046875 0.2203125 0.090625
2 0.66171875 0.8921875 0.2234375 0.11875
16 0.365625 0.8703125 0.1859375 0.1109375
10 0.49375 0.8890625 0.1109375 0.0859375
15 0.37421875 0.1765625 0.1453125 0.1234375
27 0.76796875 0.2203125 0.203125 0.10625
8 0.59609375 0.22421875 0.0953125 0.0515625
18 0.6671875 0.4328125 0.0703125 0.10625
34 0.54609375 0.453125 0.175 0.0828125
11 0.40390625 0.446875 0.084375 0.0734375
4 0.78671875 0.484375 0.153125 0.0671875