23 0.43515625 0.58984375 0.2125 0.1203125
37 0.72734375 0.61953125 0.1734375 0.0953125
31 0.57265625 0.628125 0.146875 0.065625
22 0.70546875 0.84453125 0.1203125 0.1765625
22 0.63203125 0.8578125 0.1078125 0.175
13 0.33828125 0.86171875 0.146875 0.140625
3 0.4984375 0.878125 0.1359375 0.075
13 0.57265625 0.17890625 0.1625 0.1515625
0 0.790625 0.23671875 0.1828125 0.0828125
14 0.4328125 0.20625 0.0984375 0.0671875
34 0.6265625 0.45078125 0.1578125 0.0828125
1 0.43984375 0.44453125 0.228125 0.103125