13 0.59453125 0.58359375 0.1765625 0.13125
37 0.73203125 0.575 0.153125 0.090625
33 0.396875 0.6140625 0.275 0.1046875
2 0.4078125 0.89453125 0.1921875 0.10625
31 0.56875 0.88671875 0.1296875 0.0671875
8 0.77421875 0.871875 0.1125 0.0828125
35 0.31953125 0.1890625 0.128125 0.146875
35 0.56953125 0.178125 0.1265625 0.1296875
7 0.61484375 0.2046875 0.3078125 0.09375
0 0.43515625 0.21953125 0.1671875 0.075
11 0.76015625 0.19765625 0.084375 0.059375
23 0.6984375 0.42578125 0.20625 0.1046875
9 0.3546875 0.45625 0.2140625 0.1046875