35 0.740625 0.5859375 0.1203125 0.140625
13 0.325 0.5640625 0.1375 0.13125
31 0.57421875 0.628125 0.115625 0.059375
22 0.6125 0.81796875 0.1 0.1515625
18 0.29609375 0.8265625 0.0609375 0.1046875
2 0.5609375 0.909375 0.2703125 0.1015625
30 0.325 0.909375 0.1734375 0.134375
13 0.36328125 0.15859375 0.16875 0.15625
6 0.51875 0.203125 0.1984375 0.0953125
0 0.64375 0.22421875 0.2828125 0.09375
37 0.8015625 0.24375 0.10625 0.0625
34 0.39296875 0.4375 0.140625 0.09375
7 0.54296875 0.4625 0.203125 0.08125