20 0.31953125 0.87734375 0.1296875 0.0921875
20 0.465625 0.8421875 0.115625 0.084375
20 0.6203125 0.8515625 0.1375 0.109375
20 0.76015625 0.84296875 0.121875 0.109375
20 0.9125 0.84296875 0.1453125 0.090625
20 0.23359375 0.71328125 0.109375 0.0546875
20 0.403125 0.72421875 0.175 0.0921875
20 0.5609375 0.71796875 0.1453125 0.090625
20 0.746875 0.71484375 0.1078125 0.0828125
20 0.884375 0.7046875 0.134375 0.08125
20 0.74609375 0.58203125 0.21875 0.08125
20 0.18828125 0.56015625 0.1484375 0.08125
20 0.34609375 0.5484375 0.1265625 0.0546875
20 0.90546875 0.54140625 0.1890625 0.0671875
20 0.7421875 0.4078125 0.1453125 0.1125
20 0.9078125 0.40859375 0.159375 0.1125
20 0.57265625 0.390625 0.1828125 0.103125
33 0.25390625 0.24375 0.125 0.115625
33 0.1 0.23125 0.1203125 0.140625