2 0.09765625 0.04609375 0.034375 0.040625
2 0.2765625 0.0671875 0.0765625 0.05625
2 0.2046875 0.05703125 0.05 0.05
2 0.1546875 0.05546875 0.0484375 0.0515625
2 0.21328125 0.1515625 0.05 0.0453125
2 0.10078125 0.1484375 0.053125 0.0515625
2 0.046875 0.1390625 0.0375 0.0421875
2 0.1796875 0.171875 0.021875 0.0234375
2 0.29140625 0.184375 0.0546875 0.046875
2 0.45859375 0.32421875 0.08125 0.0515625
2 0.5578125 0.34765625 0.0859375 0.0578125
2 0.075 0.3375 0.0640625 0.034375
2 0.0890625 0.29453125 0.0609375 0.0296875
2 0.021875 0.3140625 0.0171875 0.028125
2 0.04765625 0.32265625 0.04375 0.021875
2 0.10390625 0.32265625 0.046875 0.0265625
2 0.1765625 0.3375 0.0578125 0.0234375
2 0.228125 0.3875 0.08125 0.0390625
2 0.2078125 0.36796875 0.0859375 0.0328125
2 0.15390625 0.36328125 0.0296875 0.025
2 0.20390625 0.34765625 0.0734375 0.0265625
2 0.2671875 0.34453125 0.0265625 0.0171875
2 0.37109375 0.4046875 0.084375 0.0421875
2 0.303125 0.41640625 0.078125 0.0296875
2 0.32421875 0.36171875 0.059375 0.0234375
2 0.6203125 0.215625 0.0984375 0.040625
2 0.51171875 0.078125 0.08125 0.034375
2 0.5125 0.2828125 0.05625 0.025
2 0.1765625 0.2625 0.0828125 0.025
2 0.1828125 0.2828125 0.065625 0.0234375
16 0.04140625 0.2296875 0.040625 0.0171875
16 0.04375 0.24609375 0.046875 0.0171875
16 0.08125 0.2390625 0.040625 0.0171875
16 0.1109375 0.26640625 0.053125 0.0203125
16 0.29765625 0.2921875 0.0828125 0.0234375
16 0.30390625 0.31171875 0.0734375 0.03125
16 0.35546875 0.33125 0.0640625 0.0296875
2 0.22265625 0.30078125 0.0625 0.025
2 0.24375 0.2671875 0.0484375 0.0234375
2 0.878125 0.08125 0.0703125 0.0609375
2 0.7515625 0.23125 0.1203125 0.0484375
2 0.9359375 0.2625 0.128125 0.071875
2 0.70390625 0.38203125 0.1171875 0.0640625
2 0.85546875 0.415625 0.1546875 0.0765625
2 0.8625 0.3671875 0.1015625 0.0421875
2 0.99140625 0.45625 0.0171875 0.05
2 0.8421875 0.57109375 0.1359375 0.08125
2 0.95859375 0.61953125 0.071875 0.071875
2 0.70234375 0.50625 0.1171875 0.06875
2 0.61015625 0.6953125 0.0796875 0.0578125
2 0.65234375 0.7609375 0.075 0.0546875
2 0.70703125 0.828125 0.08125 0.0671875
2 0.503125 0.75234375 0.078125 0.0671875
2 0.4171875 0.68984375 0.0875 0.065625
2 0.37421875 0.63984375 0.1015625 0.059375
2 0.9390625 0.9703125 0.0484375 0.0546875