24 0.73828125 0.09921875 0.1171875 0.1359375
22 0.4875 0.26015625 0.1 0.1328125
6 0.6734375 0.5421875 0.09375 0.075
31 0.37421875 0.38671875 0.121875 0.053125
31 0.3734375 0.42578125 0.1203125 0.0390625
28 0.325 0.59609375 0.0984375 0.0765625
24 0.71953125 0.31796875 0.0828125 0.053125
24 0.73046875 0.2671875 0.0921875 0.0578125
19 0.04140625 0.259375 0.0546875 0.0921875
24 0.63828125 0.30390625 0.0765625 0.071875
24 0.56328125 0.29375 0.0734375 0.0703125
24 0.578125 0.428125 0.0609375 0.065625
24 0.571875 0.38125 0.046875 0.028125
9 0.653125 0.4328125 0.096875 0.0296875
24 0.4984375 0.4078125 0.084375 0.0828125
24 0.51640625 0.3640625 0.0859375 0.021875
8 0.53671875 0.725 0.0578125 0.0796875
17 0.371875 0.75 0.1859375 0.04375
12 0.309375 0.809375 0.1109375 0.084375
16 0.57265625 0.82421875 0.0953125 0.071875
27 0.56328125 0.934375 0.0546875 0.0359375
27 0.57265625 0.90390625 0.04375 0.034375