6 0.36328125 0.1421875 0.115625 0.05625
8 0.5796875 0.25546875 0.1046875 0.1203125
24 0.371875 0.303125 0.0734375 0.059375
22 0.3890625 0.265625 0.0859375 0.115625
19 0.3890625 0.384375 0.0484375 0.0265625
6 0.63828125 0.528125 0.071875 0.059375
8 0.425 0.57734375 0.0671875 0.0375
17 0.340625 0.6296875 0.1078125 0.0234375
23 0.4765625 0.87265625 0.0953125 0.0734375
5 0.3640625 0.8703125 0.1046875 0.0609375
27 0.59453125 0.98203125 0.0484375 0.034375
9 0.5375 0.4265625 0.1234375 0.03125
17 0.3421875 0.73046875 0.1015625 0.0359375
8 0.3421875 0.60234375 0.0890625 0.0328125
7 0.32578125 0.96484375 0.0484375 0.059375