24 0.41796875 0.17421875 0.08125 0.08125
8 0.63984375 0.159375 0.1453125 0.1203125
22 0.43515625 0.10234375 0.1 0.078125
9 0.5953125 0.33515625 0.1390625 0.04375
19 0.42265625 0.28125 0.053125 0.03125
12 0.703125 0.3125 0.1125 0.0734375
6 0.69296875 0.45859375 0.0671875 0.065625
8 0.4640625 0.50390625 0.075 0.0546875
5 0.38203125 0.803125 0.109375 0.0625
23 0.503125 0.8 0.10625 0.075
7 0.3484375 0.890625 0.059375 0.0609375
27 0.61875 0.92734375 0.0546875 0.0484375
28 0.41640625 0.975 0.071875 0.0453125
17 0.37265625 0.65234375 0.1046875 0.040625