33 0.38359375 0.1625 0.3484375 0.09140625
24 0.38046875 0.53359375 0.1078125 0.0671875
0 0.903125 0.5515625 0.07265625 0.0359375
19 0.9765625 0.56171875 0.04609375 0.03671875
24 0.16015625 0.66015625 0.11875 0.0828125
23 0.2546875 0.63671875 0.08125 0.0375
8 0.34609375 0.72265625 0.0640625 0.06484375
37 0.1390625 0.86171875 0.06328125 0.0328125
19 0.459375 0.8328125 0.0453125 0.02734375
7 0.45703125 0.7953125 0.15 0.03984375
22 0.91171875 0.7671875 0.17578125 0.184375
37 0.27734375 0.8171875 0.096875 0.03125