10 0.19895833333333332 0.484375 0.08645833333333333 0.125
20 0.5927083333333333 0.3692708333333333 0.08854166666666667 0.019791666666666666
4 0.42291666666666666 0.43802083333333336 0.06875 0.026041666666666668
21 0.50625 0.43333333333333335 0.041666666666666664 0.026041666666666668
6 0.6286458333333333 0.4328125 0.05416666666666667 0.026041666666666668
14 0.6598958333333333 0.4010416666666667 0.03958333333333333 0.03958333333333333
14 0.6765625 0.41875 0.057291666666666664 0.027083333333333334
14 0.6838541666666667 0.43802083333333336 0.05416666666666667 0.014583333333333334
0 0.4734375 0.521875 0.04375 0.022916666666666665
0 0.5005208333333333 0.5171875 0.035416666666666666 0.026041666666666668
24 0.5453125 0.5171875 0.04895833333333333 0.030208333333333334
24 0.5739583333333333 0.5109375 0.046875 0.034375
3 0.46041666666666664 0.5729166666666666 0.10520833333333333 0.06458333333333334
11 0.3614583333333333 0.378125 0.040625 0.028125
25 0.41875 0.36875 0.07291666666666667 0.025
13 0.5072916666666667 0.37083333333333335 0.046875 0.017708333333333333
24 0.5197916666666667 0.5010416666666667 0.04895833333333333 0.015625
25 0.4276041666666667 0.5192708333333333 0.053125 0.03229166666666667
12 0.4609375 0.4171875 0.065625 0.03229166666666667
