14 0.06614583333333333 0.6229166666666667 0.128125 0.053125
6 0.5302083333333333 0.325 0.07447916666666667 0.009895833333333333
24 0.5859375 0.3953125 0.053125 0.0359375
24 0.6494791666666667 0.3927083333333333 0.06614583333333333 0.040625
12 0.8203125 0.39010416666666664 0.08177083333333333 0.058854166666666666
0 0.48541666666666666 0.4984375 0.050520833333333334 0.024479166666666666
0 0.8026041666666667 0.5057291666666667 0.053125 0.025520833333333333
25 0.7505208333333333 0.6614583333333334 0.10677083333333333 0.044270833333333336
3 0.5557291666666667 0.5625 0.21510416666666668 0.0703125
13 0.146875 0.45677083333333335 0.15 0.10677083333333333
20 0.5786458333333333 0.4973958333333333 0.09791666666666667 0.034895833333333334
21 0.7203125 0.48854166666666665 0.052083333333333336 0.028645833333333332
13 0.7229166666666667 0.509375 0.10208333333333333 0.015104166666666667
