14 0.1546875 0.5302083333333333 0.10677083333333333 0.06041666666666667
11 0.28958333333333336 0.328125 0.0953125 0.0328125
14 0.19270833333333334 0.6458333333333334 0.11927083333333334 0.08697916666666666
10 0.39114583333333336 0.7119791666666667 0.10572916666666667 0.14791666666666667
21 0.4953125 0.28541666666666665 0.06197916666666667 0.03333333333333333
13 0.47291666666666665 0.396875 0.0375 0.013020833333333334
0 0.6973958333333333 0.28541666666666665 0.03802083333333333 0.03125
6 0.6036458333333333 0.2989583333333333 0.07135416666666666 0.022916666666666665
6 0.678125 0.2953125 0.028645833333333332 0.015104166666666667
12 0.5234375 0.3723958333333333 0.090625 0.0625
24 0.76875 0.3651041666666667 0.0703125 0.04375
24 0.5328125 0.48333333333333334 0.06510416666666667 0.0453125
0 0.615625 0.4817708333333333 0.059375 0.0296875
0 0.6796875 0.44947916666666665 0.059895833333333336 0.030729166666666665
14 0.7619791666666667 0.48333333333333334 0.06875 0.021354166666666667
11 0.684375 0.478125 0.0859375 0.0359375
10 0.8322916666666667 0.46197916666666666 0.06510416666666667 0.058854166666666666
20 0.696875 0.5604166666666667 0.12239583333333333 0.03697916666666667
24 0.8005208333333333 0.5479166666666667 0.07395833333333333 0.04010416666666667
24 0.7552083333333334 0.6234375 0.06458333333333334 0.04375
13 0.6083333333333333 0.6390625 0.13177083333333334 0.041666666666666664
25 0.5640625 0.5598958333333334 0.12239583333333333 0.04114583333333333
