20 0.4171875 0.46770833333333334 0.2 0.034375
4 0.6125 0.43802083333333336 0.1 0.059375
6 0.5447916666666667 0.5583333333333333 0.09166666666666666 0.026041666666666668
6 0.4203125 0.5302083333333333 0.07395833333333333 0.03125
25 0.4239583333333333 0.5588541666666667 0.09895833333333333 0.03125
14 0.5140625 0.3171875 0.11041666666666666 0.04791666666666667
13 0.4109375 0.3421875 0.165625 0.01875
12 0.4203125 0.303125 0.09583333333333334 0.06458333333333334
14 0.1796875 0.19583333333333333 0.14583333333333334 0.09375
20 0.6333333333333333 0.21927083333333333 0.24270833333333333 0.029166666666666667
13 0.6213541666666667 0.2203125 0.04895833333333333 0.015625
21 0.6020833333333333 0.5484375 0.07604166666666666 0.040625
3 0.6697916666666667 0.5166666666666667 0.20104166666666667 0.08645833333333333
