11 0.1796875 0.1953125 0.096875 0.0359375
4 0.1296875 0.20416666666666666 0.10416666666666667 0.042708333333333334
0 0.3796875 0.3067708333333333 0.08020833333333334 0.044270833333333336
24 0.2046875 0.6692708333333334 0.15 0.08229166666666667
10 0.3380208333333333 0.8619791666666666 0.13489583333333333 0.2203125
20 0.7098958333333333 0.575 0.22916666666666666 0.03697916666666667
13 0.5479166666666667 0.6723958333333333 0.090625 0.035416666666666666
13 0.7515625 0.6734375 0.17083333333333334 0.059895833333333336
0 0.45625 0.45677083333333335 0.08385416666666666 0.041666666666666664
4 0.5677083333333334 0.4578125 0.1640625 0.04010416666666667
24 0.5395833333333333 0.4192708333333333 0.0875 0.049479166666666664
12 0.4890625 0.4088541666666667 0.09479166666666666 0.06354166666666666
25 0.46458333333333335 0.29791666666666666 0.09010416666666667 0.03958333333333333
11 0.5270833333333333 0.24166666666666667 0.13020833333333334 0.059895833333333336
14 0.5171875 0.2786458333333333 0.07864583333333333 0.025520833333333333
14 0.534375 0.2994791666666667 0.05260416666666667 0.0234375
6 0.7145833333333333 0.30885416666666665 0.15572916666666667 0.029166666666666667
10 0.8828125 0.275 0.13489583333333333 0.09114583333333333
21 0.4505208333333333 0.1765625 0.10572916666666667 0.04375
14 0.8828125 0.44895833333333335 0.11979166666666667 0.03958333333333333
13 0.8546875 0.4083333333333333 0.19375 0.05260416666666667
