14 0.07083333333333333 0.3572916666666667 0.09635416666666667 0.0453125
10 0.15052083333333333 0.8052083333333333 0.096875 0.15677083333333333
20 0.634375 0.36666666666666664 0.1109375 0.0296875
24 0.7265625 0.3625 0.07447916666666667 0.041666666666666664
21 0.5291666666666667 0.44114583333333335 0.04895833333333333 0.0328125
4 0.396875 0.440625 0.09635416666666667 0.03177083333333333
12 0.5901041666666667 0.4322916666666667 0.07708333333333334 0.059895833333333336
24 0.3958333333333333 0.4864583333333333 0.07083333333333333 0.036458333333333336
24 0.4661458333333333 0.4953125 0.0640625 0.034895833333333334
10 0.37135416666666665 0.528125 0.06770833333333333 0.043229166666666666
0 0.5125 0.5421875 0.05260416666666667 0.0296875
11 0.5645833333333333 0.5333333333333333 0.10625 0.050520833333333334
3 0.6911458333333333 0.42604166666666665 0.13125 0.06875
11 0.25885416666666666 0.36354166666666665 0.08697916666666666 0.034375
13 0.6760416666666667 0.5192708333333333 0.11197916666666667 0.022916666666666665
25 0.40677083333333336 0.6770833333333334 0.11770833333333333 0.04583333333333333
6 0.634375 0.634375 0.0921875 0.019270833333333334
13 0.5791666666666667 0.6791666666666667 0.1140625 0.040625
