3 0.32083333333333336 0.1640625 0.3125 0.13177083333333334
14 0.6078125 0.35 0.15572916666666667 0.053125
14 0.496875 0.36822916666666666 0.1484375 0.03125
4 0.4869791666666667 0.35052083333333334 0.23072916666666668 0.050520833333333334
20 0.2838541666666667 0.36770833333333336 0.19010416666666666 0.03125
13 0.34375 0.5109375 0.16302083333333334 0.036458333333333336
14 0.45364583333333336 0.51875 0.14479166666666668 0.0453125
6 0.54375 0.5088541666666667 0.11145833333333334 0.03854166666666667
21 0.4348958333333333 0.48541666666666666 0.0765625 0.0296875
6 0.7135416666666666 0.5005208333333333 0.12083333333333333 0.021354166666666667
13 0.725 0.5208333333333334 0.140625 0.021875
0 0.6177083333333333 0.6369791666666667 0.09114583333333333 0.044270833333333336
0 0.7088541666666667 0.6239583333333333 0.08333333333333333 0.04583333333333333
25 0.44583333333333336 0.6380208333333334 0.2234375 0.0875
13 0.6567708333333333 0.8005208333333333 0.2203125 0.08385416666666666
13 0.3802083333333333 0.803125 0.09479166666666666 0.04895833333333333
