13 0.4083333333333333 0.4859375 0.1390625 0.035416666666666666
13 0.40572916666666664 0.34791666666666665 0.0875 0.022395833333333334
4 0.6390625 0.31302083333333336 0.15364583333333334 0.040625
20 0.7291666666666666 0.3494791666666667 0.30572916666666666 0.0578125
21 0.8895833333333333 0.3265625 0.08125 0.06666666666666667
12 0.8125 0.31354166666666666 0.11614583333333334 0.08229166666666667
14 0.625 0.20625 0.17083333333333334 0.0703125
13 0.45208333333333334 0.5921875 0.14010416666666667 0.04114583333333333
13 0.4875 0.7541666666666667 0.09427083333333333 0.044270833333333336
13 0.44479166666666664 0.7020833333333333 0.1953125 0.0515625
25 0.6817708333333333 0.7427083333333333 0.18697916666666667 0.0859375
6 0.6869791666666667 0.6067708333333334 0.13645833333333332 0.04895833333333333
3 0.628125 0.43333333333333335 0.2109375 0.09739583333333333
6 0.7333333333333333 0.4942708333333333 0.03958333333333333 0.030208333333333334
