11 0.18541666666666667 0.22447916666666667 0.2786458333333333 0.06614583333333333
14 0.3098958333333333 0.23177083333333334 0.115625 0.025520833333333333
0 0.41822916666666665 0.20989583333333334 0.121875 0.06041666666666667
0 0.5385416666666667 0.2109375 0.11197916666666667 0.05677083333333333
12 0.515625 0.34427083333333336 0.125 0.07604166666666666
14 0.375 0.3541666666666667 0.13645833333333332 0.0609375
20 0.26927083333333335 0.3921875 0.30052083333333335 0.05
6 0.7041666666666667 0.8114583333333333 0.2265625 0.0453125
3 0.5515625 0.540625 0.21927083333333333 0.10052083333333334
13 0.7838541666666666 0.3854166666666667 0.14270833333333333 0.028645833333333332
