13 0.44895833333333335 0.38177083333333334 0.0765625 0.03958333333333333
4 0.7572916666666667 0.4901041666666667 0.1625 0.034375
13 0.6380208333333334 0.5057291666666667 0.12291666666666666 0.0390625
25 0.5890625 0.5921875 0.1078125 0.057291666666666664
6 0.6619791666666667 0.5947916666666667 0.04791666666666667 0.019270833333333334
6 0.7489583333333333 0.5901041666666667 0.1265625 0.029166666666666667
24 0.5088541666666667 0.42291666666666666 0.07760416666666667 0.04635416666666667
14 0.625 0.42083333333333334 0.06666666666666667 0.022916666666666665
11 0.6729166666666667 0.40989583333333335 0.03697916666666667 0.027604166666666666
11 0.7348958333333333 0.4005208333333333 0.043229166666666666 0.025
13 0.6104166666666667 0.38645833333333335 0.13072916666666667 0.052083333333333336
3 0.721875 0.37395833333333334 0.12864583333333332 0.06666666666666667
24 0.6484375 0.28020833333333334 0.07708333333333334 0.04635416666666667
20 0.60625 0.30104166666666665 0.0578125 0.0171875
14 0.5567708333333333 0.20625 0.07083333333333333 0.022916666666666665
21 0.621875 0.190625 0.08177083333333333 0.044270833333333336
11 0.7541666666666667 0.17604166666666668 0.16614583333333333 0.07135416666666666
13 0.734375 0.2864583333333333 0.06041666666666667 0.015625
