0 0.6645833333333333 0.4921875 0.07916666666666666 0.040625
0 0.6005208333333333 0.484375 0.07083333333333333 0.0375
14 0.9171875 0.3333333333333333 0.165625 0.03333333333333333
14 0.07864583333333333 0.4119791666666667 0.07291666666666667 0.03333333333333333
10 0.6114583333333333 0.7322916666666667 0.12291666666666666 0.13541666666666666
13 0.8692708333333333 0.6484375 0.25729166666666664 0.11458333333333333
14 0.40729166666666666 0.321875 0.11875 0.016666666666666666
21 0.2453125 0.3046875 0.1 0.0375
6 0.23229166666666667 0.4125 0.17395833333333333 0.028125
12 0.20833333333333334 0.48020833333333335 0.078125 0.040625
20 0.37864583333333335 0.5197916666666667 0.03958333333333333 0.026041666666666668
20 0.11458333333333333 0.53125 0.07291666666666667 0.03125
24 0.08854166666666667 0.5046875 0.075 0.042708333333333334
4 0.34270833333333334 0.609375 0.159375 0.04791666666666667
25 0.17864583333333334 0.6151041666666667 0.109375 0.040625
4 0.27395833333333336 0.40572916666666664 0.15520833333333334 0.017708333333333333
3 0.10208333333333333 0.2796875 0.14583333333333334 0.08333333333333333
