20 0.1234375 0.696875 0.23645833333333333 0.109375
4 0.8401041666666667 0.2552083333333333 0.2875 0.059375
25 0.5307291666666667 0.23333333333333334 0.16458333333333333 0.07083333333333333
14 0.36041666666666666 0.20052083333333334 0.3177083333333333 0.09583333333333334
14 0.35 0.253125 0.2520833333333333 0.05520833333333333
6 0.18229166666666666 0.4552083333333333 0.2989583333333333 0.06770833333333333
13 0.4114583333333333 0.4473958333333333 0.21041666666666667 0.05
3 0.6583333333333333 0.40625 0.340625 0.15416666666666667
10 0.8276041666666667 0.4390625 0.303125 0.13541666666666666
21 0.621875 0.628125 0.11041666666666666 0.0625
0 0.16510416666666666 0.6140625 0.12291666666666666 0.040625
0 0.14114583333333333 0.5822916666666667 0.11875 0.059375
13 0.746875 0.6755208333333333 0.109375 0.035416666666666666
