6 0.5885416666666666 0.21458333333333332 0.14270833333333333 0.03854166666666667
6 0.7671875 0.20260416666666667 0.15104166666666666 0.042708333333333334
3 0.29583333333333334 0.16302083333333334 0.28541666666666665 0.125
13 0.3328125 0.42239583333333336 0.13958333333333334 0.0875
21 0.2796875 0.44114583333333335 0.07395833333333333 0.041666666666666664
4 0.3890625 0.4796875 0.15729166666666666 0.0375
4 0.3385416666666667 0.4583333333333333 0.13229166666666667 0.03958333333333333
0 0.5947916666666667 0.4734375 0.07083333333333333 0.03958333333333333
12 0.6895833333333333 0.45208333333333334 0.10729166666666666 0.06875
14 0.5270833333333333 0.5609375 0.09479166666666666 0.04895833333333333
25 0.5208333333333334 0.5984375 0.128125 0.04791666666666667
14 0.609375 0.5666666666666667 0.046875 0.03958333333333333
