10 0.1859375 0.7020833333333333 0.11354166666666667 0.184375
10 0.51875 0.22864583333333333 0.12239583333333333 0.06197916666666667
24 0.7125 0.246875 0.09166666666666666 0.043229166666666666
24 0.5932291666666667 0.3338541666666667 0.075 0.0453125
21 0.4765625 0.3307291666666667 0.058333333333333334 0.033854166666666664
20 0.5369791666666667 0.32760416666666664 0.07708333333333334 0.052083333333333336
14 0.69375 0.33229166666666665 0.0671875 0.03177083333333333
14 0.6994791666666667 0.35520833333333335 0.071875 0.020833333333333332
4 0.6744791666666666 0.4328125 0.1234375 0.034895833333333334
6 0.3890625 0.4421875 0.0375 0.025
0 0.7385416666666667 0.46510416666666665 0.050520833333333334 0.028645833333333332
3 0.475 0.5166666666666667 0.209375 0.07395833333333333
25 0.6578125 0.459375 0.10677083333333333 0.034895833333333334
13 0.6854166666666667 0.6546875 0.1 0.04583333333333333
12 0.7744791666666667 0.34270833333333334 0.0875 0.04791666666666667
13 0.7973958333333333 0.3645833333333333 0.053125 0.0140625
14 0.215625 0.19791666666666666 0.14479166666666668 0.06041666666666667
