10 0.30364583333333334 0.903125 0.18229166666666666 0.19375
14 0.40729166666666666 0.22760416666666666 0.10052083333333334 0.01875
6 0.43125 0.34010416666666665 0.07916666666666666 0.027604166666666666
25 0.5989583333333334 0.3307291666666667 0.21875 0.04479166666666667
12 0.603125 0.2864583333333333 0.109375 0.042708333333333334
11 0.7151041666666667 0.3177083333333333 0.14270833333333333 0.053125
21 0.6057291666666667 0.41875 0.05625 0.04583333333333333
0 0.6703125 0.42083333333333334 0.06614583333333333 0.03229166666666667
0 0.6390625 0.43645833333333334 0.06979166666666667 0.018229166666666668
4 0.7854166666666667 0.48802083333333335 0.049479166666666664 0.024479166666666666
14 0.10677083333333333 0.2265625 0.15885416666666666 0.075
20 0.5583333333333333 0.2171875 0.15572916666666667 0.027604166666666666
24 0.7885416666666667 0.309375 0.027604166666666666 0.05
11 0.13229166666666667 0.20677083333333332 0.10052083333333334 0.01875
13 0.7239583333333334 0.6708333333333333 0.16979166666666667 0.0484375
13 0.5817708333333333 0.6416666666666667 0.084375 0.027083333333333334
