20 0.28958333333333336 0.346875 0.3026041666666667 0.046875
11 0.1921875 0.18229166666666666 0.22239583333333332 0.06145833333333333
14 0.32916666666666666 0.19791666666666666 0.12239583333333333 0.0296875
0 0.4395833333333333 0.17708333333333334 0.11354166666666667 0.057291666666666664
0 0.5453125 0.18229166666666666 0.1015625 0.050520833333333334
14 0.37447916666666664 0.3109375 0.14895833333333333 0.0578125
12 0.4786458333333333 0.3 0.121875 0.058854166666666666
3 0.5151041666666667 0.47552083333333334 0.24322916666666666 0.1078125
24 0.5546875 0.6307291666666667 0.08802083333333334 0.05
13 0.6005208333333333 0.7244791666666667 0.1921875 0.07604166666666666
25 0.3260416666666667 0.7166666666666667 0.2453125 0.07916666666666666
13 0.7291666666666666 0.34270833333333334 0.13385416666666666 0.022916666666666665
