20 0.16458333333333333 0.6442708333333333 0.21822916666666667 0.0734375
11 0.1703125 0.465625 0.16145833333333334 0.0328125
10 0.26875 0.6140625 0.0640625 0.08854166666666667
24 0.15833333333333333 0.9041666666666667 0.059375 0.0375
24 0.21979166666666666 0.8942708333333333 0.06458333333333334 0.041666666666666664
24 0.30572916666666666 0.80625 0.05416666666666667 0.027083333333333334
23 0.28177083333333336 0.8932291666666666 0.05625 0.03229166666666667
23 0.3104166666666667 0.8703125 0.0453125 0.03229166666666667
23 0.2635416666666667 0.8645833333333334 0.046875 0.0265625
10 0.8401041666666667 0.6927083333333334 0.1921875 0.190625
14 0.37395833333333334 0.46041666666666664 0.11354166666666667 0.027083333333333334
