4 0.625 0.46171875 0.1109375 0.046875
14 0.63203125 0.54296875 0.159375 0.0609375
7 0.66015625 0.58515625 0.2203125 0.1125
16 0.43203125 0.63671875 0.1546875 0.046875
10 0.71171875 0.80859375 0.1078125 0.1765625
2 0.4359375 0.8578125 0.1734375 0.1078125
20 0.6 0.87109375 0.2 0.10625
27 0.790625 0.9109375 0.1625 0.0890625
26 0.578125 0.9421875 0.203125 0.0890625
1 0.63828125 0.16796875 0.1171875 0.059375
0 0.45625 0.21796875 0.1609375 0.0671875
24 0.3921875 0.45390625 0.165625 0.0671875
13 0.41953125 0.46171875 0.146875 0.0734375
4 0.7421875 0.43984375 0.1359375 0.0828125
