4 0.625 0.48359375 0.1140625 0.0421875
14 0.62421875 0.565625 0.1546875 0.0609375
7 0.6359375 0.60703125 0.209375 0.10625
16 0.40859375 0.61953125 0.1703125 0.0546875
10 0.6625 0.83203125 0.109375 0.1640625
2 0.37734375 0.8421875 0.1484375 0.1
20 0.54921875 0.8890625 0.1921875 0.1
25 0.7375 0.93515625 0.221875 0.1296875
26 0.52421875 0.9546875 0.1984375 0.08125
1 0.68984375 0.19140625 0.1203125 0.059375
0 0.50234375 0.2125 0.1609375 0.065625
24 0.403125 0.43671875 0.18125 0.0625
13 0.4234375 0.446875 0.1359375 0.0640625
4 0.7453125 0.47734375 0.128125 0.078125
