4 0.6296875 0.484375 0.1109375 0.0484375
14 0.62265625 0.565625 0.1625 0.0609375
7 0.64296875 0.61171875 0.21875 0.1109375
16 0.409375 0.62265625 0.1546875 0.046875
10 0.6546875 0.840625 0.109375 0.1765625
2 0.37421875 0.840625 0.1734375 0.109375
20 0.53359375 0.8828125 0.2 0.1078125
27 0.71484375 0.9546875 0.1640625 0.0875
26 0.5 0.94921875 0.203125 0.0890625
1 0.69375 0.196875 0.11875 0.0609375
0 0.50625 0.21484375 0.1609375 0.065625
24 0.40234375 0.43515625 0.165625 0.0671875
13 0.42734375 0.4484375 0.146875 0.0734375
4 0.75 0.4828125 0.1359375 0.08125
