4 0.61796875 0.4734375 0.1125 0.0328125
14 0.58984375 0.5734375 0.171875 0.08125
25 0.44453125 0.609375 0.290625 0.103125
10 0.75625 0.82578125 0.084375 0.146875
2 0.4046875 0.84375 0.15 0.065625
10 0.8078125 0.8515625 0.1046875 0.171875
26 0.38671875 0.91171875 0.196875 0.0859375
20 0.775 0.92109375 0.1984375 0.125
27 0.53515625 0.93125 0.11875 0.078125
1 0.66640625 0.19375 0.134375 0.0859375
0 0.4921875 0.2125 0.1859375 0.065625
24 0.40546875 0.4421875 0.16875 0.065625
4 0.74453125 0.459375 0.140625 0.065625
