13 0.39921875 0.4390625 0.1546875 0.046875
13 0.3953125 0.47421875 0.159375 0.0296875
11 0.2359375 0.509375 0.034375 0.01875
11 0.18203125 0.51328125 0.0421875 0.0171875
28 0.59375 0.515625 0.0375 0.015625
28 0.62890625 0.51796875 0.0328125 0.0171875
12 0.31796875 0.528125 0.1203125 0.059375
28 0.57890625 0.53125 0.0578125 0.021875
28 0.62890625 0.53359375 0.0265625 0.0109375
11 0.22109375 0.53515625 0.0359375 0.0109375
11 0.165625 0.53984375 0.053125 0.0203125
11 0.2125 0.55078125 0.040625 0.0171875
11 0.1515625 0.55234375 0.05625 0.0203125
12 0.31875 0.5765625 0.109375 0.053125
11 0.1421875 0.5875 0.05625 0.04375
11 0.2046875 0.5890625 0.059375 0.04375
