12 0.503125 0.2947916666666667 0.12395833333333334 0.140625
12 0.7208333333333333 0.1359375 0.221875 0.11458333333333333
13 0.465625 0.10416666666666667 0.1375 0.049479166666666664
24 0.6447916666666667 0.45625 0.06822916666666666 0.052083333333333336
24 0.7369791666666666 0.4578125 0.07708333333333334 0.04635416666666667
13 0.6947916666666667 0.5286458333333334 0.08541666666666667 0.023958333333333335
11 0.40520833333333334 0.6098958333333333 0.10625 0.058333333333333334
12 0.2833333333333333 0.61875 0.16197916666666667 0.09270833333333334
12 0.4953125 0.6135416666666667 0.08541666666666667 0.08489583333333334
14 0.5932291666666667 0.6182291666666667 0.11145833333333334 0.065625
