11 0.29322916666666665 0.5145833333333333 0.09270833333333334 0.052083333333333336
11 0.3828125 0.5078125 0.08020833333333334 0.06770833333333333
24 0.29791666666666666 0.6078125 0.042708333333333334 0.041666666666666664
24 0.3046875 0.5734375 0.040625 0.030208333333333334
24 0.3484375 0.6052083333333333 0.046875 0.04479166666666667
24 0.390625 0.6046875 0.035416666666666666 0.03854166666666667
24 0.4348958333333333 0.5786458333333333 0.03125 0.03333333333333333
24 0.35520833333333335 0.5765625 0.035416666666666666 0.013541666666666667
24 0.378125 0.5848958333333333 0.03854166666666667 0.01875
4 0.5921875 0.575 0.07395833333333333 0.0375
4 0.6375 0.6182291666666667 0.12708333333333333 0.0125
