11 0.8578125 0.4875 0.284375 0.340625
13 0.3640625 0.55859375 0.20625 0.1265625
26 0.2453125 0.76875 0.215625 0.115625
13 0.61875 0.74296875 0.0875 0.1109375
12 0.621875 0.27578125 0.103125 0.0984375
12 0.13984375 0.33828125 0.1296875 0.0796875
12 0.284375 0.3203125 0.196875 0.109375
12 0.49765625 0.32109375 0.1578125 0.0890625
12 0.01640625 0.38359375 0.0328125 0.0828125
12 0.153125 0.3875 0.1375 0.06875
12 0.30078125 0.38203125 0.1421875 0.0578125
12 0.03984375 0.4296875 0.0796875 0.075
12 0.1703125 0.4296875 0.134375 0.06875
12 0.42890625 0.39765625 0.1265625 0.1109375
12 0.30234375 0.41875 0.1265625 0.05625
12 0.5515625 0.38984375 0.134375 0.1015625
