17 0.46944444444444444 0.2816666666666667 0.24444444444444444 0.06
35 0.4083333333333333 0.355 0.18333333333333332 0.12
20 0.55 0.48333333333333334 0.14444444444444443 0.07333333333333333
12 0.4111111111111111 0.54 0.24444444444444444 0.18666666666666668
35 0.125 0.6283333333333333 0.2388888888888889 0.13
11 0.18888888888888888 0.49 0.18888888888888888 0.06666666666666667
9 0.1638888888888889 0.33166666666666667 0.20555555555555555 0.12333333333333334
9 0.05277777777777778 0.43333333333333335 0.10555555555555556 0.09333333333333334
26 0.05277777777777778 0.32166666666666666 0.10555555555555556 0.11666666666666667
30 0.022222222222222223 0.5666666666666667 0.044444444444444446 0.13333333333333333
32 0.4666666666666667 0.6283333333333333 0.23333333333333334 0.06333333333333334
12 0.4222222222222222 0.5366666666666666 0.26666666666666666 0.22