9 0.9388888888888889 0.705 0.12222222222222222 0.10666666666666667
27 0.19166666666666668 0.7466666666666667 0.07222222222222222 0.10666666666666667
27 0.2611111111111111 0.7316666666666667 0.06666666666666667 0.13666666666666666
27 0.32222222222222224 0.7083333333333334 0.06666666666666667 0.11666666666666667
26 0.9138888888888889 0.5166666666666667 0.17222222222222222 0.18
16 0.6944444444444444 0.52 0.25555555555555554 0.18
20 0.4888888888888889 0.29833333333333334 0.2222222222222222 0.19666666666666666
3 0.7111111111111111 0.30666666666666664 0.2222222222222222 0.21333333333333335
11 0.25833333333333336 0.2966666666666667 0.18333333333333332 0.19333333333333333
12 0.7638888888888888 0.23 0.2388888888888889 0.06
23 0.7333333333333333 0.7216666666666667 0.17777777777777778 0.15333333333333332
23 0.8333333333333334 0.7233333333333334 0.14444444444444443 0.15333333333333332