17 0.18333333333333332 0.23 0.1 0.06
35 0.41388888888888886 0.22833333333333333 0.10555555555555556 0.056666666666666664
32 0.7555555555555555 0.23166666666666666 0.1111111111111111 0.06333333333333334
5 0.6694444444444444 0.25 0.1388888888888889 0.1
13 0.5861111111111111 0.23833333333333334 0.08333333333333333 0.07666666666666666
9 0.28055555555555556 0.25166666666666665 0.18333333333333332 0.10333333333333333
26 0.26666666666666666 0.38166666666666665 0.17777777777777778 0.11666666666666667
11 0.7333333333333333 0.5683333333333334 0.1111111111111111 0.17666666666666667
3 0.48055555555555557 0.5333333333333333 0.10555555555555556 0.13333333333333333
20 0.6277777777777778 0.7483333333333333 0.16666666666666666 0.10333333333333333
9 0.30277777777777776 0.225 0.15 0.05