17 0.4 0.7633333333333333 0.35555555555555557 0.07333333333333333
3 0.4305555555555556 0.5833333333333334 0.5277777777777778 0.15333333333333332
35 0.28055555555555556 0.5316666666666666 0.21666666666666667 0.07
35 0.5083333333333333 0.4716666666666667 0.2611111111111111 0.08333333333333333
27 0.7083333333333334 0.295 0.18333333333333332 0.19
27 0.5527777777777778 0.30666666666666664 0.16111111111111112 0.21333333333333335
27 0.4861111111111111 0.31166666666666665 0.17222222222222222 0.22333333333333333
27 0.6472222222222223 0.3933333333333333 0.16666666666666666 0.08666666666666667
5 0.9055555555555556 0.5433333333333333 0.18888888888888888 0.30666666666666664
9 0.7861111111111111 0.715 0.2 0.17
9 0.9305555555555556 0.7283333333333334 0.1388888888888889 0.14333333333333334
30 0.9027777777777778 0.31166666666666665 0.19444444444444445 0.22333333333333333