15 0.05277777777777778 0.655 0.10555555555555556 0.17
30 0.48333333333333334 0.285 0.11666666666666667 0.15333333333333332
11 0.8388888888888889 0.41833333333333333 0.32222222222222224 0.10333333333333333
33 0.9055555555555556 0.7183333333333334 0.1111111111111111 0.07333333333333333
33 0.8777777777777778 0.6583333333333333 0.1111111111111111 0.06666666666666667
33 0.8833333333333333 0.585 0.08888888888888889 0.07
35 0.5944444444444444 0.33 0.12222222222222222 0.07333333333333333
35 0.5944444444444444 0.265 0.12222222222222222 0.056666666666666664
1 0.5861111111111111 0.7133333333333334 0.12222222222222222 0.12
1 0.5916666666666667 0.6216666666666667 0.1 0.09333333333333334
29 0.85 0.275 0.2777777777777778 0.15
30 0.5388888888888889 0.41333333333333333 0.07777777777777778 0.10666666666666667