33 0.7555555555555555 0.28 0.2 0.08
33 0.7277777777777777 0.36666666666666664 0.19444444444444445 0.04666666666666667
33 0.7527777777777778 0.32666666666666666 0.17777777777777778 0.04
1 0.7361111111111112 0.43833333333333335 0.2833333333333333 0.09333333333333334
29 0.9138888888888889 0.31833333333333336 0.17222222222222222 0.10333333333333333
29 0.9083333333333333 0.4 0.18333333333333332 0.11333333333333333
35 0.9305555555555556 0.52 0.1388888888888889 0.04
35 0.925 0.48 0.15 0.04
22 0.17222222222222222 0.32166666666666666 0.18888888888888888 0.16333333333333333
22 0.3277777777777778 0.325 0.1111111111111111 0.13666666666666666
0 0.19166666666666668 0.49333333333333335 0.38333333333333336 0.17333333333333334