17 0.4888888888888889 0.235 0.14444444444444443 0.07
15 0.7833333333333333 0.3566666666666667 0.2 0.11333333333333333
18 0.9472222222222222 0.385 0.10555555555555556 0.09666666666666666
30 0.5083333333333333 0.42833333333333334 0.23333333333333334 0.06666666666666667
11 0.5777777777777777 0.735 0.16666666666666666 0.13
35 0.2361111111111111 0.6183333333333333 0.2611111111111111 0.08333333333333333
31 0.5416666666666666 0.625 0.3055555555555556 0.05333333333333334
33 0.17222222222222222 0.76 0.1111111111111111 0.06666666666666667
33 0.325 0.7383333333333333 0.11666666666666667 0.07
35 0.8333333333333334 0.7833333333333333 0.13333333333333333 0.03333333333333333
35 0.9444444444444444 0.785 0.1111111111111111 0.03