36 0.7194444444444444 0.525 0.3055555555555556 0.16666666666666666
28 0.1361111111111111 0.5866666666666667 0.22777777777777777 0.2
6 0.4166666666666667 0.5016666666666667 0.3055555555555556 0.17666666666666667
22 0.175 0.24166666666666667 0.34444444444444444 0.08
30 0.8972222222222223 0.03166666666666667 0.20555555555555555 0.06
29 0.13055555555555556 0.05333333333333334 0.25 0.09333333333333334
29 0.38055555555555554 0.021666666666666667 0.29444444444444445 0.043333333333333335
12 0.33611111111111114 0.8016666666666666 0.5944444444444444 0.22666666666666666
1 0.39166666666666666 0.08 0.18888888888888888 0.07
1 0.5194444444444445 0.08 0.1111111111111111 0.07666666666666666
33 0.7777777777777778 0.8416666666666667 0.1111111111111111 0.07666666666666666
33 0.7277777777777777 0.7866666666666666 0.13333333333333333 0.05
33 0.8944444444444445 0.8666666666666667 0.10555555555555556 0.08
33 0.875 0.93 0.15 0.09333333333333334
33 0.7527777777777778 0.91 0.11666666666666667 0.08666666666666667
12 0.33611111111111114 0.7883333333333333 0.6055555555555555 0.26
35 0.8138888888888889 0.32166666666666666 0.12222222222222222 0.08