30 0.26944444444444443 0.6916666666666667 0.2777777777777778 0.08666666666666667
31 0.2861111111111111 0.635 0.1388888888888889 0.043333333333333335
31 0.2916666666666667 0.5566666666666666 0.25555555555555554 0.11333333333333333
30 0.07777777777777778 0.5216666666666666 0.15555555555555556 0.06333333333333334
29 0.7277777777777777 0.40166666666666667 0.36666666666666664 0.12666666666666668
33 0.7388888888888889 0.695 0.2111111111111111 0.05
33 0.7222222222222222 0.6433333333333333 0.16666666666666666 0.05
33 0.6222222222222222 0.6516666666666666 0.12222222222222222 0.03666666666666667
8 0.9222222222222223 0.5333333333333333 0.14444444444444443 0.02666666666666667
8 0.9666666666666667 0.5183333333333333 0.06666666666666667 0.03
35 0.9583333333333334 0.42833333333333334 0.08333333333333333 0.043333333333333335