27 0.5722222222222222 0.665 0.07777777777777778 0.06
27 0.6027777777777777 0.685 0.044444444444444446 0.06666666666666667
30 0.5861111111111111 0.5883333333333334 0.08888888888888889 0.056666666666666664
11 0.06388888888888888 0.5433333333333333 0.12777777777777777 0.05333333333333334
11 0.06388888888888888 0.6033333333333334 0.12777777777777777 0.05333333333333334
4 0.016666666666666666 0.6533333333333333 0.03333333333333333 0.04
4 0.013888888888888888 0.675 0.027777777777777776 0.03666666666666667
4 0.016666666666666666 0.6933333333333334 0.03333333333333333 0.04
4 0.022222222222222223 0.6616666666666666 0.044444444444444446 0.03666666666666667
8 0.9638888888888889 0.6716666666666666 0.05555555555555555 0.03333333333333333
8 0.9638888888888889 0.7033333333333334 0.06111111111111111 0.02666666666666667
8 0.9583333333333334 0.645 0.05 0.02666666666666667
20 0.9527777777777777 0.445 0.06666666666666667 0.08