20 0.9777777777777777 0.615 0.044444444444444446 0.07
12 0.9555555555555556 0.5533333333333333 0.08888888888888889 0.05333333333333334
11 0.7805555555555556 0.5383333333333333 0.16111111111111112 0.056666666666666664
11 0.8027777777777778 0.5733333333333334 0.17222222222222222 0.05333333333333334
11 0.7916666666666666 0.635 0.08888888888888889 0.05333333333333334
11 0.9 0.6366666666666667 0.10555555555555556 0.05
35 0.175 0.6966666666666667 0.10555555555555556 0.04666666666666667
35 0.16944444444444445 0.65 0.10555555555555556 0.04666666666666667
35 0.16111111111111112 0.6083333333333333 0.1 0.05
35 0.1527777777777778 0.575 0.09444444444444444 0.04
15 0.1111111111111111 0.295 0.15555555555555556 0.13333333333333333
35 0.03888888888888889 0.6166666666666667 0.07777777777777778 0.06