13 0.5277777777777778 0.71 0.07777777777777778 0.056666666666666664
16 0.7083333333333334 0.735 0.06666666666666667 0.07333333333333333
19 0.6916666666666667 0.49166666666666664 0.08888888888888889 0.09333333333333334
2 0.6194444444444445 0.5116666666666667 0.07222222222222222 0.04666666666666667
7 0.5833333333333334 0.495 0.05555555555555555 0.03666666666666667
14 0.18055555555555555 0.38333333333333336 0.12777777777777777 0.07333333333333333
29 0.35833333333333334 0.3566666666666667 0.15555555555555556 0.12666666666666668
25 0.5055555555555555 0.38333333333333336 0.1 0.08666666666666667
35 0.5972222222222222 0.3933333333333333 0.07777777777777778 0.08
12 0.6027777777777777 0.195 0.17222222222222222 0.07
19 0.15833333333333333 0.16166666666666665 0.1111111111111111 0.12666666666666668