30 0.05 0.6433333333333333 0.1 0.07333333333333333
8 0.03333333333333333 0.5933333333333334 0.06666666666666667 0.02666666666666667
8 0.03333333333333333 0.5666666666666667 0.06666666666666667 0.02666666666666667
8 0.03333333333333333 0.5416666666666666 0.06666666666666667 0.023333333333333334
33 0.21388888888888888 0.5933333333333334 0.16111111111111112 0.04666666666666667
25 0.3138888888888889 0.6183333333333333 0.17222222222222222 0.04
22 0.33055555555555555 0.5366666666666666 0.13333333333333333 0.04
25 0.18888888888888888 0.71 0.13333333333333333 0.04
25 0.3277777777777778 0.5783333333333334 0.15 0.04666666666666667
16 0.3055555555555556 0.46166666666666667 0.18888888888888888 0.043333333333333335
16 0.2972222222222222 0.42833333333333334 0.19444444444444445 0.04666666666666667
35 0.044444444444444446 0.755 0.08888888888888889 0.03666666666666667
35 0.044444444444444446 0.7233333333333334 0.08888888888888889 0.03333333333333333
35 0.044444444444444446 0.69 0.08888888888888889 0.03333333333333333
35 0.3 0.36666666666666664 0.2222222222222222 0.04
35 0.3055555555555556 0.4 0.2111111111111111 0.03333333333333333
11 0.8 0.4083333333333333 0.4 0.043333333333333335