16 0.8083333333333333 0.41833333333333333 0.13333333333333333 0.16
16 0.9305555555555556 0.42 0.1388888888888889 0.18
1 0.20833333333333334 0.6083333333333333 0.19444444444444445 0.14666666666666667
5 0.18333333333333332 0.37666666666666665 0.09444444444444444 0.18
32 0.3388888888888889 0.37166666666666665 0.07222222222222222 0.14666666666666667
25 0.5305555555555556 0.855 0.16666666666666666 0.19
26 0.35833333333333334 0.88 0.37777777777777777 0.24
33 0.6833333333333333 0.5866666666666667 0.03888888888888889 0.05
33 0.6388888888888888 0.5983333333333334 0.05 0.06
33 0.6888888888888889 0.535 0.05 0.043333333333333335
33 0.65 0.5383333333333333 0.044444444444444446 0.03666666666666667