30 0.2611111111111111 0.18166666666666667 0.11666666666666667 0.12
8 0.34444444444444444 0.195 0.044444444444444446 0.08
8 0.3888888888888889 0.195 0.044444444444444446 0.08333333333333333
8 0.4305555555555556 0.195 0.03888888888888889 0.08333333333333333
33 0.34444444444444444 0.3283333333333333 0.07777777777777778 0.09666666666666666
25 0.30277777777777776 0.3883333333333333 0.06666666666666667 0.10333333333333333
22 0.4388888888888889 0.3983333333333333 0.06666666666666667 0.08
25 0.15 0.31333333333333335 0.06666666666666667 0.08
25 0.36944444444444446 0.39666666666666667 0.07777777777777778 0.09
16 0.5638888888888889 0.38333333333333336 0.07222222222222222 0.11
16 0.6194444444444445 0.37833333333333335 0.07777777777777778 0.11666666666666667
27 0.14166666666666666 0.865 0.06666666666666667 0.12
27 0.1 0.8816666666666667 0.06111111111111111 0.1
27 0.075 0.9 0.05555555555555555 0.08666666666666667
27 0.07222222222222222 0.9483333333333334 0.06666666666666667 0.07
27 0.125 0.9533333333333334 0.07222222222222222 0.056666666666666664
14 0.2222222222222222 0.9033333333333333 0.11666666666666667 0.14
14 0.3055555555555556 0.905 0.09444444444444444 0.13
35 0.07222222222222222 0.17833333333333334 0.06111111111111111 0.11
35 0.12777777777777777 0.18166666666666667 0.05555555555555555 0.11
35 0.18333333333333332 0.18666666666666668 0.06111111111111111 0.10333333333333333
35 0.7222222222222222 0.38 0.07222222222222222 0.13
35 0.6666666666666666 0.38333333333333336 0.05555555555555555 0.13
11 0.6527777777777778 0.7766666666666666 0.07222222222222222 0.43666666666666665