35 0.5 0.52 0.05 0.03
35 0.5416666666666666 0.52 0.05 0.03
35 0.5 0.545 0.05 0.02666666666666667
35 0.5444444444444444 0.5466666666666666 0.05 0.02666666666666667
11 0.375 0.5366666666666666 0.06666666666666667 0.043333333333333335
11 0.3138888888888889 0.5366666666666666 0.05555555555555555 0.04
30 0.44166666666666665 0.54 0.08888888888888889 0.043333333333333335
12 0.48055555555555557 0.6166666666666667 0.12777777777777777 0.06333333333333334
25 0.4083333333333333 0.6183333333333333 0.06111111111111111 0.04
25 0.37222222222222223 0.635 0.05555555555555555 0.04
16 0.4166666666666667 0.7283333333333334 0.06111111111111111 0.043333333333333335
16 0.46944444444444444 0.73 0.05555555555555555 0.04
27 0.49444444444444446 0.7033333333333334 0.09444444444444444 0.03333333333333333
8 0.6166666666666667 0.4766666666666667 0.027777777777777776 0.03333333333333333
8 0.6444444444444445 0.47833333333333333 0.027777777777777776 0.03333333333333333
8 0.7333333333333333 0.475 0.03888888888888889 0.03333333333333333
13 0.30833333333333335 0.7266666666666667 0.06666666666666667 0.05
13 0.35833333333333334 0.725 0.05555555555555555 0.05