16 0.8 0.6583333333333333 0.15555555555555556 0.07
22 0.775 0.45 0.08333333333333333 0.13333333333333333
22 0.7666666666666667 0.545 0.08333333333333333 0.06333333333333334
22 0.7694444444444445 0.6 0.08333333333333333 0.05333333333333334
35 0.8472222222222222 0.29833333333333334 0.22777777777777777 0.09333333333333334
16 0.34444444444444444 0.505 0.13333333333333333 0.05333333333333334
16 0.3472222222222222 0.44333333333333336 0.1388888888888889 0.06
16 0.3638888888888889 0.5366666666666666 0.12222222222222222 0.04666666666666667
33 0.03888888888888889 0.5733333333333334 0.07777777777777778 0.06666666666666667
33 0.03611111111111111 0.64 0.07222222222222222 0.06666666666666667
33 0.03333333333333333 0.7016666666666667 0.06666666666666667 0.06333333333333334