33 0.7444444444444445 0.385 0.08888888888888889 0.06333333333333334
33 0.7527777777777778 0.31 0.08888888888888889 0.06
33 0.975 0.325 0.05 0.08333333333333333
33 0.9694444444444444 0.41333333333333333 0.06111111111111111 0.08
33 0.975 0.49166666666666664 0.05 0.07666666666666666
33 0.7472222222222222 0.4766666666666667 0.08333333333333333 0.05
33 0.7888888888888889 0.425 0.07222222222222222 0.05
33 0.8388888888888889 0.37333333333333335 0.07777777777777778 0.06666666666666667
33 0.8361111111111111 0.3016666666666667 0.08888888888888889 0.08
33 0.9222222222222223 0.29333333333333333 0.1111111111111111 0.07333333333333333
33 0.9166666666666666 0.38166666666666665 0.07777777777777778 0.056666666666666664
33 0.8833333333333333 0.43833333333333335 0.1 0.05
33 0.8194444444444444 0.49 0.08333333333333333 0.07333333333333333
33 0.8944444444444445 0.49833333333333335 0.08888888888888889 0.07