23 0.7015625 0.3411458333333333 0.0890625 0.046875
23 0.6755208333333333 0.365625 0.08385416666666666 0.049479166666666664
21 0.6020833333333333 0.1359375 0.09479166666666666 0.04375
12 0.4354166666666667 0.16145833333333334 0.15208333333333332 0.16458333333333333
24 0.22083333333333333 0.7640625 0.09375 0.06458333333333334
24 0.19635416666666666 0.8333333333333334 0.0859375 0.07604166666666666
24 0.2875 0.8130208333333333 0.0859375 0.07708333333333334
11 0.17135416666666667 0.39166666666666666 0.21041666666666667 0.1109375
12 0.26145833333333335 0.07447916666666667 0.1125 0.06770833333333333
25 0.4473958333333333 0.5598958333333334 0.1828125 0.11979166666666667
23 0.6098958333333333 0.3296875 0.09166666666666666 0.036458333333333336
23 0.5989583333333334 0.36041666666666666 0.07604166666666666 0.04635416666666667
21 0.6130208333333333 0.16875 0.08385416666666666 0.030729166666666665
21 0.5395833333333333 0.1640625 0.06510416666666667 0.0328125
21 0.6713541666666667 0.15729166666666666 0.051041666666666666 0.03802083333333333
21 0.5395833333333333 0.1375 0.0328125 0.022916666666666665
