11 0.3697916666666667 0.2838541666666667 0.059375 0.05
11 0.378125 0.33125 0.06145833333333333 0.04791666666666667
23 0.6052083333333333 0.7046875 0.029166666666666667 0.03854166666666667
23 0.6395833333333333 0.6875 0.034375 0.03958333333333333
24 0.36041666666666666 0.7182291666666667 0.035416666666666666 0.04583333333333333
24 0.315625 0.7260416666666667 0.036458333333333336 0.046875
6 0.41302083333333334 0.5848958333333333 0.030208333333333334 0.05416666666666667
6 0.3885416666666667 0.5890625 0.020833333333333332 0.05625
14 0.8380208333333333 0.23333333333333334 0.10625 0.06666666666666667
12 0.5015625 0.4609375 0.05625 0.07083333333333333
