0 0.11388888888888889 0.625 0.21666666666666667 0.06333333333333334
0 0.1 0.685 0.2 0.07
0 0.2 0.5683333333333334 0.17777777777777778 0.06333333333333334
0 0.25555555555555554 0.65 0.1111111111111111 0.07333333333333333
0 0.35833333333333334 0.5916666666666667 0.11666666666666667 0.09666666666666666
0 0.3472222222222222 0.5983333333333334 0.12777777777777777 0.11333333333333333
0 0.225 0.7266666666666667 0.17222222222222222 0.07333333333333333
0 0.29444444444444445 0.38166666666666665 0.5444444444444444 0.36333333333333334
3 0.29444444444444445 0.38166666666666665 0.5555555555555556 0.36333333333333334
11 0.5805555555555556 0.48333333333333334 0.12777777777777777 0.05333333333333334
11 0.5527777777777778 0.535 0.13333333333333333 0.06333333333333334
11 0.5555555555555556 0.5966666666666667 0.14444444444444443 0.05333333333333334
