24 0.5375 0.1265625 0.14635416666666667 0.065625
24 0.8625 0.121875 0.1578125 0.08385416666666666
11 0.7744791666666667 0.2838541666666667 0.14635416666666667 0.09895833333333333
12 0.6520833333333333 0.28125 0.13802083333333334 0.10833333333333334
14 0.3802083333333333 0.31614583333333335 0.1453125 0.03802083333333333
13 0.7276041666666667 0.5104166666666666 0.16302083333333334 0.03958333333333333
0 0.5432291666666667 0.47291666666666665 0.07916666666666666 0.0421875
0 0.6192708333333333 0.46145833333333336 0.09479166666666666 0.0453125
21 0.4005208333333333 0.45364583333333336 0.08020833333333334 0.05
14 0.33645833333333336 0.48020833333333335 0.15 0.05
20 0.253125 0.46979166666666666 0.1421875 0.05572916666666667
6 0.1734375 0.6973958333333333 0.21041666666666667 0.08541666666666667
4 0.49635416666666665 0.7385416666666667 0.43125 0.09114583333333333
3 0.6671875 0.09635416666666667 0.24375 0.109375
25 0.2755208333333333 0.11927083333333334 0.17083333333333334 0.05416666666666667
13 0.5755208333333334 0.3385416666666667 0.19947916666666668 0.03177083333333333
4 0.46510416666666665 0.634375 0.12552083333333333 0.034895833333333334
