14 0.9197916666666667 0.5213541666666667 0.16041666666666668 0.096875
14 0.8375 0.5317708333333333 0.11875 0.065625
20 0.15989583333333332 0.4473958333333333 0.22291666666666668 0.065625
13 0.4005208333333333 0.44635416666666666 0.06979166666666667 0.019791666666666666
13 0.3729166666666667 0.5598958333333334 0.11458333333333333 0.029166666666666667
13 0.3515625 0.6552083333333333 0.12916666666666668 0.03854166666666667
6 0.14583333333333334 0.6817708333333333 0.13541666666666666 0.04583333333333333
13 0.3182291666666667 0.7729166666666667 0.08125 0.03854166666666667
13 0.33177083333333335 0.7390625 0.165625 0.052083333333333336
25 0.146875 0.7833333333333333 0.203125 0.08020833333333334
3 0.18489583333333334 0.5260416666666666 0.184375 0.10208333333333333
4 0.23385416666666667 0.42864583333333334 0.12604166666666666 0.04895833333333333
12 0.07447916666666667 0.43333333333333335 0.0875 0.06458333333333334
14 0.24375 0.3463541666666667 0.11979166666666667 0.057291666666666664
