24 0.28854166666666664 0.5104166666666666 0.09895833333333333 0.05572916666666667
24 0.4479166666666667 0.4890625 0.0890625 0.052083333333333336
14 0.7166666666666667 0.33125 0.08541666666666667 0.015104166666666667
14 0.9171875 0.4088541666666667 0.09114583333333333 0.03125
12 0.6067708333333334 0.396875 0.0765625 0.0546875
20 0.7692708333333333 0.41822916666666665 0.17395833333333333 0.019791666666666666
21 0.7390625 0.4 0.0703125 0.01875
0 0.5734375 0.5239583333333333 0.05677083333333333 0.027083333333333334
0 0.6354166666666666 0.521875 0.05677083333333333 0.025
6 0.7239583333333334 0.5213541666666667 0.12604166666666666 0.030729166666666665
14 0.7005208333333334 0.49114583333333334 0.0765625 0.018229166666666668
4 0.8619791666666666 0.5057291666666667 0.14270833333333333 0.034895833333333334
3 0.6015625 0.4828125 0.12552083333333333 0.0515625
25 0.6953125 0.5104166666666666 0.08802083333333334 0.01875
