6 0.5046875 0.2359375 0.13229166666666667 0.041666666666666664
6 0.6338541666666667 0.2375 0.04895833333333333 0.03229166666666667
21 0.3151041666666667 0.18697916666666667 0.12083333333333333 0.06666666666666667
0 0.66875 0.22239583333333332 0.06979166666666667 0.052083333333333336
25 0.32135416666666666 0.35885416666666664 0.23958333333333334 0.08541666666666667
24 0.7604166666666666 0.3765625 0.115625 0.07708333333333334
24 0.32916666666666666 0.51875 0.09583333333333334 0.058333333333333334
0 0.459375 0.5171875 0.09166666666666666 0.04375
0 0.5052083333333334 0.49375 0.058333333333333334 0.030208333333333334
14 0.53125 0.534375 0.06979166666666667 0.042708333333333334
25 0.48489583333333336 0.6921875 0.23645833333333333 0.09270833333333334
20 0.30416666666666664 0.6734375 0.19583333333333333 0.10833333333333334
3 0.6875 0.51875 0.240625 0.13333333333333333
24 0.7359375 0.6666666666666666 0.1125 0.06875
13 0.6828125 0.7848958333333333 0.10729166666666666 0.046875
13 0.384375 0.7604166666666666 0.17916666666666667 0.03958333333333333
13 0.30572916666666666 0.2375 0.21770833333333334 0.03333333333333333
