14 0.07395833333333333 0.5072916666666667 0.121875 0.052083333333333336
11 0.30364583333333334 0.4427083333333333 0.103125 0.036458333333333336
10 0.5072916666666667 0.8489583333333334 0.165625 0.14270833333333333
24 0.7109375 0.3171875 0.08072916666666667 0.04010416666666667
20 0.8270833333333333 0.29270833333333335 0.14375 0.049479166666666664
24 0.9119791666666667 0.26458333333333334 0.09375 0.058333333333333334
12 0.8229166666666666 0.38177083333333334 0.1140625 0.08229166666666667
4 0.6458333333333334 0.43072916666666666 0.1109375 0.058333333333333334
21 0.7796875 0.40520833333333334 0.06354166666666666 0.034375
24 0.7239583333333334 0.4703125 0.06979166666666667 0.040625
24 0.8020833333333334 0.46510416666666665 0.07552083333333333 0.034895833333333334
10 0.7348958333333333 0.515625 0.08072916666666667 0.058333333333333334
0 0.8796875 0.5098958333333333 0.0640625 0.034895833333333334
11 0.953125 0.48333333333333334 0.09375 0.07135416666666666
3 0.9255208333333333 0.3463541666666667 0.14895833333333333 0.08697916666666666
14 0.7395833333333334 0.2875 0.12291666666666666 0.03333333333333333
