12 0.4661458333333333 0.34479166666666666 0.19270833333333334 0.146875
4 0.8703125 0.3984375 0.24166666666666667 0.11770833333333333
21 0.5822916666666667 0.3765625 0.121875 0.078125
24 0.615625 0.184375 0.19583333333333333 0.11041666666666666
20 0.3890625 0.1765625 0.2708333333333333 0.08854166666666667
24 0.17864583333333334 0.1359375 0.18854166666666666 0.12291666666666666
3 0.2484375 0.2942708333333333 0.31875 0.1875
11 0.44583333333333336 0.5333333333333333 0.20520833333333333 0.12083333333333333
13 0.2375 0.4859375 0.22395833333333334 0.06458333333333334
10 0.8098958333333334 0.56875 0.19583333333333333 0.125
0 0.5505208333333333 0.5666666666666667 0.1125 0.065625
0 0.5817708333333333 0.5401041666666667 0.059375 0.03125
24 0.796875 0.4895833333333333 0.14791666666666667 0.07916666666666666
24 0.6598958333333333 0.4890625 0.14166666666666666 0.07291666666666667
6 0.2875 0.7026041666666667 0.175 0.052083333333333336
13 0.3765625 0.80625 0.228125 0.125
25 0.696875 0.8109375 0.3 0.10729166666666666
