3 0.590625 0.21614583333333334 0.35885416666666664 0.17291666666666666
14 0.88125 0.20520833333333333 0.23697916666666666 0.06875
14 0.8541666666666666 0.26510416666666664 0.2916666666666667 0.05520833333333333
4 0.39739583333333334 0.49375 0.2630208333333333 0.09270833333333334
21 0.1625 0.4796875 0.17760416666666667 0.07135416666666666
25 0.6005208333333333 0.4484375 0.271875 0.08333333333333333
13 0.7744791666666667 0.5015625 0.29375 0.05625
24 0.9046875 0.4328125 0.19010416666666666 0.09322916666666667
0 0.29739583333333336 0.6171875 0.10729166666666666 0.033854166666666664
0 0.4270833333333333 0.6197916666666666 0.1015625 0.04479166666666667
12 0.6932291666666667 0.5916666666666667 0.128125 0.096875
20 0.30572916666666666 0.6994791666666667 0.3260416666666667 0.06770833333333333
6 0.6567708333333333 0.6661458333333333 0.21458333333333332 0.0703125
13 0.11666666666666667 0.33489583333333334 0.23229166666666667 0.020833333333333332
