24 0.5234375 0.31302083333333336 0.14166666666666666 0.07916666666666666
20 0.7052083333333333 0.328125 0.22916666666666666 0.0671875
24 0.8479166666666667 0.32135416666666666 0.10572916666666667 0.103125
4 0.35989583333333336 0.4515625 0.2140625 0.07708333333333334
12 0.6296875 0.46145833333333336 0.15416666666666667 0.12239583333333333
10 0.4015625 0.5880208333333333 0.16927083333333334 0.07239583333333334
0 0.5796875 0.6385416666666667 0.08385416666666666 0.04791666666666667
11 0.7026041666666667 0.6375 0.16458333333333333 0.09635416666666667
3 0.7973958333333333 0.4578125 0.16614583333333333 0.1453125
14 0.6369791666666667 0.27447916666666666 0.18177083333333333 0.0703125
