11 0.1859375 0.24270833333333333 0.175 0.05520833333333333
10 0.196875 0.8765625 0.16145833333333334 0.2
11 0.75 0.23125 0.2109375 0.04375
10 0.44947916666666665 0.33489583333333334 0.1296875 0.036458333333333336
14 0.44427083333333334 0.365625 0.1359375 0.025520833333333333
20 0.5953125 0.36354166666666665 0.16041666666666668 0.024479166666666666
24 0.590625 0.3380208333333333 0.0875 0.034895833333333334
0 0.7239583333333334 0.3515625 0.06354166666666666 0.03958333333333333
4 0.48020833333333335 0.47291666666666665 0.13854166666666667 0.058333333333333334
0 0.5604166666666667 0.47708333333333336 0.06458333333333334 0.03229166666666667
12 0.5953125 0.44375 0.0828125 0.058854166666666666
14 0.6473958333333333 0.48489583333333336 0.11458333333333333 0.0265625
3 0.7927083333333333 0.4453125 0.21354166666666666 0.0890625
25 0.78125 0.5729166666666666 0.190625 0.050520833333333334
13 0.6145833333333334 0.5802083333333333 0.15572916666666667 0.059375
13 0.8578125 0.36302083333333335 0.19270833333333334 0.023958333333333335
6 0.7916666666666666 0.34322916666666664 0.0640625 0.0296875
6 0.6651041666666667 0.35208333333333336 0.05677083333333333 0.022395833333333334
