13 0.7869791666666667 0.49947916666666664 0.21354166666666666 0.05625
14 0.946875 0.5005208333333333 0.084375 0.06770833333333333
4 0.8145833333333333 0.6244791666666667 0.14479166666666668 0.06666666666666667
6 0.5890625 0.7098958333333333 0.06979166666666667 0.0375
6 0.5255208333333333 0.6463541666666667 0.0875 0.03125
21 0.6578125 0.7223958333333333 0.06979166666666667 0.046875
3 0.4473958333333333 0.7671875 0.209375 0.14479166666666668
14 0.3619791666666667 0.2859375 0.103125 0.08333333333333333
20 0.903125 0.40208333333333335 0.19375 0.04375
14 0.6833333333333333 0.4588541666666667 0.0875 0.03958333333333333
