24 0.11666666666666667 0.49166666666666664 0.14166666666666666 0.09375
6 0.6026041666666667 0.728125 0.19583333333333333 0.06145833333333333
25 0.40989583333333335 0.7276041666666667 0.16666666666666666 0.09270833333333334
14 0.5265625 0.4942708333333333 0.121875 0.0375
0 0.3171875 0.5140625 0.084375 0.04375
12 0.44635416666666666 0.4515625 0.08958333333333333 0.04791666666666667
13 0.5427083333333333 0.4479166666666667 0.13125 0.06875
4 0.6385416666666667 0.45677083333333335 0.13854166666666667 0.06041666666666667
3 0.6546875 0.303125 0.24270833333333333 0.13020833333333334
20 0.5083333333333333 0.36354166666666665 0.13020833333333334 0.034375
0 0.4171875 0.35833333333333334 0.06458333333333334 0.040625
21 0.3020833333333333 0.25625 0.08541666666666667 0.04583333333333333
14 0.4583333333333333 0.25625 0.11666666666666667 0.040625
