24 0.09427083333333333 0.5604166666666667 0.14635416666666667 0.090625
24 0.14947916666666666 0.5364583333333334 0.12864583333333332 0.07447916666666667
21 0.30520833333333336 0.471875 0.07864583333333333 0.04114583333333333
24 0.2604166666666667 0.4817708333333333 0.06822916666666666 0.05625
14 0.20416666666666666 0.721875 0.13020833333333334 0.09375
4 0.5135416666666667 0.559375 0.18125 0.05625
3 0.5494791666666666 0.6140625 0.184375 0.08229166666666667
13 0.7239583333333334 0.6052083333333333 0.13229166666666667 0.03177083333333333
0 0.734375 0.5276041666666667 0.06041666666666667 0.030729166666666665
0 0.7369791666666666 0.5098958333333333 0.06354166666666666 0.020833333333333332
13 0.6703125 0.4401041666666667 0.10885416666666667 0.0515625
13 0.446875 0.48854166666666665 0.0875 0.025
20 0.4109375 0.48125 0.1 0.0484375
25 0.5671875 0.4375 0.11875 0.04895833333333333
10 0.6682291666666667 0.3697916666666667 0.0828125 0.040625
14 0.6822916666666666 0.3171875 0.09895833333333333 0.0453125
14 0.5166666666666667 0.353125 0.0640625 0.025
6 0.6291666666666667 0.23802083333333332 0.11666666666666667 0.041666666666666664
