10 0.36822916666666666 0.6432291666666666 0.06875 0.11041666666666666
14 0.2786458333333333 0.56875 0.07395833333333333 0.0515625
14 0.2453125 0.48489583333333336 0.11145833333333334 0.04010416666666667
10 0.2984375 0.353125 0.12708333333333333 0.0453125
6 0.5572916666666666 0.35572916666666665 0.07083333333333333 0.022395833333333334
0 0.6322916666666667 0.35520833333333335 0.04583333333333333 0.021875
12 0.503125 0.346875 0.06041666666666667 0.041666666666666664
21 0.4640625 0.41822916666666665 0.034375 0.023958333333333335
4 0.5145833333333333 0.4171875 0.0453125 0.026041666666666668
13 0.5833333333333334 0.42552083333333335 0.05416666666666667 0.0078125
24 0.6276041666666666 0.41354166666666664 0.04791666666666667 0.028645833333333332
0 0.5614583333333333 0.47291666666666665 0.042708333333333334 0.021875
0 0.5114583333333333 0.4921875 0.04375 0.020833333333333332
11 0.5661458333333333 0.4921875 0.06927083333333334 0.029166666666666667
20 0.5609375 0.5572916666666666 0.10625 0.021354166666666667
25 0.4578125 0.5510416666666667 0.075 0.03333333333333333
13 0.5 0.63125 0.08645833333333333 0.029166666666666667
24 0.6427083333333333 0.546875 0.05520833333333333 0.0296875
3 0.6083333333333333 0.534375 0.12604166666666666 0.046875
