10 0.21979166666666666 0.4828125 0.19479166666666667 0.11770833333333333
12 0.3109375 0.4401041666666667 0.13697916666666668 0.09583333333333334
14 0.1484375 0.25833333333333336 0.0953125 0.06979166666666667
24 0.6307291666666667 0.6552083333333333 0.0765625 0.0484375
24 0.7171875 0.6489583333333333 0.07604166666666666 0.046875
24 0.6734375 0.6369791666666667 0.06302083333333333 0.03854166666666667
4 0.6197916666666666 0.45416666666666666 0.24270833333333333 0.03958333333333333
6 0.48072916666666665 0.46770833333333334 0.04010416666666667 0.025
0 0.8057291666666667 0.44114583333333335 0.071875 0.033854166666666664
0 0.7916666666666666 0.4317708333333333 0.0609375 0.0265625
20 0.5770833333333333 0.43020833333333336 0.1703125 0.041666666666666664
13 0.7177083333333333 0.4234375 0.14375 0.035416666666666666
4 0.7036458333333333 0.3333333333333333 0.1171875 0.022916666666666665
21 0.4328125 0.35 0.06197916666666667 0.035416666666666666
25 0.6453125 0.31302083333333336 0.15729166666666666 0.07083333333333333
