14 0.03125 0.6807291666666667 0.0625 0.09479166666666666
14 0.06927083333333334 0.6760416666666667 0.0859375 0.08802083333333334
4 0.5057291666666667 0.425 0.11197916666666667 0.03229166666666667
14 0.6166666666666667 0.42291666666666666 0.078125 0.03177083333333333
21 0.6869791666666667 0.4197916666666667 0.05677083333333333 0.029166666666666667
6 0.771875 0.42604166666666665 0.10885416666666667 0.016145833333333335
12 0.49583333333333335 0.5151041666666667 0.07239583333333334 0.05572916666666667
20 0.8338541666666667 0.5260416666666666 0.08489583333333334 0.027083333333333334
20 0.5708333333333333 0.6098958333333333 0.11979166666666667 0.030729166666666665
25 0.7697916666666667 0.6 0.15625 0.041666666666666664
24 0.6067708333333334 0.6854166666666667 0.06614583333333333 0.04114583333333333
24 0.53125 0.6911458333333333 0.0671875 0.035416666666666666
3 0.7640625 0.3921875 0.16666666666666666 0.0546875
13 0.8197916666666667 0.6880208333333333 0.0625 0.025
13 0.7317708333333334 0.6755208333333333 0.1015625 0.04895833333333333
24 0.55625 0.6677083333333333 0.059895833333333336 0.03333333333333333
13 0.5614583333333333 0.5317708333333333 0.08177083333333333 0.0171875
13 0.6416666666666667 0.340625 0.17083333333333334 0.020833333333333332
