0 0.1578125 0.5213541666666667 0.07708333333333334 0.0484375
0 0.209375 0.5072916666666667 0.08802083333333334 0.04479166666666667
13 0.21822916666666667 0.8817708333333333 0.26458333333333334 0.16354166666666667
4 0.13333333333333333 0.9734375 0.2375 0.053125
14 0.2635416666666667 0.29739583333333336 0.1109375 0.020833333333333332
21 0.6192708333333333 0.2760416666666667 0.06875 0.03854166666666667
6 0.475 0.3953125 0.11354166666666667 0.025
3 0.44427083333333334 0.3463541666666667 0.23229166666666667 0.075
20 0.3125 0.515625 0.09791666666666667 0.052083333333333336
12 0.44427083333333334 0.47604166666666664 0.08489583333333334 0.05677083333333333
24 0.4708333333333333 0.5036458333333333 0.0671875 0.0421875
24 0.49583333333333335 0.48854166666666665 0.0703125 0.03958333333333333
25 0.5104166666666666 0.5927083333333333 0.11614583333333334 0.04375
13 0.3848958333333333 0.5119791666666667 0.10520833333333333 0.019791666666666666
