0 0.309375 0.5760416666666667 0.0640625 0.0328125
0 0.37552083333333336 0.5661458333333333 0.06302083333333333 0.0328125
14 0.3390625 0.4317708333333333 0.057291666666666664 0.050520833333333334
21 0.8473958333333333 0.6588541666666666 0.08125 0.034895833333333334
24 0.7109375 0.6541666666666667 0.059895833333333336 0.0375
3 0.765625 0.7197916666666667 0.159375 0.075
25 0.79375 0.5677083333333334 0.1328125 0.041666666666666664
12 0.7234375 0.5463541666666667 0.06927083333333334 0.03229166666666667
20 0.7046875 0.4796875 0.10625 0.0390625
14 0.640625 0.40989583333333335 0.049479166666666664 0.013541666666666667
11 0.7598958333333333 0.3828125 0.11354166666666667 0.0390625
6 0.8078125 0.38229166666666664 0.030729166666666665 0.019270833333333334
24 0.7192708333333333 0.4552083333333333 0.06458333333333334 0.0140625
