4 0.7322916666666667 0.7833333333333333 0.29635416666666664 0.08072916666666667
25 0.7640625 0.8255208333333334 0.20625 0.058854166666666666
6 0.6953125 0.45364583333333336 0.090625 0.023958333333333335
3 0.521875 0.48125 0.2375 0.11458333333333333
13 0.25625 0.42291666666666666 0.08645833333333333 0.021875
12 0.5671875 0.35625 0.12395833333333334 0.08854166666666667
21 0.5057291666666667 0.37552083333333336 0.0640625 0.04583333333333333
20 0.4234375 0.3932291666666667 0.04479166666666667 0.028645833333333332
20 0.525 0.2604166666666667 0.0890625 0.022916666666666665
6 0.22083333333333333 0.2791666666666667 0.10520833333333333 0.029166666666666667
6 0.14270833333333333 0.2859375 0.06197916666666667 0.023958333333333335
13 0.7078125 0.38697916666666665 0.1578125 0.028645833333333332
14 0.6333333333333333 0.23177083333333334 0.15208333333333332 0.0671875
