10 0.121875 0.5109375 0.125 0.14635416666666667
20 0.825 0.34375 0.12447916666666667 0.025520833333333333
4 0.6161458333333333 0.43802083333333336 0.103125 0.0390625
21 0.7421875 0.43645833333333334 0.04583333333333333 0.033854166666666664
12 0.7223958333333333 0.4109375 0.07604166666666666 0.035416666666666666
0 0.7338541666666667 0.5479166666666667 0.05520833333333333 0.03177083333333333
0 0.7828125 0.5411458333333333 0.041666666666666664 0.0296875
24 0.8296875 0.5458333333333333 0.0625 0.0390625
24 0.8447916666666667 0.5208333333333334 0.05364583333333333 0.016145833333333335
24 0.8916666666666667 0.5375 0.06614583333333333 0.042708333333333334
25 0.6708333333333333 0.540625 0.13125 0.0390625
11 0.353125 0.37916666666666665 0.08645833333333333 0.033854166666666664
25 0.6130208333333333 0.3625 0.09270833333333334 0.025520833333333333
14 0.9432291666666667 0.38385416666666666 0.03854166666666667 0.05677083333333333
6 0.8932291666666666 0.43072916666666666 0.0609375 0.03802083333333333
14 0.9427083333333334 0.42135416666666664 0.0390625 0.019791666666666666
14 0.9416666666666667 0.4390625 0.044270833333333336 0.018229166666666668
3 0.7171875 0.6104166666666667 0.18020833333333333 0.08697916666666666
