11 0.15416666666666667 0.22447916666666667 0.1 0.04375
4 0.10520833333333333 0.2375 0.10729166666666666 0.052083333333333336
0 0.36354166666666665 0.3182291666666667 0.08333333333333333 0.051041666666666666
24 0.2203125 0.6942708333333333 0.15625 0.09479166666666666
10 0.3703125 0.8744791666666667 0.153125 0.23125
20 0.715625 0.55625 0.23125 0.057291666666666664
13 0.5625 0.6677083333333333 0.09375 0.042708333333333334
13 0.765625 0.6510416666666666 0.175 0.075
0 0.45260416666666664 0.4609375 0.0875 0.04895833333333333
4 0.5635416666666667 0.45208333333333334 0.16666666666666666 0.05416666666666667
24 0.5322916666666667 0.4161458333333333 0.09166666666666666 0.057291666666666664
12 0.48125 0.40989583333333335 0.1 0.071875
25 0.446875 0.3015625 0.09270833333333334 0.046875
11 0.5046875 0.24010416666666667 0.13541666666666666 0.07083333333333333
14 0.4979166666666667 0.278125 0.08020833333333334 0.03229166666666667
14 0.5166666666666667 0.29739583333333336 0.05416666666666667 0.028125
6 0.696875 0.290625 0.15729166666666666 0.042708333333333334
10 0.8619791666666666 0.24270833333333333 0.14270833333333333 0.10208333333333333
21 0.42239583333333336 0.18229166666666666 0.109375 0.053125
14 0.8770833333333333 0.415625 0.12291666666666666 0.05
13 0.8453125 0.3776041666666667 0.19791666666666666 0.06979166666666667
