12 0.7625 0.659375 0.08541666666666667 0.075
24 0.3619791666666667 0.6348958333333333 0.059375 0.034375
13 0.28958333333333336 0.6557291666666667 0.06458333333333334 0.021875
24 0.3020833333333333 0.5713541666666667 0.052083333333333336 0.03333333333333333
24 0.25052083333333336 0.5744791666666667 0.058333333333333334 0.034375
24 0.29739583333333336 0.55625 0.046875 0.0125
13 0.45625 0.6276041666666666 0.11041666666666666 0.03125
25 0.41770833333333335 0.46979166666666666 0.07604166666666666 0.023958333333333335
4 0.403125 0.49375 0.09166666666666666 0.034375
6 0.3411458333333333 0.4984375 0.04479166666666667 0.03125
21 0.24427083333333333 0.5119791666666667 0.04895833333333333 0.029166666666666667
13 0.20833333333333334 0.509375 0.065625 0.04375
14 0.28854166666666664 0.4942708333333333 0.0625 0.036458333333333336
14 0.30104166666666665 0.5130208333333334 0.05520833333333333 0.017708333333333333
14 0.3104166666666667 0.4265625 0.084375 0.020833333333333332
3 0.40572916666666664 0.39114583333333336 0.153125 0.071875
20 0.1734375 0.3651041666666667 0.08229166666666667 0.034375
0 0.35625 0.34010416666666665 0.05416666666666667 0.026041666666666668
0 0.29375 0.346875 0.059375 0.027083333333333334
