14 0.07083333333333333 0.3572916666666667 0.09583333333333334 0.04583333333333333
10 0.15052083333333333 0.8052083333333333 0.096875 0.15625
20 0.634375 0.36666666666666664 0.11041666666666666 0.029166666666666667
24 0.7265625 0.3625 0.075 0.041666666666666664
21 0.5291666666666667 0.44114583333333335 0.04895833333333333 0.03333333333333333
4 0.396875 0.440625 0.09583333333333334 0.03125
12 0.5901041666666667 0.4322916666666667 0.07708333333333334 0.06041666666666667
24 0.3958333333333333 0.4864583333333333 0.07083333333333333 0.036458333333333336
24 0.4661458333333333 0.4953125 0.06458333333333334 0.035416666666666666
10 0.37135416666666665 0.528125 0.06770833333333333 0.04375
0 0.5125 0.5421875 0.052083333333333336 0.029166666666666667
11 0.5645833333333333 0.5333333333333333 0.10625 0.05
3 0.6911458333333333 0.42604166666666665 0.13125 0.06875
11 0.25885416666666666 0.36354166666666665 0.0875 0.034375
13 0.6760416666666667 0.5192708333333333 0.1125 0.022916666666666665
25 0.40677083333333336 0.6770833333333334 0.11770833333333333 0.04583333333333333
6 0.634375 0.634375 0.09166666666666666 0.01875
13 0.5791666666666667 0.6791666666666667 0.11458333333333333 0.040625
