3 0.58125 0.19427083333333334 0.22916666666666666 0.11354166666666667
21 0.43854166666666666 0.2015625 0.115625 0.0625
0 0.73125 0.39375 0.084375 0.04791666666666667
6 0.4869791666666667 0.35885416666666664 0.15416666666666667 0.04479166666666667
25 0.36302083333333335 0.325 0.13020833333333334 0.058333333333333334
14 0.14947916666666666 0.46875 0.11354166666666667 0.05
20 0.5453125 0.5395833333333333 0.23020833333333332 0.052083333333333336
24 0.36822916666666666 0.4890625 0.10208333333333333 0.06041666666666667
12 0.37083333333333335 0.44427083333333334 0.08333333333333333 0.0375
13 0.4125 0.4484375 0.14583333333333334 0.12916666666666668
13 0.403125 0.7765625 0.1 0.0375
13 0.17864583333333334 0.7328125 0.21458333333333332 0.06666666666666667
13 0.26875 0.3234375 0.12291666666666666 0.022916666666666665
