10 0.12083333333333333 0.9583333333333334 0.234375 0.0828125
13 0.43333333333333335 0.7177083333333333 0.0875 0.030208333333333334
13 0.6411458333333333 0.7291666666666666 0.14479166666666668 0.057291666666666664
12 0.6026041666666667 0.21302083333333333 0.1 0.07447916666666667
14 0.6682291666666667 0.21770833333333334 0.08177083333333333 0.058333333333333334
14 0.7828125 0.18489583333333334 0.11822916666666666 0.0375
13 0.6145833333333334 0.38229166666666664 0.19322916666666667 0.020833333333333332
13 0.8052083333333333 0.375 0.171875 0.023958333333333335
24 0.5973958333333333 0.34270833333333334 0.09270833333333334 0.05260416666666667
3 0.43854166666666666 0.3255208333333333 0.2375 0.10520833333333333
4 0.31979166666666664 0.38333333333333336 0.20885416666666667 0.04583333333333333
21 0.38958333333333334 0.51875 0.10677083333333333 0.04479166666666667
25 0.46822916666666664 0.4817708333333333 0.14583333333333334 0.05572916666666667
20 0.5192708333333333 0.5182291666666666 0.1703125 0.028125
0 0.8015625 0.48020833333333335 0.08697916666666666 0.04114583333333333
0 0.7677083333333333 0.49895833333333334 0.09270833333333334 0.025
6 0.6802083333333333 0.5026041666666666 0.0921875 0.043229166666666666
