25 0.23125 0.3171875 0.2953125 0.07239583333333334
4 0.5744791666666667 0.28541666666666665 0.36354166666666665 0.07395833333333333
12 0.44895833333333335 0.4505208333333333 0.10677083333333333 0.05625
21 0.7010416666666667 0.44166666666666665 0.075 0.04479166666666667
24 0.35572916666666665 0.6385416666666667 0.115625 0.06927083333333334
24 0.46770833333333334 0.6276041666666666 0.09166666666666666 0.0578125
20 0.7369791666666666 0.5703125 0.24114583333333334 0.08125
0 0.43020833333333336 0.79375 0.08802083333333334 0.052083333333333336
3 0.3453125 0.4875 0.3229166666666667 0.12916666666666668
0 0.7989583333333333 0.4427083333333333 0.09895833333333333 0.0515625
13 0.6645833333333333 0.47760416666666666 0.13489583333333333 0.028645833333333332
6 0.5197916666666667 0.0734375 0.13177083333333334 0.05364583333333333
