24 0.3375 0.7 0.04583333333333333 0.03958333333333333
24 0.39479166666666665 0.6630208333333333 0.0421875 0.029166666666666667
24 0.284375 0.6869791666666667 0.040625 0.033854166666666664
24 0.3453125 0.6661458333333333 0.049479166666666664 0.030208333333333334
24 0.378125 0.6947916666666667 0.043229166666666666 0.036458333333333336
24 0.2916666666666667 0.7130208333333333 0.04791666666666667 0.03697916666666667
4 0.42291666666666666 0.7526041666666666 0.14270833333333333 0.06145833333333333
10 0.29270833333333335 0.5677083333333334 0.07760416666666667 0.146875
3 0.3546875 0.5572916666666666 0.09114583333333333 0.14791666666666667
10 0.45208333333333334 0.5375 0.07916666666666666 0.115625
12 0.3 0.11614583333333334 0.0875 0.07239583333333334
