20 0.6135416666666667 0.34739583333333335 0.12552083333333333 0.0671875
20 0.5953125 0.32083333333333336 0.1015625 0.051041666666666666
13 0.5885416666666666 0.259375 0.078125 0.025
11 0.7010416666666667 0.14895833333333333 0.09375 0.030208333333333334
10 0.6036458333333333 0.17864583333333334 0.1546875 0.0515625
12 0.12552083333333333 0.159375 0.0875 0.08020833333333334
14 0.8723958333333334 0.6192708333333333 0.06614583333333333 0.0390625
14 0.8447916666666667 0.5802083333333333 0.07291666666666667 0.06927083333333334
14 0.9 0.5864583333333333 0.043229166666666666 0.049479166666666664
14 0.7901041666666667 0.559375 0.053125 0.0453125
14 0.8046875 0.5802083333333333 0.019270833333333334 0.0359375
14 0.7921875 0.5713541666666667 0.014583333333333334 0.035416666666666666
10 0.8786458333333333 0.35 0.1125 0.16614583333333333
