0 0.17916666666666667 0.846875 0.04635416666666667 0.06354166666666666
0 0.1390625 0.8838541666666667 0.043229166666666666 0.065625
0 0.10416666666666667 0.9302083333333333 0.044270833333333336 0.06927083333333334
11 0.08125 0.7244791666666667 0.09739583333333333 0.15416666666666667
12 0.2765625 0.16354166666666667 0.059895833333333336 0.04791666666666667
12 0.2890625 0.209375 0.059375 0.0484375
12 0.18489583333333334 0.2171875 0.046875 0.053125
12 0.23385416666666667 0.21197916666666666 0.03229166666666667 0.04739583333333333
12 0.17604166666666668 0.171875 0.03958333333333333 0.04895833333333333
12 0.22604166666666667 0.16770833333333332 0.034895833333333334 0.04479166666666667
12 0.16770833333333332 0.12083333333333333 0.04791666666666667 0.05260416666666667
12 0.2140625 0.12135416666666667 0.034375 0.04739583333333333
