12 0.2328125 0.0921875 0.0703125 0.0828125
12 0.30859375 0.1015625 0.05234375 0.06640625
12 0.38046875 0.1015625 0.06328125 0.06015625
12 0.3984375 0.2734375 0.06484375 0.06796875
12 0.33671875 0.27265625 0.05546875 0.06484375
12 0.2703125 0.2703125 0.053125 0.06015625
12 0.46875 0.27421875 0.0578125 0.065625
12 0.115625 0.365625 0.05703125 0.0609375
12 0.05859375 0.42265625 0.05859375 0.05859375
12 0.12890625 0.42421875 0.06015625 0.05546875
12 0.18046875 0.3671875 0.059375 0.06328125
12 0.19140625 0.425 0.06015625 0.0578125
12 0.32734375 0.36875 0.05625 0.05859375
12 0.33984375 0.4296875 0.0578125 0.06328125
12 0.4 0.3609375 0.05 0.05859375
12 0.39765625 0.42109375 0.04453125 0.06015625
12 0.59609375 0.4265625 0.04296875 0.0625
12 0.65234375 0.425 0.0484375 0.059375
12 0.71640625 0.42109375 0.04609375 0.059375
12 0.69453125 0.090625 0.090625 0.07734375
12 0.53671875 0.09453125 0.0625 0.0625
12 0.5203125 0.28828125 0.0390625 0.04140625
12 0.56875 0.284375 0.040625 0.03828125
12 0.6203125 0.2828125 0.0390625 0.0390625
12 0.78828125 0.0953125 0.09140625 0.0671875
12 0.9375 0.08515625 0.06015625 0.08203125
12 0.7234375 0.26953125 0.053125 0.0640625
12 0.6609375 0.284375 0.0453125 0.03984375
12 0.8125 0.26953125 0.07421875 0.06796875
12 0.884375 0.26875 0.07109375 0.06875
12 0.934375 0.2703125 0.05546875 0.07109375
12 0.73046875 0.36171875 0.059375 0.05625
12 0.64609375 0.3578125 0.046875 0.05703125
12 0.41953125 0.73984375 0.04296875 0.0578125
12 0.25234375 0.78359375 0.0578125 0.053125
12 0.7203125 0.79921875 0.06015625 0.034375
12 0.703125 0.77109375 0.05703125 0.04140625
12 0.6890625 0.74140625 0.0515625 0.03359375
12 0.634375 0.7421875 0.05546875 0.0296875
12 0.6421875 0.78125 0.04921875 0.05859375
12 0.88125 0.41640625 0.0875 0.06484375
12 0.9609375 0.35234375 0.078125 0.05390625
12 0.9609375 0.4109375 0.078125 0.0625
12 0.76796875 0.40390625 0.0609375 0.06640625
12 0.04609375 0.571875 0.05625 0.06171875
12 0.07265625 0.55 0.059375 0.05625
12 0.01953125 0.50390625 0.03828125 0.05390625
12 0.27109375 0.4140625 0.0625 0.08359375
12 0.45546875 0.10546875 0.0546875 0.0515625
12 0.5921875 0.1015625 0.05078125 0.04609375
12 0.0203125 0.359375 0.040625 0.0625
12 0.453125 0.434375 0.034375 0.03671875
12 0.1359375 0.50703125 0.0640625 0.046875
12 0.19609375 0.50390625 0.05390625 0.0515625
12 0.15078125 0.56484375 0.05 0.0390625
12 0.20546875 0.5640625 0.0546875 0.03671875
12 0.275 0.5734375 0.07578125 0.0296875
12 0.27421875 0.5421875 0.0703125 0.0296875
12 0.26875 0.50234375 0.0703125 0.04375
12 0.42265625 0.5421875 0.0515625 0.07265625
12 0.48828125 0.55234375 0.065625 0.021875
12 0.48125 0.515625 0.06328125 0.03984375
12 0.63515625 0.5453125 0.0640625 0.04140625
12 0.55859375 0.534375 0.0640625 0.02890625
12 0.55859375 0.49921875 0.0546875 0.034375
12 0.80703125 0.57265625 0.06953125 0.0359375
12 0.809375 0.53359375 0.07421875 0.03984375
12 0.709375 0.55390625 0.0625 0.0328125
12 0.5734375 0.64765625 0.065625 0.0625
12 0.4984375 0.640625 0.06171875 0.0609375
12 0.3578125 0.6609375 0.0609375 0.04765625
12 0.27734375 0.6484375 0.04921875 0.06953125
12 0.428125 0.64140625 0.0703125 0.06640625
12 0.47421875 0.74140625 0.0359375 0.05546875
12 0.58125 0.725 0.040625 0.04765625
12 0.53515625 0.77265625 0.04921875 0.03125
12 0.5890625 0.77265625 0.05703125 0.03046875
12 0.53203125 0.80078125 0.065625 0.03125
12 0.59453125 0.80234375 0.0625 0.034375
12 0.725 0.6453125 0.05625 0.07265625
12 0.64453125 0.64140625 0.059375 0.0671875
12 0.8015625 0.64453125 0.0625 0.06640625
12 0.84609375 0.6359375 0.03359375 0.05078125
12 0.93984375 0.6453125 0.0921875 0.065625
12 0.70859375 0.51796875 0.06875 0.034375
12 0.709375 0.490625 0.0609375 0.03359375
12 0.78984375 0.48984375 0.065625 0.03671875
12 0.3546875 0.62265625 0.06328125 0.03046875
12 0.89921875 0.52734375 0.06171875 0.04765625
