4 0.6140625 0.4609375 0.115625 0.04375
14 0.59765625 0.56328125 0.178125 0.096875
25 0.45625 0.6140625 0.3015625 0.1328125
10 0.7890625 0.796875 0.1 0.15625
2 0.44140625 0.8515625 0.1546875 0.08125
10 0.84296875 0.8171875 0.121875 0.1828125
26 0.43046875 0.92109375 0.2046875 0.10625
20 0.8171875 0.890625 0.2109375 0.1453125
27 0.58046875 0.925 0.125 0.0890625
1 0.63359375 0.178125 0.14375 0.1
0 0.4625 0.21484375 0.1921875 0.084375
24 0.4 0.45234375 0.1734375 0.0828125
4 0.7390625 0.434375 0.146875 0.0796875
