4 0.61796875 0.465625 0.1046875 0.04375
14 0.59609375 0.55859375 0.1828125 0.0765625
25 0.66328125 0.59921875 0.271875 0.115625
7 0.4328125 0.60859375 0.2375 0.1015625
10 0.76875 0.81484375 0.09375 0.1546875
10 0.81953125 0.8390625 0.1078125 0.1734375
2 0.415625 0.8546875 0.1578125 0.0828125
20 0.78359375 0.9078125 0.196875 0.13125
27 0.540625 0.93828125 0.16875 0.1015625
1 0.65390625 0.19296875 0.1453125 0.090625
0 0.48359375 0.2171875 0.1734375 0.0734375
24 0.40703125 0.446875 0.175 0.0734375
4 0.7390625 0.45078125 0.14375 0.071875
