4 0.61796875 0.46875 0.1078125 0.0390625
14 0.58046875 0.57109375 0.1515625 0.0953125
7 0.6546875 0.5921875 0.2125 0.09375
16 0.4109375 0.6265625 0.171875 0.0359375
10 0.771875 0.81796875 0.0984375 0.1609375
2 0.415625 0.85234375 0.146875 0.090625
10 0.81796875 0.8421875 0.103125 0.175
20 0.790625 0.909375 0.2109375 0.1265625
1 0.65859375 0.175 0.109375 0.0484375
0 0.47578125 0.21796875 0.15625 0.0578125
24 0.40078125 0.4421875 0.16875 0.0625
13 0.42109375 0.45703125 0.1515625 0.0625
4 0.74375 0.45 0.1375 0.06875
