20 0.775 0.45666666666666667 0.1 0.043333333333333335
20 0.8083333333333333 0.43833333333333335 0.1111111111111111 0.02666666666666667
10 0.5722222222222222 0.8133333333333334 0.08333333333333333 0.15333333333333332
10 0.6722222222222223 0.805 0.08333333333333333 0.15666666666666668
1 0.7583333333333333 0.8633333333333333 0.06666666666666667 0.043333333333333335
1 0.7916666666666666 0.8366666666666667 0.06111111111111111 0.03666666666666667
1 0.8222222222222222 0.875 0.06111111111111111 0.04
1 0.7722222222222223 0.91 0.06111111111111111 0.05333333333333334
11 0.7861111111111111 0.22166666666666668 0.05555555555555555 0.03666666666666667
11 0.8388888888888889 0.22166666666666668 0.05 0.03666666666666667
11 0.7416666666666667 0.225 0.044444444444444446 0.03
