4 0.628125 0.48359375 0.1296875 0.046875
14 0.57734375 0.57421875 0.159375 0.078125
25 0.63984375 0.61796875 0.2546875 0.1125
7 0.4109375 0.59921875 0.2359375 0.1109375
10 0.725 0.84765625 0.109375 0.15625
2 0.3703125 0.83984375 0.1421875 0.0984375
10 0.7734375 0.87734375 0.121875 0.1828125
26 0.521875 0.85703125 0.1453125 0.0703125
20 0.7375 0.9359375 0.203125 0.128125
1 0.69609375 0.19609375 0.115625 0.05625
0 0.50625 0.21796875 0.153125 0.0671875
24 0.41171875 0.434375 0.175 0.075
13 0.425 0.446875 0.1453125 0.0734375
4 0.74921875 0.48203125 0.1296875 0.075
