4 0.61953125 0.4765625 0.1078125 0.0390625
14 0.57578125 0.5765625 0.1515625 0.0953125
7 0.6484375 0.603125 0.2125 0.09375
16 0.40234375 0.6203125 0.171875 0.0359375
10 0.74921875 0.8359375 0.0984375 0.1609375
2 0.390625 0.8453125 0.146875 0.090625
10 0.79296875 0.86328125 0.103125 0.175
20 0.7609375 0.92890625 0.2109375 0.1265625
1 0.68046875 0.18671875 0.109375 0.0484375
0 0.49609375 0.2171875 0.15625 0.0578125
24 0.40546875 0.4359375 0.16875 0.0625
13 0.42421875 0.45234375 0.1515625 0.0625
4 0.746875 0.4671875 0.1375 0.06875
