14 0.63671875 0.56015625 0.1765625 0.1109375
26 0.3328125 0.5984375 0.0859375 0.153125
20 0.45234375 0.59765625 0.19375 0.0984375
7 0.6828125 0.5703125 0.20625 0.1109375
10 0.80078125 0.78359375 0.103125 0.1640625
10 0.70859375 0.79765625 0.121875 0.1765625
16 0.6109375 0.8640625 0.121875 0.075
24 0.79375 0.8546875 0.20625 0.1140625
1 0.75234375 0.1609375 0.140625 0.1125
0 0.61953125 0.19375 0.16875 0.084375
4 0.4375 0.22734375 0.225 0.08125
25 0.4078125 0.46015625 0.28125 0.1140625
13 0.71484375 0.4296875 0.1578125 0.0765625
