4 0.61875 0.47578125 0.1125 0.034375
14 0.58828125 0.575 0.1734375 0.084375
25 0.44296875 0.60859375 0.2921875 0.1078125
10 0.75078125 0.83046875 0.0875 0.1484375
2 0.3984375 0.8421875 0.1515625 0.06875
10 0.8015625 0.85703125 0.1078125 0.1734375
26 0.3796875 0.909375 0.1984375 0.0890625
20 0.76796875 0.92578125 0.2 0.128125
27 0.52734375 0.93203125 0.1203125 0.0796875
1 0.671875 0.196875 0.1359375 0.0875
0 0.496875 0.2125 0.1875 0.06875
24 0.40625 0.440625 0.1703125 0.06875
4 0.7453125 0.46328125 0.1421875 0.06875
