14 0.6203125 0.5609375 0.15625 0.0609375
7 0.634375 0.6046875 0.2015625 0.1078125
10 0.6546875 0.82890625 0.0921875 0.1640625
10 0.73984375 0.834375 0.0953125 0.1703125
16 0.5390625 0.86328125 0.1140625 0.053125
25 0.7484375 0.9375 0.2125 0.125
2 0.5265625 0.934375 0.1640625 0.1140625
20 0.3453125 0.93515625 0.1921875 0.1
1 0.8078125 0.21328125 0.1390625 0.09375
0 0.6671875 0.22265625 0.159375 0.0703125
4 0.48359375 0.21484375 0.2125 0.0640625
24 0.4078125 0.4421875 0.178125 0.0796875
13 0.7234375 0.46640625 0.153125 0.0671875
