4 0.61484375 0.46328125 0.115625 0.0421875
14 0.59609375 0.565625 0.178125 0.0953125
25 0.45390625 0.6140625 0.2984375 0.128125
10 0.78359375 0.80234375 0.096875 0.153125
2 0.43515625 0.85078125 0.1546875 0.078125
10 0.8375 0.8234375 0.11875 0.1796875
26 0.42265625 0.9203125 0.203125 0.103125
20 0.8109375 0.8953125 0.2078125 0.1421875
27 0.57265625 0.9265625 0.125 0.0875
1 0.6390625 0.18046875 0.140625 0.096875
0 0.4671875 0.2140625 0.190625 0.08125
24 0.40078125 0.45078125 0.1734375 0.0796875
4 0.73984375 0.43828125 0.1453125 0.078125
