9 0.934375 0.6921875 0.109375 0.140625
9 0.6921875 0.69921875 0.10625 0.1390625
9 0.1328125 0.7203125 0.109375 0.13125
9 0.5796875 0.69296875 0.09375 0.1640625
9 0.83359375 0.6640625 0.1390625 0.190625
9 0.2671875 0.69296875 0.1 0.1671875
9 0.4875 0.67578125 0.0875 0.1390625
9 0.371875 0.67109375 0.10625 0.1296875
8 0.184375 0.66796875 0.109375 0.1578125
8 0.96640625 0.6203125 0.0671875 0.165625
8 0.0859375 0.61484375 0.1 0.1265625
8 0.9 0.5671875 0.084375 0.128125
8 0.728125 0.57578125 0.09375 0.1671875
8 0.29140625 0.59296875 0.0984375 0.1484375
8 0.01796875 0.60546875 0.0328125 0.1296875
8 0.63984375 0.56953125 0.1046875 0.1515625
8 0.4015625 0.5703125 0.090625 0.146875
8 0.5515625 0.5609375 0.0875 0.171875
8 0.815625 0.53671875 0.103125 0.1234375
8 0.4640625 0.53984375 0.09375 0.1640625
9 0.07109375 0.95078125 0.1015625 0.0984375
9 0.6234375 0.93203125 0.11875 0.1328125
9 0.4484375 0.93359375 0.103125 0.1328125
9 0.87421875 0.9125 0.1265625 0.14375
8 0.03046875 0.15234375 0.0609375 0.2015625
8 0.2734375 0.13359375 0.1 0.1921875
8 0.146875 0.12734375 0.090625 0.1984375
8 0.403125 0.11328125 0.096875 0.1953125
8 0.9484375 0.08125 0.06875 0.11875
8 0.55390625 0.08828125 0.1109375 0.1765625
8 0.82265625 0.08125 0.1234375 0.1625
8 0.6734375 0.084375 0.10625 0.16875
