0 0.013888888888888888 0.59 0.027777777777777776 0.02666666666666667
0 0.013888888888888888 0.5633333333333334 0.027777777777777776 0.02666666666666667
0 0.008333333333333333 0.5166666666666667 0.016666666666666666 0.03333333333333333
0 0.008333333333333333 0.55 0.016666666666666666 0.02666666666666667
0 0.016666666666666666 0.565 0.03333333333333333 0.03666666666666667
3 0.041666666666666664 0.44333333333333336 0.08333333333333333 0.05333333333333334
10 0.21944444444444444 0.46166666666666667 0.16111111111111112 0.056666666666666664
10 0.19722222222222222 0.4266666666666667 0.17222222222222222 0.05333333333333334
10 0.20833333333333334 0.365 0.08888888888888889 0.05333333333333334
10 0.1 0.36333333333333334 0.1111111111111111 0.04666666666666667
12 0.825 0.30333333333333334 0.10555555555555556 0.04666666666666667
12 0.8305555555555556 0.35 0.10555555555555556 0.04666666666666667
12 0.8388888888888889 0.39166666666666666 0.1 0.05
12 0.8472222222222222 0.425 0.09444444444444444 0.04
14 0.8888888888888888 0.705 0.16111111111111112 0.13333333333333333
