12 0.3194444444444444 0.5116666666666667 0.4166666666666667 0.09
12 0.37222222222222223 0.5816666666666667 0.37777777777777777 0.08333333333333333
12 0.6 0.545 0.1 0.08333333333333333
12 0.4888888888888889 0.47833333333333333 0.3333333333333333 0.08
12 0.6888888888888889 0.5116666666666667 0.08888888888888889 0.07666666666666666
12 0.6694444444444444 0.4533333333333333 0.06666666666666667 0.06666666666666667
12 0.2111111111111111 0.31666666666666665 0.4222222222222222 0.12666666666666668
12 0.35555555555555557 0.41 0.3888888888888889 0.08666666666666667
12 0.475 0.31833333333333336 0.13333333333333333 0.09666666666666666
12 0.7027777777777777 0.27666666666666667 0.31666666666666665 0.11333333333333333
12 0.7083333333333334 0.37 0.3277777777777778 0.08666666666666667
12 0.3416666666666667 0.6716666666666666 0.2611111111111111 0.11333333333333333
12 0.6777777777777778 0.7466666666666667 0.1 0.07333333333333333
12 0.41944444444444445 0.7583333333333333 0.37222222222222223 0.07
