10 0.596875 0.2421875 0.1125 0.11015625
12 0.53515625 0.5234375 0.07109375 0.071875
14 0.7296875 0.53359375 0.07734375 0.0671875
14 0.35390625 0.3953125 0.10234375 0.05703125
23 0.44921875 0.3625 0.0515625 0.02578125
26 0.3859375 0.746875 0.10390625 0.0375
26 0.38671875 0.63515625 0.11875 0.03125
13 0.4828125 0.584375 0.07578125 0.03828125
13 0.39296875 0.60234375 0.10078125 0.0296875
25 0.62578125 0.41796875 0.12734375 0.03984375
7 0.52578125 0.89921875 0.10234375 0.09453125
8 0.3953125 0.903125 0.115625 0.08203125
4 0.3515625 0.98046875 0.04140625 0.0390625
