12 0.5333333333333333 0.5 0.044444444444444446 0.02666666666666667
12 0.5333333333333333 0.475 0.044444444444444446 0.03
12 0.575 0.5 0.044444444444444446 0.02666666666666667
12 0.5777777777777777 0.47333333333333333 0.044444444444444446 0.02666666666666667
10 0.5611111111111111 0.575 0.07777777777777778 0.04
10 0.5611111111111111 0.6116666666666667 0.06666666666666667 0.03333333333333333
3 0.6944444444444444 0.5116666666666667 0.1 0.07666666666666666
24 0.8805555555555555 0.55 0.07222222222222222 0.03333333333333333
24 0.8833333333333333 0.5183333333333333 0.06666666666666667 0.03333333333333333
20 0.8388888888888889 0.5033333333333333 0.05555555555555555 0.06
11 0.46111111111111114 0.43 0.05555555555555555 0.02
11 0.4638888888888889 0.41333333333333333 0.05555555555555555 0.013333333333333334
11 0.4583333333333333 0.36 0.05555555555555555 0.023333333333333334
23 0.8777777777777778 0.615 0.08888888888888889 0.04
23 0.875 0.585 0.08333333333333333 0.03333333333333333
