24 0.8416666666666667 0.340625 0.07708333333333334 0.05520833333333333
24 0.7651041666666667 0.36614583333333334 0.08020833333333334 0.04791666666666667
23 0.6942708333333333 0.4078125 0.078125 0.052083333333333336
23 0.7171875 0.4375 0.08854166666666667 0.06458333333333334
23 0.8052083333333333 0.43385416666666665 0.084375 0.06041666666666667
23 0.8536458333333333 0.3854166666666667 0.08020833333333334 0.05
23 0.8947916666666667 0.42864583333333334 0.09270833333333334 0.07395833333333333
11 0.44635416666666666 0.8744791666666667 0.21145833333333333 0.20416666666666666
6 0.7614583333333333 0.5078125 0.075 0.059375
6 0.884375 0.5046875 0.078125 0.06145833333333333
10 0.8447916666666667 0.04114583333333333 0.13333333333333333 0.08229166666666667
10 0.8427083333333333 0.14635416666666667 0.128125 0.09479166666666666
