0 0.7270833333333333 0.9130208333333333 0.06666666666666667 0.04791666666666667
0 0.7947916666666667 0.8848958333333333 0.06458333333333334 0.04375
0 0.7338541666666667 0.8723958333333334 0.05625 0.029166666666666667
0 0.7947916666666667 0.9317708333333333 0.053125 0.051041666666666666
0 0.7578125 0.9604166666666667 0.06458333333333334 0.059375
0 0.6911458333333333 0.9505208333333334 0.06041666666666667 0.05
0 0.5432291666666667 0.75625 0.051041666666666666 0.0375
0 0.47604166666666664 0.753125 0.051041666666666666 0.041666666666666664
0 0.5130208333333334 0.778125 0.04479166666666667 0.03125
0 0.5046875 0.8171875 0.053125 0.04583333333333333
0 0.45208333333333334 0.8015625 0.05416666666666667 0.04791666666666667
24 0.7401041666666667 0.7848958333333333 0.0875 0.0625
24 0.6739583333333333 0.7447916666666666 0.06875 0.04583333333333333
24 0.6588541666666666 0.790625 0.07395833333333333 0.06458333333333334
24 0.6244791666666667 0.7442708333333333 0.052083333333333336 0.041666666666666664
24 0.6109375 0.784375 0.05625 0.041666666666666664
24 0.6083333333333333 0.8234375 0.07083333333333333 0.05
24 0.6010416666666667 0.8682291666666667 0.08333333333333333 0.0625
24 0.6046875 0.9270833333333334 0.0875 0.07083333333333333
6 0.3765625 0.8182291666666667 0.12083333333333333 0.12395833333333334
6 0.34479166666666666 0.8052083333333333 0.15520833333333334 0.153125
6 0.2838541666666667 0.8223958333333333 0.15208333333333332 0.14791666666666667
25 0.7770833333333333 0.29583333333333334 0.18958333333333333 0.05625
25 0.7567708333333333 0.34270833333333334 0.16666666666666666 0.040625
11 0.6552083333333333 0.3260416666666667 0.10208333333333333 0.052083333333333336
25 0.6265625 0.5802083333333333 0.20208333333333334 0.08541666666666667
25 0.6260416666666667 0.6411458333333333 0.14791666666666667 0.0375
