4 0.5270833333333333 0.5197916666666667 0.1015625 0.07239583333333334
4 0.42291666666666666 0.5119791666666667 0.050520833333333334 0.07395833333333333
25 0.6041666666666666 0.6244791666666667 0.10052083333333334 0.0375
6 0.6057291666666667 0.5338541666666666 0.12916666666666668 0.04114583333333333
6 0.6338541666666667 0.521875 0.1 0.035416666666666666
21 0.4979166666666667 0.34479166666666666 0.05260416666666667 0.03229166666666667
6 0.5442708333333334 0.3546875 0.05 0.075
21 0.4453125 0.3359375 0.0625 0.025520833333333333
21 0.37864583333333335 0.3390625 0.06458333333333334 0.027604166666666666
0 0.5625 0.215625 0.16041666666666668 0.09270833333333334
11 0.3260416666666667 0.0578125 0.1125 0.059895833333333336
14 0.9072916666666667 0.03697916666666667 0.18541666666666667 0.07395833333333333
