10 0.6651041666666667 0.5005208333333333 0.1125 0.12916666666666668
11 0.2671875 0.503125 0.078125 0.057291666666666664
23 0.5744791666666667 0.6395833333333333 0.04479166666666667 0.026041666666666668
24 0.6770833333333334 0.6427083333333333 0.051041666666666666 0.040625
3 0.2984375 0.5932291666666667 0.115625 0.07604166666666666
12 0.5885416666666666 0.43020833333333336 0.06770833333333333 0.06458333333333334
12 0.6520833333333333 0.4010416666666667 0.06875 0.04791666666666667
12 0.653125 0.44114583333333335 0.06666666666666667 0.046875
24 0.6421875 0.6348958333333333 0.03854166666666667 0.028125
24 0.609375 0.6390625 0.027083333333333334 0.013541666666666667
24 0.521875 0.6317708333333333 0.0375 0.025
3 0.5270833333333333 0.7140625 0.078125 0.034375
10 0.0484375 0.6848958333333334 0.096875 0.209375
