13 0.6484375 0.834375 0.0875 0.075
56 0.34609375 0.7453125 0.1984375 0.1125
61 0.5078125 0.7921875 0.1375 0.08125
13 0.73203125 0.85390625 0.1109375 0.0890625
57 0.7671875 0.66484375 0.13125 0.1765625
57 0.36796875 0.54921875 0.1390625 0.1859375
39 0.8109375 0.6265625 0.175 0.134375
85 0.4515625 0.36484375 0.146875 0.0984375
28 0.6359375 0.41796875 0.15625 0.1171875
39 0.83046875 0.46171875 0.1328125 0.1203125
54 0.72265625 0.1953125 0.1046875 0.10625
29 0.58515625 0.13515625 0.2703125 0.1953125
56 0.87734375 0.18984375 0.2296875 0.1609375
54 0.73671875 0.1 0.1046875 0.06875