40 0.5578125 0.54765625 0.16875 0.1703125
25 0.565625 0.371875 0.128125 0.19375
26 0.64453125 0.7890625 0.1078125 0.203125
63 0.88046875 0.62734375 0.1515625 0.1671875
54 0.859375 0.32578125 0.10625 0.1703125
18 0.88203125 0.4875 0.1453125 0.221875
77 0.2046875 0.80625 0.125 0.284375
84 0.15703125 0.45078125 0.1140625 0.2140625
46 0.19296875 0.60234375 0.0734375 0.1765625
68 0.46484375 0.76015625 0.0765625 0.1328125
28 0.4546875 0.66015625 0.0875 0.1703125
47 0.428125 0.41953125 0.084375 0.2109375