40 0.43828125 0.61484375 0.1640625 0.1953125
84 0.47578125 0.75078125 0.1203125 0.1671875
77 0.365625 0.42578125 0.159375 0.2890625
21 0.090625 0.49453125 0.14375 0.2078125
76 0.13203125 0.65390625 0.0921875 0.1390625
28 0.1890625 0.85390625 0.103125 0.1265625
81 0.77265625 0.2578125 0.1671875 0.153125
81 0.8359375 0.5046875 0.15 0.15
26 0.81875 0.55546875 0.15625 0.3171875
13 0.7671875 0.37890625 0.109375 0.1765625
33 0.85703125 0.69765625 0.0734375 0.0921875
60 0.6171875 0.68515625 0.14375 0.2203125
29 0.5140625 0.34921875 0.146875 0.2296875