25 0.459375 0.3734375 0.078125 0.1625
79 0.4109375 0.59140625 0.09375 0.1671875
81 0.46015625 0.2015625 0.1578125 0.134375
60 0.42421875 0.35 0.1203125 0.215625
22 0.36484375 0.5515625 0.0765625 0.15625
57 0.21796875 0.196875 0.1734375 0.109375
57 0.20625 0.2796875 0.18125 0.11875
76 0.15 0.38671875 0.065625 0.1265625
29 0.1140625 0.1671875 0.159375 0.225
68 0.0796875 0.39765625 0.140625 0.1890625
18 0.0484375 0.5734375 0.096875 0.196875
77 0.80703125 0.67578125 0.1546875 0.2640625
63 0.846875 0.24921875 0.109375 0.1421875
26 0.78671875 0.575 0.0859375 0.228125
84 0.8125 0.38984375 0.084375 0.1671875
40 0.596875 0.3703125 0.121875 0.175
13 0.55234375 0.6171875 0.0765625 0.159375
42 0.553125 0.48359375 0.065625 0.1015625
28 0.5359375 0.5875 0.075 0.14375