54 0.496875 0.33984375 0.071875 0.1671875
81 0.5453125 0.7671875 0.15625 0.13125
40 0.621875 0.34375 0.128125 0.15
28 0.60078125 0.57734375 0.0859375 0.1265625
57 0.81953125 0.6890625 0.1703125 0.115625
49 0.890625 0.365625 0.109375 0.06875
21 0.9171875 0.65234375 0.1125 0.2859375
68 0.9453125 0.4140625 0.109375 0.190625
22 0.934375 0.8265625 0.078125 0.1875
40 0.1953125 0.28828125 0.175 0.2015625
79 0.2109375 0.45234375 0.096875 0.1796875
84 0.18515625 0.70625 0.0953125 0.20625
25 0.425 0.73828125 0.1125 0.1921875
76 0.4671875 0.5703125 0.05 0.13125