81 0.2234375 0.4703125 0.146875 0.171875
40 0.66796875 0.35546875 0.1765625 0.1515625
18 0.47109375 0.384375 0.2078125 0.125
42 0.27734375 0.3953125 0.1390625 0.096875
57 0.28359375 0.17265625 0.1390625 0.1921875
33 0.60078125 0.04921875 0.0921875 0.0890625
49 0.57578125 0.04765625 0.0859375 0.0953125
28 0.3140625 0.0703125 0.159375 0.10625
84 0.315625 0.84296875 0.228125 0.1140625
22 0.57109375 0.78046875 0.1546875 0.0703125
60 0.475 0.55 0.190625 0.15
79 0.665625 0.50625 0.171875 0.11875
82 0.22734375 0.59609375 0.1484375 0.1046875
82 0.34453125 0.56796875 0.1015625 0.0796875