13 0.7328125 0.82265625 0.078125 0.0578125
56 0.409375 0.8140625 0.19375 0.06875
61 0.58359375 0.81796875 0.1328125 0.0515625
13 0.81953125 0.81953125 0.0984375 0.0671875
57 0.80625 0.62421875 0.096875 0.1640625
57 0.3796875 0.6140625 0.1 0.171875
39 0.83828125 0.575 0.1609375 0.1
85 0.41328125 0.4109375 0.1390625 0.06875
28 0.6109375 0.4125 0.14375 0.0875
39 0.8140625 0.40546875 0.115625 0.0953125
54 0.63515625 0.17109375 0.0890625 0.0890625
29 0.4859375 0.1484375 0.25 0.140625
56 0.78828125 0.125 0.2140625 0.1125
54 0.62578125 0.07421875 0.0984375 0.0484375