26 0.62578125 0.4921875 0.1234375 0.05625
25 0.61875 0.40625 0.165625 0.078125
79 0.3859375 0.42578125 0.1625 0.0921875
33 0.7609375 0.34921875 0.08125 0.0671875
60 0.6265625 0.36015625 0.225 0.1296875
76 0.3890625 0.36796875 0.18125 0.0703125
42 0.80390625 0.303125 0.1390625 0.08125
57 0.634375 0.12421875 0.128125 0.1796875
22 0.47265625 0.1375 0.1140625 0.06875
81 0.72890625 0.096875 0.1234375 0.13125
68 0.33515625 0.1390625 0.1609375 0.115625
18 0.509375 0.07421875 0.20625 0.1203125
29 0.70390625 0.04296875 0.2390625 0.0859375
54 0.2828125 0.06796875 0.171875 0.1015625
48 0.47734375 0.0296875 0.2078125 0.059375
77 0.384375 0.8609375 0.209375 0.2125
63 0.7203125 0.7890625 0.128125 0.071875
81 0.8390625 0.76796875 0.121875 0.1484375
49 0.8890625 0.75078125 0.09375 0.1328125
82 0.7078125 0.76015625 0.303125 0.1265625
84 0.52265625 0.784375 0.1703125 0.08125
40 0.52265625 0.57265625 0.1640625 0.1546875
46 0.7921875 0.52421875 0.209375 0.1890625
40 0.6515625 0.54375 0.1625 0.115625
13 0.39921875 0.559375 0.1921875 0.08125
28 0.41953125 0.546875 0.1484375 0.078125
26 0.7515625 0.4859375 0.1375 0.090625