25 0.4484375 0.68984375 0.109375 0.1984375
81 0.4140625 0.86875 0.175 0.153125
18 0.45859375 0.48046875 0.1078125 0.2296875
60 0.4203125 0.734375 0.121875 0.215625
22 0.4046875 0.56796875 0.071875 0.1390625
57 0.159375 0.8 0.19375 0.134375
57 0.17109375 0.703125 0.1890625 0.125
46 0.1546875 0.40078125 0.159375 0.2421875
76 0.12421875 0.575 0.0796875 0.128125
68 0.0515625 0.82578125 0.103125 0.2296875
48 0.05078125 0.56640625 0.1015625 0.2296875
63 0.84453125 0.91953125 0.1171875 0.1515625
77 0.9 0.459375 0.125 0.3
26 0.86953125 0.56171875 0.0984375 0.2484375
84 0.84453125 0.7625 0.0921875 0.184375
79 0.62890625 0.42109375 0.1109375 0.1640625
28 0.5671875 0.80703125 0.078125 0.1703125
42 0.5765625 0.67109375 0.078125 0.1203125