39 0.834375 0.6046875 0.146875 0.103125
39 0.84765625 0.4578125 0.1578125 0.121875
57 0.7140625 0.4046875 0.16875 0.24375
39 0.865625 0.39375 0.153125 0.071875
39 0.875 0.328125 0.146875 0.10625
51 0.8125 0.06484375 0.121875 0.0734375
27 0.296875 0.01875 0.284375 0.0375
87 0.0265625 0.86484375 0.053125 0.1015625
87 0.115625 0.87578125 0.13125 0.0953125
57 0.57421875 0.8671875 0.1890625 0.265625
57 0.49375 0.85546875 0.128125 0.2890625
87 0.12734375 0.79296875 0.1453125 0.0921875
87 0.028125 0.7734375 0.05625 0.103125
28 0.30078125 0.6953125 0.1921875 0.11875
39 0.83046875 0.684375 0.1453125 0.084375