39 0.32421875 0.15078125 0.1078125 0.1453125
39 0.46171875 0.12578125 0.1265625 0.1578125
57 0.5234375 0.24609375 0.240625 0.1796875
39 0.51796875 0.1015625 0.0796875 0.146875
39 0.58046875 0.08828125 0.1109375 0.1453125
51 0.846875 0.11640625 0.10625 0.1234375
27 0.94765625 0.59296875 0.1046875 0.2734375
87 0.16953125 0.953125 0.1203125 0.09375
87 0.13984375 0.8546875 0.1015625 0.128125
57 0.11640625 0.42109375 0.2328125 0.2015625
57 0.1296875 0.49453125 0.259375 0.1453125
87 0.21640625 0.83515625 0.0984375 0.1421875
87 0.253125 0.94765625 0.11875 0.1046875
28 0.2921875 0.66328125 0.128125 0.1859375
39 0.24921875 0.1640625 0.0921875 0.140625