57 0.75234375 0.6109375 0.1578125 0.084375
74 0.6625 0.11796875 0.146875 0.0890625
74 0.6625 0.2 0.1125 0.090625
57 0.69453125 0.40703125 0.1203125 0.0859375
65 0.6171875 0.53828125 0.090625 0.1890625
84 0.4515625 0.39609375 0.01875 0.0234375
22 0.52578125 0.83125 0.0421875 0.075
84 0.44453125 0.36796875 0.0171875 0.0265625
84 0.446875 0.434375 0.01875 0.025
84 0.45 0.4578125 0.015625 0.025
84 0.43125 0.36953125 0.015625 0.0203125
84 0.434375 0.38828125 0.0125 0.0234375
23 0.4015625 0.27890625 0.109375 0.1265625