34 0.49140625 0.33046875 0.1171875 0.0796875
45 0.62421875 0.39375 0.0984375 0.053125
45 0.6953125 0.41640625 0.040625 0.0359375
41 0.96328125 0.48671875 0.0734375 0.0484375
41 0.903125 0.471875 0.071875 0.05
87 0.05703125 0.36875 0.0890625 0.084375
66 0.19609375 0.409375 0.1078125 0.078125
87 0.3875 0.5 0.196875 0.140625
66 0.11328125 0.434375 0.0703125 0.071875
66 0.24609375 0.4703125 0.0734375 0.071875
87 0.04453125 0.42890625 0.0890625 0.0796875
66 0.16953125 0.46640625 0.1078125 0.0890625
84 0.35703125 0.584375 0.0359375 0.03125
84 0.27109375 0.5734375 0.0484375 0.0375
84 0.36953125 0.60703125 0.0515625 0.0359375
84 0.3078125 0.5953125 0.04375 0.03125
84 0.77109375 0.88828125 0.1421875 0.0796875
65 0.64375 0.1015625 0.215625 0.153125
84 0.7828125 0.9453125 0.1625 0.10625
84 0.0203125 0.796875 0.040625 0.1125
57 0.95546875 0.2203125 0.0890625 0.159375