57 0.03046875 0.4203125 0.0609375 0.271875
57 0.07578125 0.44375 0.0765625 0.225
57 0.8921875 0.19609375 0.09375 0.2859375
57 0.953125 0.115625 0.09375 0.1625
67 0.5453125 0.52109375 0.065625 0.1046875
79 0.43828125 0.84609375 0.1390625 0.1609375
14 0.9203125 0.89453125 0.10625 0.1421875
14 0.55234375 0.8453125 0.0515625 0.090625
77 0.8890625 0.5953125 0.221875 0.228125
27 0.45078125 0.140625 0.1484375 0.10625
52 0.2890625 0.83046875 0.146875 0.1296875
16 0.46484375 0.63515625 0.1359375 0.1140625
16 0.72109375 0.165625 0.1515625 0.121875
85 0.365625 0.61328125 0.075 0.1078125