34 0.653125 0.41796875 0.08125 0.1171875
45 0.665625 0.56015625 0.05625 0.0953125
45 0.6828125 0.6328125 0.0375 0.040625
41 0.76015625 0.896875 0.0515625 0.078125
41 0.74140625 0.83515625 0.0515625 0.0734375
87 0.39765625 0.06015625 0.0921875 0.1140625
66 0.4359375 0.21015625 0.08125 0.1078125
87 0.45703125 0.415625 0.1453125 0.196875
66 0.37421875 0.153125 0.0734375 0.071875
66 0.41015625 0.28203125 0.0734375 0.0734375
87 0.33984375 0.0796875 0.0890625 0.115625
66 0.37578125 0.215625 0.0890625 0.10625
84 0.37109375 0.434375 0.0328125 0.0375
84 0.33671875 0.3546875 0.0390625 0.046875
84 0.3578125 0.45546875 0.0375 0.0515625
84 0.33828125 0.39765625 0.0296875 0.0421875
84 0.32265625 0.9328125 0.0828125 0.134375
65 0.9203125 0.4296875 0.159375 0.215625
84 0.28125 0.94609375 0.109375 0.1078125
84 0.0265625 0.2046875 0.053125 0.159375
57 0.96015625 0.790625 0.0796875 0.18125