3 0.94453125 0.40078125 0.1109375 0.1546875
3 0.725 0.35078125 0.128125 0.1515625
3 0.18828125 0.2265625 0.1296875 0.146875
3 0.61484375 0.3359375 0.1203125 0.171875
3 0.8546875 0.4109375 0.16875 0.20625
3 0.31328125 0.27890625 0.1265625 0.1765625
3 0.52265625 0.3359375 0.1109375 0.146875
3 0.41015625 0.31796875 0.1265625 0.1421875
2 0.22734375 0.28671875 0.1328125 0.1703125
2 0.9640625 0.47890625 0.071875 0.1703125
2 0.12265625 0.31875 0.1171875 0.1375
2 0.90078125 0.5171875 0.1046875 0.1375
2 0.73671875 0.4765625 0.1203125 0.175
2 0.3171875 0.37890625 0.11875 0.1578125
2 0.05 0.31328125 0.065625 0.1296875
2 0.65 0.465625 0.125 0.1625
2 0.41875 0.421875 0.1125 0.15625
2 0.5625 0.45859375 0.115625 0.1796875
2 0.81328125 0.53125 0.1203125 0.1375
2 0.47421875 0.4625 0.1203125 0.171875
3 0.16953125 0.0234375 0.1328125 0.046875
3 0.70234375 0.10703125 0.1421875 0.1609375
3 0.5359375 0.075 0.125 0.15
3 0.93359375 0.17109375 0.1328125 0.1734375
2 0.015625 0.75078125 0.03125 0.2109375
2 0.21328125 0.81953125 0.1328125 0.2015625
2 0.090625 0.80078125 0.125 0.2046875
2 0.334375 0.86171875 0.13125 0.2046875
2 0.8578125 0.96640625 0.090625 0.0671875
2 0.47578125 0.9109375 0.1390625 0.178125
2 0.73046875 0.9421875 0.1515625 0.115625
2 0.58984375 0.92578125 0.1328125 0.1484375