2 0.675 0.83359375 0.315625 0.1546875
3 0.44375 0.771875 0.246875 0.2125
12 0.28125 0.74296875 0.128125 0.1296875
12 0.8546875 0.7515625 0.18125 0.15
2 0.2203125 0.66875 0.29375 0.184375
3 0.8984375 0.65703125 0.196875 0.2109375
12 0.53203125 0.571875 0.1421875 0.128125
3 0.7171875 0.5328125 0.25 0.26875
2 0.48125 0.475 0.2875 0.20625
12 0.11171875 0.428125 0.1890625 0.115625
12 0.32109375 0.43046875 0.1546875 0.1203125
12 0.65 0.4296875 0.190625 0.11875
2 0.17265625 0.359375 0.2453125 0.19375
12 0.90078125 0.33828125 0.1578125 0.1546875
12 0.603125 0.9375 0.153125 0.125
3 0.1453125 0.18203125 0.2625 0.2203125
3 0.90390625 0.1984375 0.1921875 0.175
2 0.471875 0.0765625 0.184375 0.153125
2 0.7265625 0.08359375 0.2625 0.1546875
3 0.171875 0.04453125 0.2875 0.0890625
12 0.61328125 0.04765625 0.1296875 0.0859375