0 0.32890625 0.7234375 0.3609375 0.15625
0 0.39765625 0.8140625 0.5640625 0.15
0 0.5046875 0.9046875 0.621875 0.190625
0 0.5375 0.95078125 0.521875 0.0984375
10 0.54921875 0.3078125 0.1640625 0.15
10 0.63828125 0.38125 0.1546875 0.10625
10 0.71875 0.6203125 0.228125 0.128125
10 0.71640625 0.5390625 0.2546875 0.134375
0 0.7671875 0.34375 0.465625 0.503125
0 0.77734375 0.215625 0.4203125 0.43125
10 0.95546875 0.73359375 0.0890625 0.1109375
6 0.96640625 0.8515625 0.0671875 0.178125
10 0.1375 0.953125 0.165625 0.09375
6 0.11484375 0.615625 0.2296875 0.215625
6 0.103125 0.44453125 0.20625 0.1921875