85 0.87421875 0.14609375 0.1203125 0.1578125
85 0.7625 0.19921875 0.103125 0.1328125
85 0.7359375 0.29609375 0.121875 0.1671875
85 0.72890625 0.40078125 0.1265625 0.1703125
85 0.803125 0.55 0.15 0.215625
27 0.45078125 0.4828125 0.2171875 0.26875
85 0.67734375 0.578125 0.1328125 0.190625
85 0.75234375 0.69609375 0.1265625 0.2015625
27 0.36640625 0.6109375 0.2109375 0.303125
85 0.6625 0.72265625 0.121875 0.1671875
27 0.54453125 0.70234375 0.3109375 0.4171875
85 0.31796875 0.81015625 0.1328125 0.2046875
85 0.4375 0.8453125 0.146875 0.221875
85 0.3375 0.8828125 0.140625 0.2