0 0.678125 0.2453125 0.19375 0.365625
0 0.78515625 0.27578125 0.2140625 0.5515625
0 0.890625 0.3328125 0.21875 0.615625
0 0.94375 0.34609375 0.1125 0.5046875
10 0.38203125 0.61015625 0.1640625 0.1765625
10 0.48359375 0.66328125 0.1203125 0.1609375
10 0.734375 0.64453125 0.15 0.2328125
10 0.65859375 0.671875 0.1609375 0.259375
0 0.50234375 0.7703125 0.5390625 0.459375
0 0.35390625 0.81796875 0.5328125 0.3640625
10 0.9390625 0.83671875 0.121875 0.1421875
6 0.98125 0.815625 0.0375 0.140625
10 0.8171875 0.0328125 0.11875 0.065625
6 0.49453125 0.10703125 0.2359375 0.2140625
6 0.33046875 0.13671875 0.2140625 0.2453125