11 0.2375 0.94609375 0.0375 0.0359375
11 0.2578125 0.97421875 0.15 0.0515625
11 0.23515625 0.90703125 0.1234375 0.1015625
3 0.13203125 0.5390625 0.1453125 0.121875
11 0.2484375 0.9 0.271875 0.2
2 0.15234375 0.6109375 0.1078125 0.109375
3 0.1296875 0.5109375 0.25625 0.253125
3 0.1265625 0.44140625 0.115625 0.1046875
11 0.3109375 0.921875 0.025 0.025
11 0.34921875 0.98359375 0.1109375 0.0328125
11 0.3359375 0.8921875 0.0375 0.0375
11 0.3671875 0.94140625 0.1375 0.0953125
11 0.39921875 0.93828125 0.0671875 0.0546875
3 0.290625 0.5625 0.178125 0.15
11 0.48125 0.95 0.19375 0.1
2 0.41328125 0.73203125 0.1890625 0.1515625
2 0.41953125 0.7296875 0.1734375 0.14375
3 0.47265625 0.58359375 0.1640625 0.1203125
2 0.58828125 0.73515625 0.1265625 0.1015625
2 0.68046875 0.81015625 0.1765625 0.1328125
2 0.79921875 0.8546875 0.1078125 0.0875
3 0.7765625 0.68125 0.390625 0.321875
2 0.8140625 0.771875 0.18125 0.1375
11 0.19609375 0.96953125 0.0828125 0.0609375
2 0.11796875 0.6921875 0.1140625 0.078125
11 0.171875 0.86953125 0.0625 0.0421875
3 0.059375 0.475 0.11875 0.11875