39 0.10390625 0.3921875 0.0359375 0.053125
84 0.32734375 0.3546875 0.0515625 0.071875
39 0.07734375 0.39765625 0.0328125 0.0453125
39 0.13359375 0.3953125 0.0328125 0.053125
39 0.15859375 0.390625 0.0296875 0.046875
39 0.1796875 0.3890625 0.03125 0.053125
39 0.20546875 0.3890625 0.0359375 0.053125
45 0.378125 0.37421875 0.0875 0.0609375
84 0.29921875 0.38828125 0.0484375 0.0515625
57 0.85390625 0.57578125 0.0828125 0.1484375
57 0.921875 0.6015625 0.1125 0.234375
86 0.4578125 0.93828125 0.05625 0.0671875
86 0.36328125 0.96796875 0.0484375 0.0640625
13 0.684375 0.92421875 0.059375 0.0734375
86 0.42578125 0.971875 0.0640625 0.05625
13 0.640625 0.9546875 0.05625 0.065625
13 0.69453125 0.9640625 0.0578125 0.028125