51 0.80390625 0.90390625 0.0671875 0.1390625
51 0.75234375 0.8421875 0.0546875 0.10625
87 0.7421875 0.63828125 0.1 0.1484375
51 0.753125 0.940625 0.05 0.096875
57 0.690625 0.09296875 0.209375 0.1578125
23 0.67109375 0.2453125 0.1546875 0.165625
87 0.65625 0.6375 0.084375 0.175
59 0.57890625 0.94453125 0.0515625 0.1046875
24 0.5140625 0.82890625 0.14375 0.1890625
13 0.48671875 0.68359375 0.0984375 0.1265625
65 0.4671875 0.96171875 0.059375 0.0765625
87 0.97421875 0.6765625 0.0515625 0.14375
51 0.11171875 0.478125 0.0484375 0.090625
51 0.11171875 0.634375 0.0546875 0.1125
51 0.1 0.390625 0.053125 0.0875
13 0.09296875 0.3015625 0.0484375 0.09375
13 0.08125 0.07734375 0.053125 0.0953125
87 0.92734375 0.6796875 0.0609375 0.14375