87 0.41796875 0.88359375 0.1234375 0.1390625
79 0.6921875 0.5171875 0.0375 0.05
79 0.725 0.5046875 0.04375 0.05
65 0.40546875 0.5625 0.1046875 0.1
79 0.68515625 0.48046875 0.0578125 0.0578125
79 0.71875 0.4578125 0.0375 0.05
51 0.39375 0.33984375 0.075 0.0921875
57 0.796875 0.2078125 0.115625 0.278125
57 0.85234375 0.17890625 0.1359375 0.2953125
57 0.9046875 0.1546875 0.115625 0.29375
13 0.2109375 0.30859375 0.09375 0.1234375
13 0.29140625 0.28359375 0.0921875 0.1046875
13 0.36640625 0.2640625 0.0984375 0.121875
87 0.328125 0.91953125 0.134375 0.1609375
23 0.7828125 0.8109375 0.140625 0.165625
23 0.8859375 0.7828125 0.1125 0.153125