28 0.78125 0.40625 0.053125 0.078125
13 0.80234375 0.22578125 0.0890625 0.0796875
51 0.7296875 0.57109375 0.065625 0.0578125
13 0.7421875 0.484375 0.071875 0.0625
28 0.740625 0.39921875 0.05 0.1015625
13 0.72734375 0.26484375 0.0953125 0.0828125
13 0.7390625 0.2 0.109375 0.078125
53 0.5890625 0.41953125 0.134375 0.1140625
13 0.41328125 0.621875 0.0484375 0.05
13 0.40546875 0.66796875 0.0765625 0.0640625
13 0.4171875 0.55234375 0.071875 0.0640625
26 0.45234375 0.353125 0.0421875 0.03125
26 0.44375 0.37265625 0.046875 0.0265625
26 0.4265625 0.4234375 0.05 0.028125
26 0.42734375 0.40078125 0.0796875 0.0390625
26 0.42109375 0.384375 0.0578125 0.028125
26 0.43203125 0.33125 0.0671875 0.025
26 0.43515625 0.30859375 0.0484375 0.0390625
13 0.37734375 0.59609375 0.0703125 0.0609375
26 0.41875 0.346875 0.03125 0.025
26 0.4 0.434375 0.065625 0.03125
13 0.35625 0.65390625 0.05625 0.0578125
26 0.4046875 0.3609375 0.0375 0.025
26 0.409375 0.31015625 0.028125 0.0234375
84 0.2328125 0.6359375 0.0625 0.05625
86 0.2375 0.41015625 0.096875 0.0671875
84 0.20546875 0.52890625 0.0734375 0.0546875
44 0.25078125 0.29453125 0.0859375 0.0734375
44 0.2390625 0.353125 0.090625 0.06875
84 0.18515625 0.6078125 0.0796875 0.059375
84 0.19296875 0.56484375 0.0640625 0.0453125
84 0.1765625 0.64140625 0.065625 0.0359375