57 0.8359375 0.565625 0.14375 0.109375
57 0.83125 0.64453125 0.115625 0.0546875
74 0.72265625 0.22578125 0.1015625 0.0421875
74 0.721875 0.1125 0.09375 0.0625
74 0.7203125 0.17578125 0.096875 0.0546875
51 0.71875 0.55625 0.028125 0.046875
51 0.7171875 0.48359375 0.028125 0.0515625
74 0.7125 0.27265625 0.075 0.0515625
74 0.70546875 0.4140625 0.0515625 0.05625
23 0.696875 0.63125 0.05625 0.071875
23 0.69609375 0.73203125 0.0546875 0.1203125
13 0.6921875 0.5171875 0.0375 0.053125
51 0.6875 0.5671875 0.03125 0.04375
87 0.5984375 0.7375 0.071875 0.096875
74 0.4984375 0.4203125 0.09375 0.071875