65 0.9890625 0.2140625 0.021875 0.1625
51 0.4125 0.4890625 0.04375 0.065625
51 0.36328125 0.459375 0.0671875 0.08125
44 0.3640625 0.3609375 0.046875 0.0625
44 0.31171875 0.3484375 0.0734375 0.10625
13 0.15234375 0.3890625 0.0765625 0.09375
66 0.15859375 0.20546875 0.0734375 0.0828125
66 0.14296875 0.2875 0.0734375 0.084375
64 0.09609375 0.228125 0.0609375 0.09375
64 0.09375 0.1375 0.0625 0.078125
64 0.046875 0.2765625 0.075 0.09375
64 0.0421875 0.3734375 0.075 0.096875
64 0.04921875 0.1859375 0.0609375 0.09375
64 0.05390625 0.0765625 0.0671875 0.09375