84 0.13515625 0.84609375 0.1890625 0.1515625
84 0.1328125 0.72109375 0.15 0.1296875
84 0.121875 0.5984375 0.153125 0.121875
22 0.13125 0.31484375 0.1 0.3796875
26 0.38203125 0.540625 0.0703125 0.1375
79 0.37265625 0.2453125 0.1140625 0.05625
79 0.36796875 0.18828125 0.1515625 0.0890625
26 0.490625 0.49609375 0.078125 0.0828125
79 0.4515625 0.14921875 0.1 0.1015625
26 0.50546875 0.56875 0.0640625 0.06875
79 0.4703125 0.2296875 0.084375 0.06875
79 0.521875 0.11640625 0.065625 0.0421875
79 0.5390625 0.175 0.09375 0.078125
79 0.57890625 0.221875 0.0859375 0.075
79 0.6 0.12265625 0.09375 0.0703125
79 0.64140625 0.17578125 0.0859375 0.0765625
53 0.8828125 0.334375 0.234375 0.534375
53 0.91484375 0.7578125 0.1703125 0.271875