53 0.34765625 0.8515625 0.1765625 0.153125
86 0.66015625 0.828125 0.1859375 0.14375
70 0.50234375 0.871875 0.1484375 0.14375
70 0.84765625 0.7953125 0.1890625 0.146875
57 0.7578125 0.13203125 0.159375 0.1140625
57 0.0703125 0.296875 0.140625 0.109375
57 0.61953125 0.16953125 0.1578125 0.1109375
57 0.20390625 0.26875 0.1453125 0.103125
57 0.34375 0.23671875 0.153125 0.1078125
57 0.48046875 0.2046875 0.1484375 0.103125
47 0.73203125 0.38671875 0.1765625 0.0703125
47 0.328125 0.52265625 0.18125 0.0640625
47 0.728125 0.4359375 0.1625 0.06875
25 0.37890625 0.67421875 0.1765625 0.1296875