28 0.6875 0.33515625 0.04375 0.0703125
13 0.66015625 0.16484375 0.0796875 0.0671875
51 0.68515625 0.496875 0.0578125 0.05
13 0.67265625 0.4140625 0.0640625 0.053125
28 0.65078125 0.3390625 0.0390625 0.09375
13 0.60234375 0.21953125 0.0828125 0.0703125
13 0.59453125 0.15859375 0.0984375 0.0640625
53 0.515625 0.396875 0.11875 0.096875
13 0.4109375 0.62578125 0.040625 0.0453125
13 0.4140625 0.66875 0.06875 0.053125
13 0.3953125 0.56171875 0.0625 0.0546875
26 0.37578125 0.371875 0.0359375 0.025
26 0.37421875 0.3921875 0.0421875 0.021875
26 0.371875 0.4421875 0.046875 0.021875
26 0.36484375 0.421875 0.0734375 0.028125
26 0.35625 0.40859375 0.053125 0.0234375
26 0.3515625 0.35703125 0.0625 0.0171875
26 0.3484375 0.3359375 0.04375 0.03125
13 0.3703125 0.61171875 0.0625 0.0515625
26 0.34296875 0.375 0.0296875 0.021875
26 0.35 0.46015625 0.059375 0.0234375
13 0.3671875 0.6703125 0.05 0.05
26 0.33359375 0.3921875 0.0328125 0.021875
26 0.32578125 0.34453125 0.0265625 0.0203125
84 0.24921875 0.6859375 0.0546875 0.05
86 0.1953125 0.478125 0.0875 0.05625
84 0.19921875 0.59453125 0.0640625 0.0453125
44 0.17890625 0.3703125 0.0765625 0.0625
44 0.18203125 0.42578125 0.0796875 0.0578125
84 0.20078125 0.67109375 0.0703125 0.0515625
84 0.19609375 0.63203125 0.0578125 0.0359375
84 0.20078125 0.70390625 0.0609375 0.0265625