84 0.8171875 0.17734375 0.134375 0.1765625
84 0.69375 0.18671875 0.115625 0.1390625
84 0.56875 0.18828125 0.109375 0.1421875
22 0.2875 0.22890625 0.378125 0.0609375
26 0.53828125 0.4546875 0.1328125 0.05625
79 0.24453125 0.4765625 0.0453125 0.109375
79 0.1875 0.47734375 0.075 0.1453125
26 0.50703125 0.56640625 0.0765625 0.0703125
79 0.15703125 0.5640625 0.0921875 0.090625
26 0.57890625 0.57265625 0.0640625 0.0578125
79 0.23828125 0.57578125 0.0609375 0.0796875
79 0.13203125 0.6390625 0.0359375 0.0625
79 0.19296875 0.6484375 0.0703125 0.0875
79 0.24296875 0.68359375 0.0671875 0.0796875
79 0.14609375 0.71484375 0.0609375 0.0890625
79 0.203125 0.75078125 0.06875 0.0796875
53 0.38671875 0.94140625 0.5171875 0.1171875
53 0.81328125 0.94375 0.2515625 0.1125