25 0.8390625 0.15390625 0.13125 0.2578125
25 0.690625 0.40390625 0.04375 0.1796875
39 0.62421875 0.83515625 0.0765625 0.1484375
51 0.64765625 0.2609375 0.0984375 0.10625
87 0.54609375 0.8046875 0.0296875 0.103125
87 0.52578125 0.81328125 0.0328125 0.1515625
87 0.54296875 0.60625 0.0359375 0.065625
28 0.440625 0.61328125 0.05625 0.0765625
56 0.38046875 0.71328125 0.0359375 0.1890625
57 0.38671875 0.384375 0.1609375 0.1
56 0.3484375 0.68203125 0.040625 0.2421875
57 0.375 0.27578125 0.16875 0.1015625
57 0.36875 0.31484375 0.196875 0.0953125
57 0.33515625 0.23671875 0.1359375 0.1046875