28 0.48984375 0.1 0.0421875 0.146875
28 0.3984375 0.09375 0.059375 0.153125
57 0.31953125 0.86328125 0.0890625 0.0671875
63 0.32734375 0.66171875 0.0359375 0.0765625
28 0.33984375 0.1125 0.0484375 0.1
51 0.26875 0.56796875 0.03125 0.0421875
51 0.27265625 0.5234375 0.0203125 0.05625
51 0.27421875 0.47890625 0.0296875 0.0390625
51 0.25546875 0.51875 0.0328125 0.078125
57 0.20703125 0.77734375 0.0890625 0.0671875
39 0.6625 0.82734375 0.0375 0.0828125
39 0.64921875 0.9609375 0.0484375 0.078125
48 0.671875 0.50703125 0.03125 0.1359375
87 0.65078125 0.64765625 0.0234375 0.0640625
87 0.628125 0.71171875 0.021875 0.0671875
87 0.56015625 0.86796875 0.0515625 0.1328125
87 0.5359375 0.9578125 0.05625 0.084375
56 0.54296875 0.5578125 0.0328125 0.10625