57 0.15625 0.5109375 0.08125 0.23125
26 0.1859375 0.634375 0.125 0.25
51 0.3296875 0.5 0.08125 0.1
87 0.0265625 0.5203125 0.053125 0.134375
87 0.2796875 0.7953125 0.115625 0.1
51 0.4171875 0.2828125 0.090625 0.1125
45 0.353125 0.60625 0.0875 0.15
84 0.32890625 0.71796875 0.0859375 0.1046875
23 0.06953125 0.321875 0.1109375 0.175
57 0.46640625 0.6375 0.1421875 0.134375
73 0.115625 0.17421875 0.096875 0.2046875
24 0.57734375 0.73671875 0.1015625 0.1359375
50 0.678125 0.9015625 0.121875 0.06875
25 0.04375 0.684375 0.0875 0.178125
28 0.078125 0.5015625 0.10625 0.1875