87 0.2625 0.5953125 0.059375 0.103125
23 0.225 0.76953125 0.11875 0.1609375
25 0.3359375 0.4921875 0.071875 0.115625
28 0.3125 0.63046875 0.0875 0.1359375
87 0.46171875 0.36328125 0.0859375 0.1203125
26 0.43203125 0.5296875 0.0921875 0.203125
87 0.55 0.384375 0.103125 0.1375
51 0.49375 0.66875 0.075 0.09375
84 0.55625 0.4890625 0.065625 0.078125
45 0.5453125 0.5921875 0.084375 0.13125
51 0.5 0.8703125 0.08125 0.08125
57 0.65234375 0.56953125 0.1265625 0.1046875
24 0.78203125 0.50625 0.1046875 0.14375
50 0.909375 0.38359375 0.140625 0.0890625
57 0.9625 0.32890625 0.075 0.1140625