23 0.61015625 0.69140625 0.1390625 0.0984375
87 0.44765625 0.69765625 0.1015625 0.0453125
25 0.33203125 0.6546875 0.1171875 0.0625
28 0.4734375 0.64453125 0.125 0.0703125
73 0.7125 0.621875 0.1375 0.06875
26 0.35625 0.5546875 0.184375 0.065625
87 0.184375 0.56328125 0.121875 0.0796875
51 0.47734375 0.46640625 0.0859375 0.0515625
87 0.19296875 0.4734375 0.1234375 0.0875
84 0.29375 0.44375 0.08125 0.053125
51 0.665625 0.42109375 0.08125 0.0578125
45 0.39453125 0.43515625 0.1234375 0.0515625
74 0.190625 0.36328125 0.046875 0.0828125
57 0.36171875 0.33515625 0.1046875 0.1109375
24 0.2765625 0.2203125 0.11875 0.075
50 0.128125 0.1109375 0.05 0.11875
57 0.103125 0.05625 0.04375 0.071875