57 0.16015625 0.5828125 0.0484375 0.240625
26 0.21015625 0.70234375 0.0921875 0.2515625
51 0.334375 0.54140625 0.071875 0.0953125
87 0.0234375 0.61328125 0.046875 0.1359375
87 0.33125 0.85234375 0.109375 0.0890625
51 0.3890625 0.30703125 0.078125 0.1078125
45 0.375 0.64765625 0.06875 0.1484375
84 0.3703125 0.7640625 0.075 0.1
23 0.0421875 0.40078125 0.084375 0.1734375
57 0.49609375 0.66015625 0.1328125 0.1203125
73 0.06484375 0.24375 0.0703125 0.20625
24 0.62578125 0.74296875 0.0859375 0.1296875
50 0.7546875 0.8953125 0.121875 0.053125
25 0.0640625 0.77890625 0.084375 0.1765625
28 0.078125 0.5859375 0.084375 0.1875