87 0.69921875 0.1671875 0.1234375 0.071875
58 0.15625 0.11484375 0.09375 0.1234375
83 0.278125 0.14375 0.175 0.128125
28 0.48671875 0.20703125 0.2328125 0.0921875
18 0.26484375 0.271875 0.2671875 0.071875
53 0.8546875 0.3953125 0.259375 0.115625
84 0.59609375 0.3765625 0.1453125 0.05
58 0.48125 0.41171875 0.134375 0.0609375
84 0.21953125 0.4171875 0.1390625 0.065625
64 0.56640625 0.71796875 0.1140625 0.0703125
51 0.82578125 0.81953125 0.0703125 0.0421875
51 0.653125 0.79609375 0.071875 0.0390625
35 0.64375 0.0609375 0.203125 0.065625
28 0.24140625 0.059375 0.1734375 0.065625