57 0.39453125 0.70859375 0.1359375 0.1703125
85 0.8140625 0.68046875 0.2125 0.1640625
28 0.246875 0.85 0.140625 0.15625
48 0.69296875 0.74453125 0.2765625 0.1734375
87 0.0328125 0.290625 0.065625 0.1375
87 0.4515625 0.1921875 0.25625 0.18125
87 0.815625 0.10234375 0.171875 0.1171875
87 0.64921875 0.14765625 0.2140625 0.1296875
87 0.184375 0.28671875 0.240625 0.1546875
87 0.8796875 0.146875 0.121875 0.15
87 0.65703125 0.2265625 0.2078125 0.115625
87 0.45546875 0.2796875 0.2140625 0.1125
87 0.29609375 0.35859375 0.1859375 0.1484375
87 0.1234375 0.40859375 0.175 0.1515625
87 0.64453125 0.28203125 0.2078125 0.1296875
87 0.85859375 0.23203125 0.1921875 0.1328125
87 0.46328125 0.33125 0.1921875 0.1125
17 0.37578125 0.4875 0.2265625 0.159375
28 0.465625 0.53671875 0.259375 0.1828125