51 0.44609375 0.54609375 0.0265625 0.0359375
61 0.44609375 0.42578125 0.0421875 0.0546875
51 0.43671875 0.63671875 0.0296875 0.0484375
51 0.43828125 0.58515625 0.0390625 0.0515625
61 0.43984375 0.48984375 0.0328125 0.0640625
48 0.40078125 0.46328125 0.0453125 0.1359375
57 0.38828125 0.23203125 0.2265625 0.1484375
28 0.70703125 0.58046875 0.0296875 0.1171875
87 0.71015625 0.42421875 0.0296875 0.0609375
87 0.69296875 0.39296875 0.0328125 0.0640625
87 0.68515625 0.46328125 0.0359375 0.0640625
87 0.68046875 0.51328125 0.0359375 0.0453125
51 0.68828125 0.2390625 0.0671875 0.084375
28 0.6703125 0.69609375 0.034375 0.0890625
87 0.66875 0.39921875 0.025 0.0765625
87 0.6484375 0.46328125 0.040625 0.0703125
28 0.64453125 0.51796875 0.0359375 0.0421875
48 0.58984375 0.6828125 0.0203125 0.08125
28 0.5578125 0.49375 0.06875 0.05625
28 0.52265625 0.66328125 0.0390625 0.1171875