57 0.36484375 0.40546875 0.1234375 0.1578125
85 0.72890625 0.2578125 0.1984375 0.15
28 0.18125 0.346875 0.128125 0.14375
48 0.60078125 0.253125 0.2578125 0.15625
87 0.19921875 0.92109375 0.1328125 0.1265625
87 0.62421875 0.81640625 0.2390625 0.1609375
87 0.94296875 0.74296875 0.1140625 0.1046875
87 0.809375 0.7734375 0.2 0.115625
87 0.36015625 0.84765625 0.2234375 0.1390625
87 0.97421875 0.67890625 0.0515625 0.1390625
87 0.7828125 0.703125 0.19375 0.103125
87 0.590625 0.7421875 0.2 0.1
87 0.425 0.740625 0.171875 0.134375
87 0.25859375 0.76953125 0.1609375 0.1390625
87 0.75 0.66328125 0.19375 0.1171875
87 0.9296875 0.6140625 0.140625 0.121875
87 0.57734375 0.6953125 0.1796875 0.1
17 0.43828125 0.59921875 0.2109375 0.1421875
28 0.49296875 0.52109375 0.2390625 0.1640625