51 0.51953125 0.55859375 0.0390625 0.0328125
61 0.40234375 0.53359375 0.0609375 0.0515625
51 0.60703125 0.58671875 0.0515625 0.0390625
51 0.55703125 0.57578125 0.0578125 0.0484375
61 0.4625 0.55390625 0.06875 0.0453125
48 0.4296875 0.5859375 0.140625 0.071875
57 0.2 0.5515625 0.190625 0.25
28 0.6078125 0.31171875 0.11875 0.0515625
87 0.45546875 0.27578125 0.0640625 0.0421875
87 0.4203125 0.28515625 0.06875 0.0453125
87 0.4875 0.30859375 0.06875 0.0484375
87 0.5359375 0.3234375 0.05 0.04375
51 0.26953125 0.25859375 0.0953125 0.0828125
28 0.71328125 0.37109375 0.0921875 0.0515625
87 0.42265625 0.31171875 0.0796875 0.0390625
87 0.4796875 0.3453125 0.075 0.053125
28 0.53359375 0.359375 0.0484375 0.04375
48 0.68359375 0.44765625 0.0828125 0.0359375
28 0.4921875 0.4390625 0.06875 0.078125
28 0.64921875 0.50859375 0.1203125 0.0609375