57 0.3828125 0.64609375 0.15 0.1078125
85 0.284375 0.2578125 0.128125 0.1875
28 0.296875 0.82265625 0.134375 0.1140625
48 0.26171875 0.3875 0.1265625 0.253125
87 0.87734375 0.88515625 0.1171875 0.1203125
87 0.8328125 0.44296875 0.1375 0.2296875
87 0.8078125 0.0875 0.0875 0.153125
87 0.81640625 0.24921875 0.0921875 0.1953125
87 0.82578125 0.7125 0.1140625 0.21875
87 0.746875 0.04375 0.13125 0.0875
87 0.7421875 0.26796875 0.078125 0.1921875
87 0.75234375 0.46484375 0.0765625 0.1984375
87 0.72890625 0.6328125 0.1171875 0.1625
87 0.734375 0.80390625 0.121875 0.1515625
87 0.6953125 0.29453125 0.09375 0.1890625
87 0.67578125 0.08515625 0.1015625 0.1703125
87 0.703125 0.4734375 0.078125 0.178125
17 0.58828125 0.5984375 0.1203125 0.203125
28 0.51640625 0.5328125 0.1390625 0.23125