57 0.9328125 0.66640625 0.134375 0.1078125
51 0.21640625 0.65703125 0.0296875 0.0859375
87 0.32578125 0.3953125 0.0359375 0.1625
87 0.33203125 0.2609375 0.0546875 0.0875
87 0.34453125 0.27578125 0.0484375 0.0921875
28 0.3484375 0.0859375 0.090625 0.121875
28 0.36796875 0.225 0.0578125 0.159375
28 0.38125 0.38046875 0.040625 0.1328125
25 0.38984375 0.5421875 0.0390625 0.140625
13 0.5609375 0.48828125 0.040625 0.0984375
13 0.58984375 0.49765625 0.0578125 0.1046875
27 0.60078125 0.19375 0.0796875 0.215625