24 0.278125 0.6302083333333334 0.08385416666666666 0.06927083333333334
24 0.1796875 0.6302083333333334 0.08645833333333333 0.07552083333333333
4 0.221875 0.4552083333333333 0.2953125 0.0953125
3 0.7020833333333333 0.3536458333333333 0.15677083333333333 0.11666666666666667
3 0.5442708333333334 0.35625 0.1640625 0.11875
24 0.371875 0.634375 0.09635416666666667 0.07135416666666666
24 0.08854166666666667 0.6286458333333333 0.0953125 0.06458333333333334
24 0.225 0.5833333333333334 0.09635416666666667 0.05
24 0.42604166666666665 0.5760416666666667 0.08645833333333333 0.06302083333333333
4 0.6307291666666667 0.6130208333333333 0.21354166666666666 0.1109375
6 0.40625 0.7911458333333333 0.05416666666666667 0.15260416666666668
6 0.49583333333333335 0.7973958333333333 0.06770833333333333 0.17135416666666667
6 0.4479166666666667 0.8078125 0.053125 0.18229166666666666
0 0.2484375 0.828125 0.2203125 0.096875
