11 0.06197916666666667 0.26458333333333334 0.12395833333333334 0.07291666666666667
11 0.0640625 0.32916666666666666 0.128125 0.07291666666666667
12 0.26614583333333336 0.25885416666666666 0.08541666666666667 0.12395833333333334
10 0.6296875 0.5953125 0.12604166666666666 0.259375
14 0.55 0.33177083333333335 0.041666666666666664 0.13958333333333334
14 0.5244791666666667 0.3296875 0.036458333333333336 0.1375
21 0.5572916666666666 0.6677083333333333 0.05625 0.075
0 0.43645833333333334 0.7796875 0.036458333333333336 0.05
0 0.4817708333333333 0.7567708333333333 0.03958333333333333 0.04895833333333333
0 0.459375 0.7223958333333333 0.029166666666666667 0.03125
23 0.4088541666666667 0.6890625 0.05 0.04375
23 0.4005208333333333 0.7182291666666667 0.05520833333333333 0.046875
0 0.4666666666666667 0.79375 0.027083333333333334 0.04479166666666667
0 0.446875 0.7473958333333334 0.034375 0.03333333333333333
23 0.1890625 0.7760416666666666 0.05 0.05416666666666667
24 0.2625 0.8645833333333334 0.04895833333333333 0.06145833333333333
24 0.24427083333333333 0.91875 0.04791666666666667 0.06458333333333334
24 0.3125 0.8520833333333333 0.04791666666666667 0.07291666666666667
3 0.35885416666666664 0.3619791666666667 0.11458333333333333 0.1
6 0.31614583333333335 0.39895833333333336 0.022916666666666665 0.03958333333333333
