11 0.5640625 0.34010416666666665 0.0671875 0.036458333333333336
11 0.5630208333333333 0.3645833333333333 0.0671875 0.027083333333333334
11 0.5640625 0.3885416666666667 0.06510416666666667 0.0265625
11 0.6270833333333333 0.3338541666666667 0.05677083333333333 0.030208333333333334
11 0.6286458333333333 0.36041666666666666 0.05572916666666667 0.029166666666666667
11 0.6270833333333333 0.3875 0.059375 0.027083333333333334
14 0.13645833333333332 0.25625 0.12239583333333333 0.125
12 0.45729166666666665 0.3880208333333333 0.057291666666666664 0.03125
6 0.6239583333333333 0.6197916666666666 0.046875 0.036458333333333336
3 0.5234375 0.5005208333333333 0.09010416666666667 0.059375
