0 0.40572916666666664 0.5208333333333334 0.06875 0.034895833333333334
0 0.3807291666666667 0.5739583333333333 0.06458333333333334 0.03333333333333333
0 0.41822916666666665 0.5520833333333334 0.05416666666666667 0.030208333333333334
21 0.30104166666666665 0.546875 0.06875 0.04114583333333333
21 0.33541666666666664 0.525 0.04583333333333333 0.030729166666666665
21 0.296875 0.5890625 0.06666666666666667 0.04010416666666667
21 0.35520833333333335 0.609375 0.052083333333333336 0.04583333333333333
13 0.5958333333333333 0.4588541666666667 0.044270833333333336 0.0265625
11 0.9411458333333333 0.35104166666666664 0.10364583333333334 0.09322916666666667
11 0.9197916666666667 0.41458333333333336 0.09479166666666666 0.04791666666666667
