0 0.8861111111111111 0.375 0.21666666666666667 0.06333333333333334
0 0.9 0.315 0.2 0.07
0 0.8 0.43166666666666664 0.17777777777777778 0.06333333333333334
0 0.7444444444444445 0.35 0.11666666666666667 0.07333333333333333
0 0.6416666666666667 0.4083333333333333 0.11666666666666667 0.09666666666666666
0 0.6527777777777778 0.40166666666666667 0.12777777777777777 0.11333333333333333
0 0.775 0.2733333333333333 0.17222222222222222 0.07333333333333333
0 0.7055555555555556 0.6183333333333333 0.5444444444444444 0.36333333333333334
3 0.7055555555555556 0.6183333333333333 0.5555555555555556 0.36333333333333334
11 0.41944444444444445 0.5166666666666667 0.12777777777777777 0.05333333333333334
11 0.44722222222222224 0.465 0.1388888888888889 0.06333333333333334
11 0.4444444444444444 0.4033333333333333 0.14444444444444443 0.05333333333333334
