11 0.2859375 0.3302083333333333 0.259375 0.08125
24 0.040625 0.35989583333333336 0.08125 0.059375
13 0.4317708333333333 0.47552083333333334 0.08541666666666667 0.035416666666666666
10 0.3338541666666667 0.7197916666666667 0.11041666666666666 0.15416666666666667
14 0.6708333333333333 0.2989583333333333 0.06458333333333334 0.020833333333333332
24 0.8729166666666667 0.25 0.06979166666666667 0.03229166666666667
20 0.8619791666666666 0.2703125 0.10833333333333334 0.026041666666666668
10 0.9046875 0.33489583333333334 0.06666666666666667 0.053125
0 0.7390625 0.3640625 0.05520833333333333 0.035416666666666666
3 0.6197916666666666 0.4421875 0.11354166666666667 0.06875
21 0.9125 0.43333333333333335 0.05520833333333333 0.029166666666666667
14 0.7796875 0.465625 0.06979166666666667 0.025
13 0.7895833333333333 0.4348958333333333 0.078125 0.04479166666666667
14 0.6229166666666667 0.48020833333333335 0.05520833333333333 0.017708333333333333
0 0.6645833333333333 0.47291666666666665 0.03125 0.023958333333333335
4 0.8515625 0.54375 0.19270833333333334 0.04375
25 0.884375 0.5151041666666667 0.11145833333333334 0.04583333333333333
13 0.7203125 0.546875 0.10416666666666667 0.05
