12 0.6083333333333333 0.19947916666666668 0.17916666666666667 0.1390625
13 0.38385416666666666 0.2546875 0.15260416666666668 0.019791666666666666
13 0.09322916666666667 0.25 0.18645833333333334 0.027083333333333334
24 0.2390625 0.21822916666666667 0.15260416666666668 0.09322916666666667
24 0.15520833333333334 0.21458333333333332 0.06666666666666667 0.06927083333333334
6 0.16145833333333334 0.4005208333333333 0.17760416666666667 0.06302083333333333
21 0.48802083333333335 0.4036458333333333 0.11614583333333334 0.06458333333333334
4 0.6380208333333334 0.3932291666666667 0.1828125 0.09791666666666667
14 0.7588541666666667 0.3265625 0.084375 0.0984375
14 0.7848958333333333 0.37395833333333334 0.14270833333333333 0.0671875
14 0.7963541666666667 0.42291666666666666 0.14479166666666668 0.0328125
13 0.18177083333333333 0.5479166666666667 0.15208333333333332 0.121875
25 0.3671875 0.5328125 0.1828125 0.05364583333333333
25 0.3536458333333333 0.5770833333333333 0.17916666666666667 0.051041666666666666
20 0.6088541666666667 0.5604166666666667 0.17135416666666667 0.10833333333333334
0 0.6604166666666667 0.5828125 0.09114583333333333 0.057291666666666664
0 0.7625 0.5848958333333333 0.10052083333333334 0.05520833333333333
0 0.73125 0.5453125 0.1015625 0.0421875
