25 0.20520833333333333 0.3296875 0.29739583333333336 0.12291666666666666
13 0.19635416666666666 0.3958333333333333 0.22291666666666668 0.022395833333333334
21 0.5375 0.3515625 0.14166666666666666 0.075
14 0.20729166666666668 0.5203125 0.1984375 0.08229166666666667
14 0.2515625 0.5578125 0.18229166666666666 0.06302083333333333
24 0.9380208333333333 0.5010416666666667 0.1234375 0.09375
3 0.5932291666666667 0.48489583333333336 0.2911458333333333 0.14739583333333334
4 0.7802083333333333 0.721875 0.296875 0.11927083333333334
6 0.840625 0.6619791666666667 0.21458333333333332 0.0609375
20 0.5239583333333333 0.703125 0.21875 0.09166666666666666
13 0.48489583333333336 0.6703125 0.209375 0.07135416666666666
12 0.375 0.6203125 0.10208333333333333 0.09739583333333333
0 0.6276041666666666 0.6348958333333333 0.08645833333333333 0.0328125
0 0.6723958333333333 0.61875 0.09114583333333333 0.0203125
