11 0.26510416666666664 0.3489583333333333 0.103125 0.04583333333333333
13 0.1625 0.6520833333333333 0.203125 0.121875
10 0.16302083333333334 0.8546875 0.271875 0.13854166666666667
3 0.6020833333333333 0.6541666666666667 0.15416666666666667 0.059375
4 0.7729166666666667 0.37135416666666665 0.11354166666666667 0.06041666666666667
12 0.7463541666666667 0.26927083333333335 0.10208333333333333 0.078125
13 0.6166666666666667 0.3104166666666667 0.065625 0.01875
24 0.5479166666666667 0.2984375 0.084375 0.05625
24 0.5020833333333333 0.3 0.042708333333333334 0.04375
13 0.4708333333333333 0.325 0.09895833333333333 0.022916666666666665
6 0.5067708333333333 0.4010416666666667 0.09583333333333334 0.042708333333333334
21 0.6880208333333333 0.38385416666666666 0.06770833333333333 0.040625
14 0.8692708333333333 0.378125 0.07916666666666666 0.023958333333333335
14 0.8630208333333333 0.35 0.07708333333333334 0.04791666666666667
14 0.8447916666666667 0.3265625 0.04895833333333333 0.058333333333333334
13 0.5161458333333333 0.49270833333333336 0.0875 0.06354166666666666
25 0.6223958333333334 0.46979166666666666 0.109375 0.041666666666666664
25 0.6197916666666666 0.49947916666666664 0.10729166666666666 0.03854166666666667
20 0.7765625 0.475 0.11979166666666667 0.07291666666666667
0 0.8697916666666666 0.4817708333333333 0.06145833333333333 0.0375
0 0.8057291666666667 0.4875 0.059375 0.035416666666666666
0 0.8583333333333333 0.4625 0.0625 0.028125
