0 0.6895833333333333 0.6484375 0.07395833333333333 0.04375
0 0.7567708333333333 0.6463541666666667 0.065625 0.041666666666666664
13 0.5026041666666666 0.65 0.15520833333333334 0.06458333333333334
10 0.18333333333333332 0.8567708333333334 0.23541666666666666 0.18854166666666666
10 0.3151041666666667 0.734375 0.14479166666666668 0.171875
14 0.05572916666666667 0.53125 0.11145833333333334 0.13958333333333334
21 0.3932291666666667 0.3145833333333333 0.08645833333333333 0.046875
4 0.6380208333333334 0.18958333333333333 0.21979166666666666 0.07916666666666666
12 0.47291666666666665 0.296875 0.10833333333333334 0.0875
13 0.7375 0.31979166666666664 0.115625 0.030208333333333334
3 0.5890625 0.41875 0.20833333333333334 0.09166666666666666
24 0.7307291666666667 0.5223958333333333 0.08333333333333333 0.053125
20 0.5692708333333333 0.5104166666666666 0.19166666666666668 0.05625
25 0.46875 0.5354166666666667 0.184375 0.07395833333333333
