11 0.2171875 0.46927083333333336 0.07291666666666667 0.03229166666666667
10 0.434375 0.8432291666666667 0.15833333333333333 0.13229166666666667
24 0.5921875 0.3453125 0.0765625 0.0375
20 0.6890625 0.32083333333333336 0.12760416666666666 0.04635416666666667
4 0.5645833333333333 0.4515625 0.09479166666666666 0.04739583333333333
21 0.6713541666666667 0.42552083333333335 0.059375 0.033854166666666664
12 0.7036458333333333 0.4015625 0.11458333333333333 0.07395833333333333
24 0.6395833333333333 0.48854166666666665 0.06354166666666666 0.0375
24 0.7104166666666667 0.48333333333333334 0.07239583333333334 0.034895833333333334
10 0.6578125 0.5302083333333333 0.08177083333333333 0.06197916666666667
0 0.7796875 0.5213541666666667 0.0546875 0.03125
11 0.8458333333333333 0.4942708333333333 0.09166666666666666 0.06770833333333333
6 0.9479166666666666 0.6229166666666667 0.10416666666666667 0.03333333333333333
24 0.7463541666666667 0.29322916666666665 0.0640625 0.0484375
14 0.6270833333333333 0.31927083333333334 0.10364583333333334 0.035416666666666666
3 0.7963541666666667 0.3729166666666667 0.10572916666666667 0.06979166666666667
