10 0.17864583333333334 0.26614583333333336 0.19114583333333332 0.1296875
25 0.3848958333333333 0.3078125 0.275 0.1046875
20 0.6338541666666667 0.3640625 0.17552083333333332 0.046875
6 0.15729166666666666 0.4635416666666667 0.16614583333333333 0.04114583333333333
4 0.37135416666666665 0.484375 0.24739583333333334 0.07604166666666666
12 0.5885416666666666 0.45364583333333336 0.15260416666666668 0.09895833333333333
24 0.6791666666666667 0.48125 0.08020833333333334 0.0671875
13 0.7041666666666667 0.5588541666666667 0.3984375 0.065625
13 0.4546875 0.5510416666666667 0.22916666666666666 0.058333333333333334
14 0.2265625 0.6635416666666667 0.18385416666666668 0.06822916666666666
0 0.3177083333333333 0.6151041666666667 0.09895833333333333 0.03333333333333333
0 0.32864583333333336 0.5838541666666667 0.090625 0.042708333333333334
6 0.6729166666666667 0.7197916666666667 0.18177083333333333 0.0609375
21 0.7161458333333334 0.6848958333333334 0.090625 0.058333333333333334
3 0.5229166666666667 0.6432291666666666 0.3385416666666667 0.12135416666666667
13 0.09791666666666667 0.8989583333333333 0.06666666666666667 0.030208333333333334
13 0.375 0.9598958333333333 0.2125 0.0796875
