10 0.80625 0.7130208333333333 0.13229166666666667 0.17916666666666667
10 0.6828125 0.696875 0.14166666666666666 0.14583333333333334
11 0.7515625 0.25677083333333334 0.06145833333333333 0.041666666666666664
11 0.8364583333333333 0.25104166666666666 0.03854166666666667 0.03125
25 0.4510416666666667 0.6322916666666667 0.16145833333333334 0.06145833333333333
13 0.259375 0.6317708333333333 0.109375 0.05
24 0.24114583333333334 0.5375 0.07291666666666667 0.042708333333333334
24 0.23072916666666668 0.5203125 0.06145833333333333 0.025
21 0.5270833333333333 0.4473958333333333 0.051041666666666666 0.03229166666666667
20 0.38177083333333334 0.5395833333333333 0.0875 0.036458333333333336
6 0.3260416666666667 0.5442708333333334 0.09583333333333334 0.026041666666666668
6 0.3020833333333333 0.525 0.07708333333333334 0.03854166666666667
12 0.5239583333333333 0.428125 0.07083333333333333 0.051041666666666666
3 0.2520833333333333 0.4276041666666667 0.13125 0.08541666666666667
11 0.35104166666666664 0.35208333333333336 0.11875 0.042708333333333334
14 0.4 0.35572916666666665 0.07604166666666666 0.03333333333333333
14 0.46927083333333336 0.359375 0.06666666666666667 0.022916666666666665
13 0.5192708333333333 0.27708333333333335 0.08541666666666667 0.013541666666666667
