3 0.41875 0.19427083333333334 0.22916666666666666 0.11354166666666667
21 0.5614583333333333 0.2015625 0.115625 0.0625
0 0.26875 0.39375 0.084375 0.04791666666666667
6 0.5130208333333334 0.35885416666666664 0.15416666666666667 0.04479166666666667
25 0.6369791666666667 0.325 0.13020833333333334 0.058333333333333334
14 0.8505208333333333 0.46875 0.11354166666666667 0.049479166666666664
20 0.4546875 0.5395833333333333 0.23020833333333332 0.0515625
24 0.6317708333333333 0.4890625 0.10260416666666666 0.059895833333333336
12 0.6291666666666667 0.44427083333333334 0.0828125 0.03697916666666667
13 0.5875 0.4484375 0.14635416666666667 0.12864583333333332
13 0.596875 0.7765625 0.10052083333333334 0.03802083333333333
13 0.8213541666666667 0.7328125 0.21510416666666668 0.0671875
13 0.73125 0.3234375 0.1234375 0.022395833333333334
