3 0.22916666666666666 0.265625 0.3260416666666667 0.109375
25 0.6989583333333333 0.23958333333333334 0.31302083333333336 0.06510416666666667
12 0.7260416666666667 0.17708333333333334 0.15 0.06041666666666667
21 0.21875 0.43125 0.10885416666666667 0.05364583333333333
14 0.31302083333333336 0.42083333333333334 0.09427083333333333 0.043229166666666666
24 0.4078125 0.40572916666666664 0.11614583333333334 0.07135416666666666
0 0.7203125 0.3671875 0.09114583333333333 0.036458333333333336
0 0.7927083333333333 0.34270833333333334 0.10416666666666667 0.046875
24 0.5791666666666667 0.56875 0.10572916666666667 0.07135416666666666
14 0.6567708333333333 0.5515625 0.09114583333333333 0.0578125
20 0.46458333333333335 0.5635416666666667 0.13541666666666666 0.0671875
4 0.3328125 0.5697916666666667 0.1515625 0.0984375
6 0.7390625 0.7380208333333333 0.17916666666666667 0.0546875
13 0.44479166666666664 0.7369791666666666 0.134375 0.059375
6 0.6791666666666667 0.7020833333333333 0.05364583333333333 0.0546875
