14 0.7270833333333333 0.7140625 0.19479166666666667 0.14166666666666666
14 0.7109375 0.6302083333333334 0.1625 0.084375
24 0.8869791666666667 0.23385416666666667 0.14583333333333334 0.07291666666666667
13 0.3302083333333333 0.5640625 0.15729166666666666 0.06666666666666667
6 0.44947916666666665 0.46979166666666666 0.041666666666666664 0.029166666666666667
6 0.4421875 0.453125 0.036458333333333336 0.017708333333333333
0 0.390625 0.45677083333333335 0.075 0.03958333333333333
25 0.25364583333333335 0.45364583333333336 0.190625 0.07708333333333334
3 0.3109375 0.4197916666666667 0.23541666666666666 0.128125
14 0.5546875 0.3458333333333333 0.13645833333333332 0.04791666666666667
6 0.48854166666666665 0.3140625 0.08645833333333333 0.040625
20 0.4901041666666667 0.33177083333333335 0.12083333333333333 0.036458333333333336
24 0.4036458333333333 0.30833333333333335 0.09479166666666666 0.059375
0 0.2421875 0.30104166666666665 0.0625 0.05416666666666667
21 0.31197916666666664 0.30833333333333335 0.10416666666666667 0.059375
12 0.3390625 0.2869791666666667 0.053125 0.04791666666666667
4 0.30520833333333336 0.16510416666666666 0.08541666666666667 0.05416666666666667
