0 0.375 0.19895833333333332 0.1125 0.0453125
0 0.5244791666666667 0.1859375 0.10572916666666667 0.04583333333333333
20 0.7880208333333333 0.19010416666666666 0.15885416666666666 0.052083333333333336
24 0.3453125 0.3390625 0.13125 0.07447916666666667
24 0.46979166666666666 0.33645833333333336 0.11458333333333333 0.07135416666666666
24 0.5369791666666667 0.3171875 0.1234375 0.0640625
4 0.359375 0.5458333333333333 0.16770833333333332 0.0515625
6 0.4979166666666667 0.5385416666666667 0.08697916666666666 0.0515625
14 0.6036458333333333 0.515625 0.10677083333333333 0.058333333333333334
14 0.5911458333333334 0.5546875 0.10677083333333333 0.025520833333333333
21 0.7296875 0.6885416666666667 0.11927083333333334 0.05520833333333333
25 0.36302083333333335 0.828125 0.23020833333333332 0.07239583333333334
3 0.5151041666666667 0.665625 0.3296875 0.11458333333333333
13 0.71875 0.840625 0.10885416666666667 0.04791666666666667
13 0.1859375 0.3515625 0.18958333333333333 0.04114583333333333
13 0.7776041666666667 0.521875 0.13229166666666667 0.08854166666666667
