24 0.4734375 0.18697916666666667 0.11354166666666667 0.06510416666666667
0 0.3572916666666667 0.19947916666666668 0.09479166666666666 0.028645833333333332
0 0.4 0.18072916666666666 0.053125 0.0390625
12 0.7291666666666666 0.16822916666666668 0.1421875 0.09427083333333333
21 0.1796875 0.3651041666666667 0.10572916666666667 0.05260416666666667
14 0.296875 0.36614583333333334 0.13802083333333334 0.030208333333333334
4 0.39947916666666666 0.3625 0.34270833333333334 0.06927083333333334
13 0.6723958333333333 0.37864583333333335 0.3177083333333333 0.0328125
3 0.5447916666666667 0.47291666666666665 0.225 0.1015625
14 0.61875 0.521875 0.153125 0.052083333333333336
6 0.7640625 0.5078125 0.15208333333333332 0.090625
20 0.39895833333333336 0.5286458333333334 0.15 0.04791666666666667
24 0.3546875 0.6567708333333333 0.1125 0.0703125
25 0.6963541666666667 0.3458333333333333 0.14791666666666667 0.04791666666666667
