12 0.3098958333333333 0.47760416666666666 0.06354166666666666 0.06510416666666667
11 0.37395833333333334 0.5338541666666666 0.06354166666666666 0.04739583333333333
14 0.5859375 0.49375 0.06875 0.04583333333333333
14 0.6182291666666667 0.48854166666666665 0.053125 0.042708333333333334
14 0.5927083333333333 0.5239583333333333 0.06822916666666666 0.04010416666666667
14 0.5369791666666667 0.4979166666666667 0.04791666666666667 0.0375
10 0.7494791666666667 0.6552083333333333 0.096875 0.12604166666666666
24 0.3890625 0.7458333333333333 0.044270833333333336 0.03125
24 0.421875 0.7625 0.043229166666666666 0.03333333333333333
6 0.44947916666666665 0.7744791666666667 0.07916666666666666 0.04791666666666667
13 0.31302083333333336 0.5911458333333334 0.06302083333333333 0.03229166666666667
13 0.3171875 0.6078125 0.06197916666666667 0.0203125
4 0.259375 0.9130208333333333 0.08125 0.042708333333333334
23 0.41875 0.8088541666666667 0.03125 0.027083333333333334
23 0.39010416666666664 0.8161458333333333 0.030729166666666665 0.0265625
23 0.3765625 0.7942708333333334 0.025 0.0140625
