4 0.62421875 0.47890625 0.1125 0.0390625
14 0.6265625 0.5609375 0.153125 0.05625
7 0.63984375 0.60234375 0.20625 0.0984375
16 0.4125 0.62265625 0.16875 0.0484375
10 0.67421875 0.82578125 0.103125 0.1609375
2 0.3890625 0.84609375 0.1453125 0.0953125
20 0.5625 0.8875 0.1890625 0.09375
25 0.753125 0.92734375 0.2171875 0.121875
26 0.53984375 0.95390625 0.1953125 0.075
1 0.67890625 0.18515625 0.11875 0.0546875
0 0.4921875 0.2125 0.159375 0.059375
24 0.40078125 0.43984375 0.1796875 0.05625
13 0.421875 0.44921875 0.134375 0.059375
4 0.74453125 0.46875 0.125 0.0734375
