10 0.8661458333333333 0.9052083333333333 0.159375 0.14166666666666666
11 0.6520833333333333 0.3380208333333333 0.12447916666666667 0.044270833333333336
11 0.6635416666666667 0.37552083333333336 0.1078125 0.035416666666666666
11 0.6583333333333333 0.4078125 0.10104166666666667 0.0375
24 0.48541666666666666 0.5385416666666667 0.04114583333333333 0.028645833333333332
24 0.525 0.5348958333333333 0.0390625 0.026041666666666668
12 0.4708333333333333 0.2734375 0.06875 0.06302083333333333
12 0.4713541666666667 0.215625 0.0671875 0.058333333333333334
4 0.525 0.6895833333333333 0.09791666666666667 0.0390625
12 0.7901041666666667 0.5020833333333333 0.08645833333333333 0.0546875
