4 0.17916666666666667 0.19270833333333334 0.22083333333333333 0.16197916666666667
24 0.0640625 0.2942708333333333 0.128125 0.08645833333333333
24 0.3109375 0.30416666666666664 0.10729166666666666 0.08333333333333333
24 0.2109375 0.2671875 0.1140625 0.07135416666666666
24 0.11458333333333333 0.27395833333333336 0.0828125 0.06197916666666667
24 0.4432291666666667 0.42083333333333334 0.12135416666666667 0.08958333333333333
24 0.42916666666666664 0.3807291666666667 0.10885416666666667 0.05625
24 0.46458333333333335 0.3703125 0.07395833333333333 0.052083333333333336
24 0.44114583333333335 0.34479166666666666 0.0859375 0.028125
14 0.5734375 0.3333333333333333 0.11145833333333334 0.0546875
11 0.89375 0.3703125 0.21197916666666666 0.159375
12 0.19947916666666668 0.7380208333333333 0.1375 0.09375
3 0.19375 0.3572916666666667 0.23020833333333332 0.11875
12 0.7338541666666667 0.5255208333333333 0.1453125 0.11770833333333333
