23 0.28541666666666665 0.6046875 0.050520833333333334 0.035416666666666666
23 0.171875 0.6515625 0.05677083333333333 0.0484375
24 0.22395833333333334 0.6572916666666667 0.057291666666666664 0.040625
24 0.2604166666666667 0.6901041666666666 0.050520833333333334 0.0375
11 0.31927083333333334 0.21979166666666666 0.1078125 0.03802083333333333
12 0.053125 0.19791666666666666 0.10572916666666667 0.058333333333333334
0 0.5057291666666667 0.6473958333333333 0.041666666666666664 0.03125
0 0.5421875 0.6421875 0.0375 0.03333333333333333
0 0.40520833333333334 0.6442708333333333 0.050520833333333334 0.0421875
10 0.821875 0.915625 0.23333333333333334 0.16875
