12 0.8972222222222223 0.5216666666666666 0.15555555555555556 0.043333333333333335
24 0.8972222222222223 0.64 0.20555555555555555 0.06666666666666667
20 0.6277777777777778 0.6633333333333333 0.14444444444444443 0.04
23 0.6555555555555556 0.5966666666666667 0.13333333333333333 0.04666666666666667
24 0.4583333333333333 0.49666666666666665 0.1388888888888889 0.05333333333333334
10 0.14166666666666666 0.665 0.2722222222222222 0.06333333333333334
8 0.2222222222222222 0.49333333333333335 0.23333333333333334 0.09333333333333334
3 0.06388888888888888 0.4533333333333333 0.12777777777777777 0.09333333333333334
24 0.4388888888888889 0.5416666666666666 0.16666666666666666 0.056666666666666664
20 0.6333333333333333 0.6883333333333334 0.2111111111111111 0.02
20 0.6555555555555556 0.7083333333333334 0.17777777777777778 0.03333333333333333
13 0.42777777777777776 0.305 0.4 0.08666666666666667
13 0.30833333333333335 0.23833333333333334 0.5944444444444444 0.07666666666666666
