0 0.24444444444444444 0.72 0.19444444444444445 0.07666666666666666
0 0.2722222222222222 0.6333333333333333 0.18888888888888888 0.04666666666666667
0 0.24722222222222223 0.6733333333333333 0.17777777777777778 0.04
21 0.2638888888888889 0.5616666666666666 0.2833333333333333 0.09333333333333334
13 0.08611111111111111 0.6816666666666666 0.17222222222222222 0.10333333333333333
13 0.09444444444444444 0.5966666666666667 0.18888888888888888 0.11333333333333333
12 0.06666666666666667 0.4766666666666667 0.13333333333333333 0.04
12 0.075 0.52 0.15 0.04
6 0.8277777777777777 0.6783333333333333 0.18888888888888888 0.16333333333333333
6 0.6722222222222223 0.675 0.1111111111111111 0.13666666666666666
