3 0.43125 0.6854166666666667 0.3770833333333333 0.21770833333333334
4 0.2520833333333333 0.6953125 0.28229166666666666 0.16458333333333333
25 0.6364583333333333 0.765625 0.2635416666666667 0.140625
4 0.3859375 0.5109375 0.178125 0.04479166666666667
20 0.8177083333333334 0.5354166666666667 0.175 0.16666666666666666
4 0.225 0.3625 0.06770833333333333 0.0375
14 0.35885416666666664 0.3567708333333333 0.20625 0.07395833333333333
12 0.32447916666666665 0.30833333333333335 0.14583333333333334 0.084375
6 0.8713541666666667 0.2171875 0.15416666666666667 0.042708333333333334
20 0.6958333333333333 0.2125 0.24791666666666667 0.04375
24 0.65 0.18229166666666666 0.15520833333333334 0.09270833333333334
21 0.4671875 0.1875 0.15416666666666667 0.08229166666666667
24 0.23020833333333332 0.18229166666666666 0.125 0.078125
6 0.20208333333333334 0.20416666666666666 0.08854166666666667 0.029166666666666667
6 0.29322916666666665 0.20208333333333334 0.08854166666666667 0.03958333333333333
13 0.3802083333333333 0.53125 0.12395833333333334 0.027083333333333334
13 0.5322916666666667 0.534375 0.22395833333333334 0.071875
