14 0.10677083333333333 0.346875 0.18802083333333333 0.027083333333333334
4 0.6078125 0.3223958333333333 0.20729166666666668 0.0375
0 0.7578125 0.3234375 0.06770833333333333 0.029166666666666667
0 0.73125 0.4109375 0.06197916666666667 0.03229166666666667
21 0.6635416666666667 0.4114583333333333 0.05572916666666667 0.033854166666666664
14 0.5848958333333333 0.4161458333333333 0.103125 0.0328125
25 0.5072916666666667 0.5229166666666667 0.07708333333333334 0.027604166666666666
13 0.5020833333333333 0.5015625 0.07291666666666667 0.015625
13 0.6088541666666667 0.5046875 0.12135416666666667 0.0515625
14 0.6380208333333334 0.5265625 0.06770833333333333 0.021875
0 0.6994791666666667 0.51875 0.05677083333333333 0.030729166666666665
3 0.6921875 0.38385416666666666 0.18958333333333333 0.07447916666666667
6 0.5197916666666667 0.6286458333333333 0.11666666666666667 0.03177083333333333
20 0.4786458333333333 0.6229166666666667 0.11145833333333334 0.0515625
24 0.5401041666666667 0.6848958333333334 0.06614583333333333 0.0390625
24 0.46197916666666666 0.6911458333333333 0.06770833333333333 0.035416666666666666
24 0.4942708333333333 0.6630208333333333 0.07291666666666667 0.021875
13 0.7520833333333333 0.6817708333333333 0.059375 0.022916666666666665
