14 0.0625 0.7390625 0.07916666666666666 0.10104166666666667
13 0.46979166666666666 0.5125 0.1109375 0.021875
24 0.5317708333333333 0.5760416666666667 0.07760416666666667 0.040625
24 0.6 0.5734375 0.06354166666666666 0.03854166666666667
24 0.6661458333333333 0.5734375 0.06666666666666667 0.034895833333333334
3 0.5229166666666667 0.6442708333333333 0.18854166666666666 0.07916666666666666
13 0.7072916666666667 0.6598958333333333 0.10104166666666667 0.023958333333333335
25 0.47760416666666666 0.4375 0.153125 0.04114583333333333
12 0.5359375 0.4708333333333333 0.0703125 0.057291666666666664
10 0.728125 0.425 0.08229166666666667 0.033854166666666664
21 0.7411458333333333 0.4640625 0.058333333333333334 0.028645833333333332
13 0.48489583333333336 0.39479166666666665 0.12083333333333333 0.03333333333333333
0 0.6229166666666667 0.37864583333333335 0.06041666666666667 0.027083333333333334
0 0.6921875 0.38125 0.0671875 0.03333333333333333
14 0.7666666666666667 0.37604166666666666 0.09322916666666667 0.0453125
14 0.5791666666666667 0.38229166666666664 0.04114583333333333 0.0171875
6 0.44375 0.3151041666666667 0.08854166666666667 0.018229166666666668
6 0.6104166666666667 0.3046875 0.1078125 0.021875
4 0.7338541666666667 0.28802083333333334 0.15104166666666666 0.05
