20 0.13489583333333333 0.31927083333333334 0.07916666666666666 0.042708333333333334
6 0.55625 0.35625 0.134375 0.041666666666666664
4 0.39114583333333336 0.3494791666666667 0.19270833333333334 0.041666666666666664
0 0.5927083333333333 0.47708333333333336 0.06875 0.04479166666666667
24 0.48020833333333335 0.46145833333333336 0.08229166666666667 0.05
14 0.39895833333333336 0.46041666666666664 0.10520833333333333 0.071875
21 0.4583333333333333 0.49947916666666664 0.08854166666666667 0.05625
3 0.6322916666666667 0.65 0.2677083333333333 0.17708333333333334
12 0.484375 0.31614583333333335 0.12291666666666666 0.08020833333333334
24 0.35104166666666664 0.3067708333333333 0.0875 0.0625
