24 0.3703125 0.34010416666666665 0.057291666666666664 0.040625
24 0.3223958333333333 0.3416666666666667 0.05 0.03854166666666667
12 0.715625 0.31927083333333334 0.07916666666666666 0.07395833333333333
6 0.5083333333333333 0.41354166666666664 0.058333333333333334 0.017708333333333333
6 0.45729166666666665 0.4161458333333333 0.034375 0.014583333333333334
24 0.3796875 0.40989583333333335 0.053125 0.034375
20 0.4192708333333333 0.49947916666666664 0.09270833333333334 0.03125
21 0.571875 0.40677083333333336 0.04375 0.027083333333333334
3 0.3802083333333333 0.5489583333333333 0.13645833333333332 0.06458333333333334
13 0.5177083333333333 0.5645833333333333 0.090625 0.0375
10 0.625 0.6661458333333333 0.09166666666666666 0.13020833333333334
14 0.7651041666666667 0.47239583333333335 0.12083333333333333 0.08125
11 0.6411458333333333 0.3416666666666667 0.078125 0.03229166666666667
