25 0.825 0.41302083333333334 0.315625 0.09375
12 0.365625 0.35520833333333335 0.15416666666666667 0.128125
14 0.17760416666666667 0.34375 0.18229166666666666 0.052083333333333336
14 0.18072916666666666 0.3828125 0.20104166666666667 0.04895833333333333
24 0.703125 0.5614583333333333 0.14375 0.08854166666666667
4 0.41354166666666664 0.5354166666666667 0.271875 0.078125
3 0.5463541666666667 0.6760416666666667 0.23333333333333334 0.10520833333333333
10 0.30833333333333335 0.7114583333333333 0.2 0.125
21 0.4546875 0.7442708333333333 0.11354166666666667 0.06770833333333333
11 0.3880208333333333 0.6713541666666667 0.115625 0.07916666666666666
0 0.10833333333333334 0.6916666666666667 0.109375 0.06041666666666667
0 0.17291666666666666 0.7265625 0.11458333333333333 0.04791666666666667
20 0.5729166666666666 0.7380208333333333 0.13958333333333334 0.04583333333333333
13 0.16770833333333332 0.5645833333333333 0.24895833333333334 0.04895833333333333
