13 0.4125 0.7598958333333333 0.1 0.03854166666666667
13 0.0609375 0.671875 0.1 0.052083333333333336
13 0.6307291666666667 0.721875 0.2 0.0640625
20 0.5890625 0.6177083333333333 0.25052083333333336 0.0421875
0 0.2765625 0.509375 0.09791666666666667 0.0421875
4 0.40260416666666665 0.5046875 0.16614583333333333 0.030208333333333334
14 0.7010416666666667 0.47552083333333334 0.08802083333333334 0.033854166666666664
24 0.33125 0.46979166666666666 0.1 0.04635416666666667
12 0.25364583333333335 0.4708333333333333 0.10520833333333333 0.0609375
0 0.17916666666666667 0.34375 0.09270833333333334 0.04010416666666667
25 0.25 0.340625 0.0875 0.034895833333333334
11 0.29375 0.2916666666666667 0.18645833333333334 0.0734375
14 0.33489583333333334 0.315625 0.11666666666666667 0.03177083333333333
14 0.3484375 0.33645833333333336 0.103125 0.0328125
6 0.584375 0.321875 0.16302083333333334 0.03229166666666667
10 0.721875 0.284375 0.1265625 0.0828125
21 0.25 0.221875 0.0984375 0.053125
4 0.36354166666666665 0.2359375 0.22135416666666666 0.034895833333333334
