10 0.14166666666666666 0.36666666666666664 0.16145833333333334 0.08697916666666666
4 0.2828125 0.3729166666666667 0.12708333333333333 0.036458333333333336
14 0.6020833333333333 0.3015625 0.18541666666666667 0.05364583333333333
14 0.5963541666666666 0.33541666666666664 0.17083333333333334 0.03697916666666667
20 0.471875 0.49375 0.1625 0.027083333333333334
6 0.628125 0.465625 0.13958333333333334 0.036458333333333336
21 0.42864583333333334 0.6364583333333333 0.08489583333333334 0.046875
3 0.6520833333333333 0.5833333333333334 0.22864583333333333 0.11979166666666667
13 0.7442708333333333 0.4427083333333333 0.16927083333333334 0.0359375
0 0.8135416666666667 0.5484375 0.08125 0.03697916666666667
0 0.8052083333333333 0.5713541666666667 0.0625 0.025520833333333333
13 0.3515625 0.6770833333333334 0.05520833333333333 0.029166666666666667
