11 0.3890625 0.3463541666666667 0.08333333333333333 0.022916666666666665
10 0.29375 0.7317708333333334 0.0984375 0.12864583333333332
10 0.21666666666666667 0.7307291666666667 0.09427083333333333 0.1515625
0 0.790625 0.3333333333333333 0.065625 0.033854166666666664
0 0.8546875 0.33489583333333334 0.06666666666666667 0.03177083333333333
14 0.7369791666666666 0.3453125 0.05520833333333333 0.013541666666666667
11 0.6833333333333333 0.3411458333333333 0.15833333333333333 0.0328125
14 0.7010416666666667 0.43125 0.15104166666666666 0.028125
12 0.8692708333333333 0.4015625 0.084375 0.029166666666666667
14 0.7760416666666666 0.4114583333333333 0.06875 0.034895833333333334
14 0.7953125 0.440625 0.04739583333333333 0.008333333333333333
3 0.8411458333333334 0.53125 0.128125 0.07239583333333334
13 0.8479166666666667 0.6854166666666667 0.084375 0.030729166666666665
