24 0.7223958333333333 0.5166666666666667 0.11666666666666667 0.06354166666666666
21 0.5901041666666667 0.4942708333333333 0.09895833333333333 0.029166666666666667
12 0.5088541666666667 0.47552083333333334 0.11875 0.06354166666666666
20 0.27447916666666666 0.5260416666666666 0.20104166666666667 0.057291666666666664
13 0.30520833333333336 0.5046875 0.078125 0.027083333333333334
13 0.4244791666666667 0.5401041666666667 0.25625 0.059375
14 0.5447916666666667 0.36875 0.12395833333333334 0.06041666666666667
14 0.6807291666666667 0.3848958333333333 0.153125 0.040625
0 0.7505208333333333 0.3411458333333333 0.09375 0.027083333333333334
0 0.7145833333333333 0.32447916666666665 0.06458333333333334 0.04791666666666667
25 0.3645833333333333 0.35 0.2125 0.07291666666666667
24 0.20104166666666667 0.3484375 0.13333333333333333 0.08333333333333333
6 0.6942708333333333 0.2203125 0.1375 0.040625
13 0.8505208333333333 0.240625 0.18125 0.01875
4 0.20572916666666666 0.1859375 0.17395833333333333 0.057291666666666664
3 0.4395833333333333 0.171875 0.32083333333333336 0.121875
