14 0.16770833333333332 0.49635416666666665 0.07291666666666667 0.075
12 0.14375 0.2942708333333333 0.12291666666666666 0.09739583333333333
10 0.24947916666666667 0.7765625 0.15208333333333332 0.15052083333333333
10 0.3734375 0.7052083333333333 0.10572916666666667 0.15
13 0.49635416666666665 0.5666666666666667 0.11979166666666667 0.041666666666666664
3 0.6557291666666667 0.5348958333333333 0.17135416666666667 0.07395833333333333
25 0.7067708333333333 0.35625 0.10572916666666667 0.0609375
24 0.39375 0.3880208333333333 0.06822916666666666 0.04114583333333333
21 0.44479166666666664 0.3890625 0.0515625 0.034375
4 0.6546875 0.29010416666666666 0.07395833333333333 0.0375
6 0.5354166666666667 0.48489583333333336 0.0390625 0.027604166666666666
6 0.5880208333333333 0.4703125 0.04114583333333333 0.0125
6 0.653125 0.48072916666666665 0.04895833333333333 0.016145833333333335
20 0.6046875 0.48072916666666665 0.10260416666666666 0.028645833333333332
