10 0.19947916666666668 0.4791666666666667 0.08385416666666666 0.1234375
20 0.5947916666666667 0.37083333333333335 0.08854166666666667 0.018229166666666668
4 0.4239583333333333 0.43645833333333334 0.06822916666666666 0.025
21 0.5072916666666667 0.43333333333333335 0.041666666666666664 0.025520833333333333
6 0.6296875 0.4348958333333333 0.05364583333333333 0.025520833333333333
14 0.6614583333333334 0.4036458333333333 0.03854166666666667 0.03854166666666667
14 0.678125 0.421875 0.05677083333333333 0.0265625
14 0.6848958333333334 0.44114583333333335 0.05416666666666667 0.013541666666666667
0 0.47291666666666665 0.5213541666666667 0.043229166666666666 0.021875
0 0.5 0.5171875 0.035416666666666666 0.025520833333333333
24 0.5447916666666667 0.5182291666666666 0.0484375 0.029166666666666667
24 0.5739583333333333 0.5119791666666667 0.04583333333333333 0.03333333333333333
3 0.459375 0.5723958333333333 0.10416666666666667 0.06302083333333333
11 0.36354166666666665 0.37552083333333336 0.04010416666666667 0.027604166666666666
25 0.42083333333333334 0.3671875 0.07239583333333334 0.023958333333333335
13 0.509375 0.37083333333333335 0.04635416666666667 0.0171875
24 0.5197916666666667 0.5015625 0.0484375 0.014583333333333334
25 0.4270833333333333 0.5182291666666666 0.05260416666666667 0.03125
12 0.4625 0.4166666666666667 0.06458333333333334 0.03125
