13 0.23229166666666667 0.6036458333333333 0.12447916666666667 0.10364583333333334
10 0.22760416666666666 0.803125 0.17083333333333334 0.11458333333333333
24 0.39947916666666666 0.3046875 0.06875 0.041666666666666664
12 0.565625 0.29583333333333334 0.07291666666666667 0.058333333333333334
6 0.36354166666666665 0.4 0.029166666666666667 0.015104166666666667
21 0.5213541666666667 0.39010416666666664 0.051041666666666666 0.03125
4 0.590625 0.39114583333333336 0.08229166666666667 0.0296875
14 0.6619791666666667 0.3953125 0.0546875 0.013541666666666667
14 0.6552083333333333 0.37447916666666664 0.05677083333333333 0.028125
14 0.628125 0.35208333333333336 0.05 0.04479166666666667
20 0.5453125 0.47552083333333334 0.05520833333333333 0.05416666666666667
0 0.5880208333333333 0.4859375 0.044270833333333336 0.023958333333333335
0 0.6385416666666667 0.4828125 0.04895833333333333 0.026041666666666668
25 0.43125 0.4630208333333333 0.09270833333333334 0.029166666666666667
25 0.4265625 0.49114583333333334 0.08802083333333334 0.025520833333333333
13 0.4557291666666667 0.31927083333333334 0.0578125 0.013020833333333334
11 0.3067708333333333 0.321875 0.04791666666666667 0.033854166666666664
3 0.40572916666666664 0.6223958333333334 0.11458333333333333 0.06197916666666667
