24 0.746875 0.18177083333333333 0.178125 0.115625
13 0.8953125 0.20729166666666668 0.16354166666666667 0.040625
12 0.3338541666666667 0.19114583333333332 0.21458333333333332 0.17604166666666668
6 0.8416666666666667 0.3776041666666667 0.20416666666666666 0.08645833333333333
13 0.6067708333333334 0.23645833333333333 0.13333333333333333 0.030208333333333334
21 0.4953125 0.41354166666666664 0.12708333333333333 0.08541666666666667
4 0.334375 0.4171875 0.234375 0.12291666666666666
14 0.17552083333333332 0.35260416666666666 0.103125 0.11979166666666667
14 0.15052083333333333 0.40729166666666666 0.16041666666666668 0.09166666666666666
14 0.14270833333333333 0.4661458333333333 0.16145833333333334 0.05
13 0.8255208333333334 0.5479166666666667 0.17395833333333333 0.12604166666666666
25 0.6171875 0.5432291666666667 0.21875 0.07708333333333334
25 0.6447916666666667 0.5885416666666666 0.20625 0.07083333333333333
20 0.365625 0.5984375 0.2 0.134375
0 0.30885416666666665 0.6270833333333333 0.11458333333333333 0.07395833333333333
0 0.1953125 0.6421875 0.11979166666666667 0.06979166666666667
0 0.22552083333333334 0.5973958333333333 0.11458333333333333 0.05625
3 0.7046875 0.834375 0.28854166666666664 0.12395833333333334
