13 0.6098958333333333 0.4166666666666667 0.20416666666666666 0.0203125
14 0.7598958333333333 0.3734375 0.096875 0.08489583333333334
14 0.3640625 0.39479166666666665 0.0875 0.050520833333333334
13 0.6291666666666667 0.25677083333333334 0.07447916666666667 0.015104166666666667
20 0.6614583333333334 0.2546875 0.33229166666666665 0.028645833333333332
4 0.6489583333333333 0.5567708333333333 0.15572916666666667 0.0734375
12 0.790625 0.5473958333333333 0.13229166666666667 0.08697916666666666
6 0.34010416666666665 0.6703125 0.1203125 0.051041666666666666
6 0.49895833333333334 0.7223958333333333 0.121875 0.04010416666666667
21 0.5869791666666667 0.7145833333333333 0.09427083333333333 0.0578125
25 0.35625 0.6973958333333333 0.16041666666666668 0.07239583333333334
3 0.42083333333333334 0.8041666666666667 0.2791666666666667 0.11510416666666666
