20 0.6677083333333333 0.3546875 0.178125 0.03229166666666667
6 0.5083333333333333 0.34479166666666666 0.12083333333333333 0.03125
0 0.2760416666666667 0.3109375 0.08541666666666667 0.04583333333333333
0 0.5932291666666667 0.4765625 0.07604166666666666 0.03333333333333333
21 0.5072916666666667 0.47552083333333334 0.09375 0.042708333333333334
12 0.5557291666666667 0.43802083333333336 0.071875 0.057291666666666664
4 0.35052083333333334 0.5526041666666667 0.246875 0.052083333333333336
3 0.5963541666666666 0.5526041666666667 0.16041666666666668 0.0625
25 0.35989583333333336 0.7072916666666667 0.14166666666666666 0.06979166666666667
13 0.5046875 0.5817708333333333 0.190625 0.06458333333333334
