3 0.3671875 0.1625 0.38229166666666664 0.15520833333333334
13 0.34375 0.5609375 0.2947916666666667 0.08958333333333333
25 0.34010416666666665 0.746875 0.29375 0.159375
0 0.6104166666666667 0.7932291666666667 0.128125 0.07447916666666667
0 0.7588541666666667 0.7958333333333333 0.12708333333333333 0.06510416666666667
14 0.5447916666666667 0.5572916666666666 0.15052083333333333 0.07291666666666667
6 0.625 0.5473958333333333 0.052083333333333336 0.04635416666666667
21 0.5895833333333333 0.509375 0.0890625 0.043229166666666666
10 0.7890625 0.5640625 0.14010416666666667 0.10520833333333333
13 0.8348958333333333 0.6083333333333333 0.08958333333333333 0.05
14 0.7515625 0.43645833333333334 0.26458333333333334 0.11145833333333334
14 0.578125 0.42916666666666664 0.1875 0.07552083333333333
20 0.528125 0.3828125 0.3338541666666667 0.0671875
4 0.5927083333333333 0.3567708333333333 0.29322916666666665 0.06458333333333334
