4 0.7322916666666667 0.41510416666666666 0.3234375 0.0546875
11 0.2859375 0.4432291666666667 0.37395833333333334 0.08645833333333333
3 0.37916666666666665 0.39427083333333335 0.2703125 0.11979166666666667
12 0.6489583333333333 0.21979166666666666 0.13072916666666667 0.0828125
25 0.6041666666666666 0.23541666666666666 0.153125 0.042708333333333334
14 0.5979166666666667 0.26197916666666665 0.18645833333333334 0.04114583333333333
14 0.45364583333333336 0.2598958333333333 0.1921875 0.07395833333333333
14 0.296875 0.6286458333333333 0.1171875 0.05260416666666667
21 0.403125 0.6072916666666667 0.09270833333333334 0.05260416666666667
20 0.5041666666666667 0.5973958333333333 0.1828125 0.04114583333333333
6 0.7322916666666667 0.571875 0.11458333333333333 0.057291666666666664
0 0.8151041666666666 0.5776041666666667 0.11770833333333333 0.0359375
0 0.8578125 0.5505208333333333 0.11302083333333333 0.053125
