24 0.05 0.23958333333333334 0.078125 0.10520833333333333
13 0.6786458333333333 0.1375 0.21041666666666667 0.06354166666666666
20 0.2994791666666667 0.32864583333333336 0.17395833333333333 0.065625
6 0.46197916666666666 0.3182291666666667 0.15520833333333334 0.04375
12 0.4109375 0.2640625 0.13333333333333333 0.09791666666666667
4 0.5692708333333333 0.28854166666666664 0.24791666666666667 0.06458333333333334
0 0.7317708333333334 0.2598958333333333 0.09479166666666666 0.05520833333333333
3 0.6177083333333333 0.40729166666666666 0.209375 0.11354166666666667
21 0.5192708333333333 0.45625 0.1125 0.04791666666666667
0 0.4161458333333333 0.45729166666666665 0.08958333333333333 0.046875
13 0.5598958333333334 0.5661458333333333 0.21770833333333334 0.08125
25 0.7098958333333333 0.6479166666666667 0.15416666666666667 0.06979166666666667
