21 0.2921875 0.38177083333333334 0.11458333333333333 0.05
20 0.32864583333333336 0.4088541666666667 0.20208333333333334 0.04895833333333333
14 0.6229166666666667 0.3963541666666667 0.153125 0.0625
14 0.6265625 0.43697916666666664 0.125 0.03958333333333333
6 0.21770833333333334 0.5760416666666667 0.09375 0.041666666666666664
4 0.6723958333333333 0.5651041666666666 0.228125 0.084375
0 0.8 0.6369791666666667 0.11458333333333333 0.058333333333333334
25 0.653125 0.6255208333333333 0.15625 0.05520833333333333
3 0.35833333333333334 0.7015625 0.3645833333333333 0.15833333333333333
13 0.728125 0.9177083333333333 0.146875 0.11145833333333334
24 0.4114583333333333 0.8588541666666667 0.11458333333333333 0.08020833333333334
24 0.5286458333333334 0.8854166666666666 0.10729166666666666 0.08333333333333333
12 0.7765625 0.41041666666666665 0.1625 0.10208333333333333
13 0.4864583333333333 0.2359375 0.134375 0.06458333333333334
13 0.840625 0.4578125 0.125 0.03333333333333333
11 0.8369791666666667 0.2552083333333333 0.06041666666666667 0.046875
