10 0.3260416666666667 0.7442708333333333 0.159375 0.09635416666666667
24 0.4973958333333333 0.30520833333333336 0.06354166666666666 0.0375
12 0.6557291666666667 0.2916666666666667 0.0703125 0.057291666666666664
6 0.4583333333333333 0.3885416666666667 0.0625 0.028125
21 0.6171875 0.3828125 0.04583333333333333 0.028125
4 0.6854166666666667 0.37864583333333335 0.08385416666666666 0.03125
14 0.7260416666666667 0.34322916666666664 0.041666666666666664 0.04479166666666667
14 0.740625 0.3625 0.0640625 0.029166666666666667
14 0.7546875 0.38385416666666666 0.0625 0.015625
25 0.5427083333333333 0.45260416666666664 0.08958333333333333 0.027083333333333334
25 0.5375 0.47760416666666666 0.08385416666666666 0.022916666666666665
20 0.6588541666666666 0.4625 0.065625 0.04895833333333333
0 0.6927083333333334 0.471875 0.04479166666666667 0.024479166666666666
0 0.7166666666666667 0.4546875 0.04635416666666667 0.0140625
0 0.74375 0.46875 0.05 0.025
13 0.3182291666666667 0.5708333333333333 0.1265625 0.08854166666666667
3 0.5213541666666667 0.6015625 0.12083333333333333 0.0609375
11 0.3848958333333333 0.3229166666666667 0.04375 0.030208333333333334
24 0.4515625 0.3046875 0.041666666666666664 0.022395833333333334
