10 0.7354166666666667 0.5223958333333333 0.18229166666666666 0.21979166666666666
4 0.4921875 0.6567708333333333 0.13645833333333332 0.06666666666666667
4 0.3494791666666667 0.5963541666666666 0.11458333333333333 0.06145833333333333
4 0.5161458333333333 0.6885416666666667 0.10625 0.046875
4 0.37083333333333335 0.6989583333333333 0.19583333333333333 0.07083333333333333
0 0.20416666666666666 0.6135416666666667 0.16979166666666667 0.05520833333333333
6 0.1953125 0.5921875 0.08854166666666667 0.023958333333333335
13 0.24947916666666667 0.2484375 0.11875 0.028125
13 0.0890625 0.24166666666666667 0.0375 0.04479166666666667
10 0.9265625 0.5723958333333333 0.146875 0.21145833333333333
10 0.4859375 0.48802083333333335 0.10208333333333333 0.12708333333333333
10 0.11979166666666667 0.4979166666666667 0.0875 0.090625
20 0.7375 0.2265625 0.2 0.040625
