12 0.6364583333333333 0.3807291666666667 0.1 0.08854166666666667
12 0.7348958333333333 0.3854166666666667 0.10416666666666667 0.09166666666666666
11 0.6671875 0.5088541666666667 0.175 0.059375
23 0.42552083333333335 0.7302083333333333 0.05 0.042708333333333334
23 0.37135416666666665 0.728125 0.057291666666666664 0.0375
0 0.275 0.7197916666666667 0.05625 0.03958333333333333
24 0.53125 0.7322916666666667 0.053125 0.04375
0 0.43854166666666666 0.33229166666666665 0.04895833333333333 0.025
0 0.3890625 0.32760416666666664 0.05 0.027083333333333334
0 0.3489583333333333 0.3296875 0.034375 0.016666666666666666
6 0.4984375 0.36354166666666665 0.052083333333333336 0.034375
6 0.5010416666666667 0.3921875 0.034375 0.03333333333333333
6 0.4015625 0.6864583333333333 0.09375 0.029166666666666667
