12 0.3723958333333333 0.37135416666666665 0.09479166666666666 0.08229166666666667
12 0.2734375 0.3692708333333333 0.09895833333333333 0.08489583333333334
11 0.3328125 0.4973958333333333 0.17239583333333333 0.04791666666666667
23 0.5583333333333333 0.7348958333333333 0.04739583333333333 0.03958333333333333
23 0.6125 0.7364583333333333 0.05520833333333333 0.03333333333333333
0 0.709375 0.7348958333333333 0.05364583333333333 0.0359375
24 0.45260416666666664 0.7296875 0.05 0.04010416666666667
0 0.5729166666666666 0.33697916666666666 0.04739583333333333 0.021875
0 0.6229166666666667 0.3359375 0.0484375 0.023958333333333335
0 0.6625 0.340625 0.033854166666666664 0.014583333333333334
6 0.5109375 0.3640625 0.05 0.030729166666666665
6 0.50625 0.3921875 0.03177083333333333 0.03125
6 0.5854166666666667 0.6927083333333334 0.09270833333333334 0.022395833333333334
