8 0.21484375 0.04296875 0.24375 0.046875
10 0.4546875 0.0328125 0.184375 0.065625
13 0.2125 0.14609375 0.1109375 0.0640625
14 0.58515625 0.07578125 0.171875 0.0796875
14 0.7234375 0.1703125 0.1859375 0.0875
13 0.265625 0.459375 0.0890625 0.065625
12 0.5765625 0.1828125 0.0703125 0.0484375
4 0.55703125 0.4375 0.1453125 0.0484375
2 0.5109375 0.403125 0.109375 0.05
8 0.56171875 0.5359375 0.1375 0.0625
8 0.44765625 0.54453125 0.1 0.0625
10 0.784375 0.67890625 0.1890625 0.175
2 0.58203125 0.63046875 0.1640625 0.0671875
14 0.921875 0.2046875 0.1125 0.0796875
