10 0.8041666666666667 0.4703125 0.10208333333333333 0.14791666666666667
10 0.7213541666666666 0.27760416666666665 0.11145833333333334 0.14166666666666666
11 0.578125 0.40260416666666665 0.15208333333333332 0.0375
11 0.5755208333333334 0.43385416666666665 0.14895833333333333 0.035416666666666666
11 0.7015625 0.4395833333333333 0.090625 0.03333333333333333
0 0.5333333333333333 0.6817708333333333 0.052083333333333336 0.029166666666666667
0 0.6380208333333334 0.7052083333333333 0.04791666666666667 0.03229166666666667
23 0.515625 0.7135416666666666 0.03125 0.021875
6 0.5708333333333333 0.6453125 0.026041666666666668 0.026041666666666668
6 0.5989583333333334 0.646875 0.028125 0.022916666666666665
6 0.6239583333333333 0.646875 0.026041666666666668 0.021875
13 0.7276041666666667 0.38333333333333336 0.05 0.03229166666666667
0 0.5875 0.3703125 0.171875 0.03958333333333333
