14 0.62109375 0.55859375 0.15625 0.0578125
7 0.63671875 0.60234375 0.2015625 0.1046875
10 0.6609375 0.82578125 0.090625 0.1609375
10 0.7453125 0.8296875 0.0921875 0.16875
16 0.5453125 0.8625 0.1140625 0.05
25 0.75625 0.93515625 0.2125 0.1265625
2 0.534375 0.93359375 0.1640625 0.1125
20 0.35234375 0.93828125 0.190625 0.096875
1 0.80234375 0.2078125 0.1375 0.0921875
0 0.6625 0.21953125 0.1578125 0.0671875
4 0.47890625 0.215625 0.2125 0.059375
24 0.40625 0.44375 0.178125 0.0765625
13 0.72265625 0.4625 0.1515625 0.0640625
