14 0.6203125 0.5625 0.1546875 0.05625
7 0.63671875 0.60078125 0.203125 0.09375
10 0.7546875 0.82578125 0.0890625 0.1625
10 0.671875 0.82421875 0.0984375 0.1671875
16 0.559375 0.86171875 0.1203125 0.0515625
25 0.7671875 0.93046875 0.2078125 0.13125
2 0.5375 0.92734375 0.171875 0.1171875
20 0.36015625 0.94140625 0.1859375 0.096875
1 0.8015625 0.20546875 0.13125 0.0921875
4 0.47421875 0.21328125 0.2203125 0.0578125
0 0.6578125 0.21640625 0.159375 0.065625
24 0.396875 0.43515625 0.153125 0.059375
13 0.4234375 0.4546875 0.1359375 0.059375
