4 0.61875 0.45859375 0.1125 0.0484375
14 0.59921875 0.5671875 0.1765625 0.1046875
25 0.45078125 0.61328125 0.296875 0.134375
10 0.79765625 0.78828125 0.11875 0.1578125
2 0.44140625 0.85390625 0.165625 0.0796875
10 0.846875 0.81328125 0.128125 0.1859375
20 0.81484375 0.8828125 0.1953125 0.1578125
27 0.59921875 0.91796875 0.14375 0.0859375
1 0.6359375 0.17890625 0.1578125 0.1171875
0 0.45859375 0.21796875 0.171875 0.0828125
24 0.39921875 0.45703125 0.1875 0.0828125
4 0.7421875 0.428125 0.1484375 0.0828125
