4 0.621875 0.47109375 0.1078125 0.0359375
14 0.5921875 0.57734375 0.1671875 0.0890625
25 0.4390625 0.60703125 0.2859375 0.1046875
10 0.765625 0.81796875 0.103125 0.1453125
2 0.40546875 0.84609375 0.1609375 0.0640625
10 0.8125 0.84765625 0.109375 0.175
20 0.77265625 0.9140625 0.1828125 0.1390625
27 0.5546875 0.9265625 0.1359375 0.071875
1 0.66875 0.19453125 0.1453125 0.1015625
0 0.48828125 0.21484375 0.1671875 0.065625
24 0.40390625 0.446875 0.18125 0.0640625
4 0.7484375 0.45390625 0.1421875 0.06875
