14 0.61953125 0.56171875 0.15625 0.0609375
7 0.63671875 0.60078125 0.20625 0.1015625
10 0.7546875 0.82578125 0.0953125 0.165625
10 0.671875 0.82421875 0.1046875 0.1703125
16 0.559375 0.86171875 0.121875 0.05625
25 0.7671875 0.93046875 0.2125 0.1390625
2 0.53828125 0.92734375 0.1765625 0.1234375
20 0.36015625 0.94140625 0.1890625 0.103125
1 0.80078125 0.2046875 0.134375 0.096875
4 0.475 0.2140625 0.221875 0.065625
0 0.65859375 0.2171875 0.1609375 0.071875
24 0.39765625 0.434375 0.1546875 0.0640625
13 0.4234375 0.45546875 0.1375 0.0640625
