3 0.31328125 0.87421875 0.12890625 0.08984375
3 0.459375 0.84140625 0.1140625 0.0828125
3 0.6140625 0.85390625 0.1359375 0.10703125
3 0.75390625 0.84765625 0.11953125 0.1078125
3 0.90625 0.85 0.14375 0.0875
3 0.2296875 0.70859375 0.10859375 0.05234375
3 0.39921875 0.72265625 0.17421875 0.08984375
3 0.55703125 0.71875 0.14375 0.0875
3 0.74296875 0.71875 0.10703125 0.08046875
3 0.88046875 0.71171875 0.1328125 0.0796875
3 0.74453125 0.5859375 0.2171875 0.078125
3 0.1875 0.5546875 0.146875 0.078125
3 0.3453125 0.54609375 0.125 0.053125
3 0.90546875 0.5484375 0.1890625 0.0640625
3 0.74375 0.41171875 0.14375 0.11015625
3 0.909375 0.415625 0.1578125 0.11015625
3 0.57421875 0.3921875 0.18046875 0.1
