27 0.03828125 0.10625 0.0328125 0.040625
27 0.21875 0.10234375 0.075 0.0546875
27 0.14609375 0.10234375 0.0484375 0.0484375
27 0.09609375 0.1078125 0.046875 0.05
27 0.16796875 0.1953125 0.0484375 0.04375
27 0.05625 0.20703125 0.053125 0.05
27 0.009375 0.2046875 0.01875 0.040625
27 0.1375 0.21953125 0.0203125 0.021875
27 0.25 0.21640625 0.053125 0.0453125
27 0.43515625 0.33125 0.0796875 0.05
27 0.5359375 0.340625 0.084375 0.0546875
27 0.05625 0.3984375 0.0625 0.0328125
27 0.0640625 0.35390625 0.059375 0.028125
27 0.0046875 0.38125 0.009375 0.028125
27 0.02734375 0.38671875 0.04375 0.0203125
27 0.0828125 0.3796875 0.046875 0.025
27 0.15703125 0.384375 0.0578125 0.0203125
27 0.215625 0.4265625 0.0796875 0.0375
27 0.1921875 0.409375 0.0859375 0.0296875
27 0.13828125 0.4125 0.028125 0.0234375
27 0.18515625 0.390625 0.071875 0.025
27 0.24765625 0.37890625 0.0265625 0.015625
27 0.359375 0.4234375 0.0828125 0.040625
27 0.29375 0.44453125 0.078125 0.028125
27 0.30625 0.3875 0.059375 0.0203125
27 0.5796875 0.2015625 0.096875 0.0375
27 0.453125 0.08046875 0.08125 0.0328125
27 0.48203125 0.28359375 0.0546875 0.0234375
27 0.146875 0.309375 0.0828125 0.0234375
27 0.15546875 0.32890625 0.065625 0.0203125
27 0.19765625 0.34140625 0.0625 0.0234375
27 0.21328125 0.30546875 0.0484375 0.021875
27 0.815625 0.0328125 0.06875 0.059375
27 0.71171875 0.1984375 0.1203125 0.0453125
27 0.90546875 0.20390625 0.1390625 0.0671875
27 0.6859375 0.3546875 0.115625 0.059375
27 0.840625 0.3671875 0.153125 0.071875
27 0.83984375 0.31796875 0.1 0.0390625
27 0.984375 0.38828125 0.021875 0.05
27 0.8484375 0.5234375 0.134375 0.0765625
27 0.96796875 0.55390625 0.0640625 0.0703125
27 0.7015625 0.47734375 0.115625 0.065625
27 0.6359375 0.678125 0.078125 0.0546875
27 0.68671875 0.7375 0.0734375 0.0515625
27 0.75078125 0.79609375 0.0796875 0.0640625
27 0.53828125 0.74921875 0.0765625 0.065625
27 0.44453125 0.69921875 0.0859375 0.0625
27 0.39453125 0.65546875 0.1 0.05625
27 0.98828125 0.9046875 0.0234375 0.053125
