27 0.059375 0.0828125 0.03125 0.03828125
27 0.23984375 0.08828125 0.071875 0.05078125
27 0.1671875 0.084375 0.046875 0.0453125
27 0.1171875 0.0875 0.04453125 0.04765625
27 0.184375 0.178125 0.046875 0.04140625
27 0.071875 0.184375 0.05 0.046875
27 0.0171875 0.1796875 0.034375 0.0390625
27 0.15234375 0.20078125 0.01953125 0.02109375
27 0.26484375 0.20390625 0.0515625 0.0421875
27 0.44375 0.328125 0.07734375 0.0453125
27 0.54453125 0.34296875 0.08125 0.05078125
27 0.0625 0.375 0.06171875 0.0296875
27 0.07265625 0.33125 0.05859375 0.025
27 0.0078125 0.35625 0.015625 0.0265625
27 0.03359375 0.3625 0.0421875 0.01796875
27 0.08984375 0.3578125 0.0453125 0.02265625
27 0.16328125 0.36640625 0.05703125 0.01796875
27 0.21953125 0.41171875 0.078125 0.0328125
27 0.19765625 0.39375 0.084375 0.02578125
27 0.14296875 0.39375 0.02734375 0.02265625
27 0.19140625 0.37421875 0.07109375 0.02109375
27 0.2546875 0.365625 0.02578125 0.01484375
27 0.36328125 0.41640625 0.08125 0.0359375
27 0.296875 0.43359375 0.0765625 0.0234375
27 0.3125 0.37734375 0.05859375 0.01796875
27 0.5953125 0.20625 0.09609375 0.03203125
27 0.475 0.07890625 0.0796875 0.028125
27 0.49375 0.2828125 0.05390625 0.02109375
27 0.15703125 0.29140625 0.08125 0.01875
27 0.16484375 0.3109375 0.0640625 0.0171875
27 0.20625 0.32578125 0.06171875 0.0203125
27 0.22421875 0.290625 0.04765625 0.01953125
27 0.83984375 0.05 0.06640625 0.05546875
27 0.72734375 0.21015625 0.11796875 0.0390625
27 0.9203125 0.22578125 0.13671875 0.06015625
27 0.69296875 0.36484375 0.1125 0.05390625
27 0.846875 0.38515625 0.14921875 0.0640625
27 0.84921875 0.3359375 0.0984375 0.034375
27 0.98984375 0.4140625 0.01953125 0.04921875
27 0.846875 0.54140625 0.13046875 0.0703125
27 0.9671875 0.57890625 0.065625 0.0671875
27 0.70234375 0.48828125 0.1125 0.059375
27 0.6265625 0.68515625 0.07578125 0.0515625
27 0.67421875 0.746875 0.07109375 0.0484375
27 0.73515625 0.80859375 0.0765625 0.06015625
27 0.525 0.75078125 0.07265625 0.06171875
27 0.434375 0.69609375 0.0828125 0.05859375
27 0.38671875 0.65 0.09765625 0.05078125
27 0.978125 0.93046875 0.04375 0.0515625
