11 0.16302083333333334 0.5270833333333333 0.09583333333333334 0.06458333333333334
11 0.15833333333333333 0.5802083333333333 0.1 0.05520833333333333
24 0.3151041666666667 0.6223958333333334 0.051041666666666666 0.028125
24 0.32083333333333336 0.6411458333333333 0.046875 0.025
0 0.20208333333333334 0.7489583333333333 0.125 0.04791666666666667
0 0.3385416666666667 0.7322916666666667 0.06145833333333333 0.03229166666666667
12 0.3859375 0.5119791666666667 0.090625 0.090625
12 0.44947916666666665 0.5005208333333333 0.08229166666666667 0.08541666666666667
12 0.525 0.49166666666666664 0.08229166666666667 0.08229166666666667
3 0.4453125 0.615625 0.11041666666666666 0.053125
