8 0.85390625 0.3890625 0.1953125 0.315625
9 0.75546875 0.59921875 0.2390625 0.2640625
0 0.70234375 0.746875 0.1421875 0.140625
0 0.8078125 0.20703125 0.16875 0.1921875
8 0.62109375 0.79140625 0.2203125 0.3015625
9 0.7265625 0.140625 0.23125 0.234375
0 0.58359375 0.48125 0.1421875 0.153125
9 0.578125 0.3 0.290625 0.275
8 0.48359375 0.5125 0.2359375 0.3
0 0.378125 0.853125 0.1375 0.19375
0 0.4140625 0.6578125 0.1375 0.1625
0 0.46796875 0.346875 0.1421875 0.196875
8 0.32265625 0.78671875 0.2203125 0.2578125
0 0.425 0.0953125 0.16875 0.171875
0 0.934375 0.4765625 0.13125 0.165625
9 0.14765625 0.79296875 0.2515625 0.3015625
9 0.296875 0.084375 0.2 0.16875
8 0.0953125 0.4515625 0.190625 0.203125
8 0.1421875 0.2125 0.209375 0.271875
9 0.0453125 0.7375 0.090625 0.315625
0 0.08671875 0.31484375 0.1328125 0.1421875
