10 0.91171875 0.80234375 0.1765625 0.1890625
25 0.3609375 0.5296875 0.13984375 0.059375
0 0.3109375 0.48359375 0.06171875 0.03671875
12 0.1734375 0.30234375 0.10546875 0.1046875
12 0.28125 0.30234375 0.08515625 0.0875
14 0.33359375 0.184375 0.05625 0.09765625
14 0.27265625 0.184375 0.05859375 0.096875
13 0.3765625 0.346875 0.09765625 0.03828125
3 0.29453125 0.41796875 0.20390625 0.07734375
0 0.35078125 0.65 0.03828125 0.0296875
2 0.4328125 0.64296875 0.05390625 0.025
2 0.2984375 0.65390625 0.05078125 0.03984375
