12 0.096875 0.79453125 0.1 0.1296875
12 0.08515625 0.68125 0.1046875 0.125
13 0.11796875 0.55390625 0.1265625 0.1359375
12 0.16953125 0.784375 0.0765625 0.128125
13 0.121875 0.4296875 0.08125 0.15625
12 0.15625 0.66953125 0.075 0.1140625
28 0.63828125 0.22734375 0.0390625 0.0359375
28 0.64609375 0.26171875 0.0734375 0.0515625
28 0.671875 0.334375 0.053125 0.04375
28 0.65234375 0.203125 0.0484375 0.03125
28 0.678125 0.38359375 0.04375 0.0734375
28 0.6703125 0.22734375 0.034375 0.0484375
28 0.70234375 0.17421875 0.0765625 0.0515625
28 0.7328125 0.359375 0.0625 0.059375
27 0.7734375 0.63125 0.128125 0.215625
28 0.725 0.2625 0.084375 0.15
