10 0.6145833333333334 0.22395833333333334 0.103125 0.13697916666666668
10 0.559375 0.19895833333333332 0.040625 0.06302083333333333
12 0.5145833333333333 0.34270833333333334 0.07864583333333333 0.06927083333333334
11 0.7161458333333334 0.40520833333333334 0.0890625 0.0453125
14 0.8692708333333333 0.14739583333333334 0.125 0.03854166666666667
14 0.8682291666666667 0.171875 0.11145833333333334 0.029166666666666667
14 0.9661458333333334 0.13385416666666666 0.06770833333333333 0.034895833333333334
14 0.9635416666666666 0.16354166666666667 0.07239583333333334 0.026041666666666668
3 0.5421875 0.4869791666666667 0.11354166666666667 0.04895833333333333
12 0.5291666666666667 0.26197916666666665 0.0640625 0.06197916666666667
10 0.7041666666666667 0.2265625 0.06354166666666666 0.1328125
