13 0.553125 0.5755208333333334 0.08697916666666666 0.03333333333333333
12 0.6010416666666667 0.30364583333333334 0.0953125 0.07291666666666667
12 0.659375 0.2526041666666667 0.065625 0.03125
10 0.7567708333333333 0.37916666666666665 0.125 0.17135416666666667
10 0.8635416666666667 0.4015625 0.14947916666666666 0.17447916666666666
20 0.34479166666666666 0.39010416666666664 0.14427083333333332 0.06614583333333333
4 0.6286458333333333 0.6802083333333333 0.0640625 0.030729166666666665
6 0.5166666666666667 0.6833333333333333 0.030208333333333334 0.023958333333333335
24 0.5130208333333334 0.7614583333333333 0.0359375 0.028645833333333332
24 0.540625 0.7453125 0.0390625 0.03229166666666667
24 0.5739583333333333 0.7583333333333333 0.041666666666666664 0.033854166666666664
24 0.6328125 0.7598958333333333 0.041666666666666664 0.030729166666666665
24 0.6041666666666666 0.7416666666666667 0.04114583333333333 0.0296875
