10 0.21145833333333333 0.828125 0.13125 0.34375
10 0.11510416666666666 0.8380208333333333 0.146875 0.32395833333333335
11 0.878125 0.15364583333333334 0.11875 0.1
11 0.8786458333333333 0.234375 0.11041666666666666 0.08333333333333333
0 0.8427083333333333 0.5979166666666667 0.11666666666666667 0.12291666666666666
12 0.6130208333333333 0.6786458333333333 0.04583333333333333 0.08958333333333333
0 0.8817708333333333 0.8630208333333333 0.06041666666666667 0.05416666666666667
0 0.8244791666666667 0.859375 0.057291666666666664 0.04479166666666667
13 0.8338541666666667 0.5078125 0.08958333333333333 0.03125
13 0.8401041666666667 0.5265625 0.084375 0.028125
