25 0.2708333333333333 0.3458333333333333 0.17291666666666666 0.042708333333333334
12 0.459375 0.4354166666666667 0.07291666666666667 0.06666666666666667
12 0.3890625 0.48125 0.06979166666666667 0.06770833333333333
12 0.459375 0.48802083333333335 0.08125 0.07291666666666667
10 0.6869791666666667 0.6776041666666667 0.19479166666666667 0.21041666666666667
10 0.5739583333333333 0.6442708333333333 0.140625 0.18958333333333333
4 0.31354166666666666 0.8489583333333334 0.08541666666666667 0.046875
3 0.3489583333333333 0.7036458333333333 0.090625 0.040625
11 0.7411458333333333 0.18072916666666666 0.36041666666666666 0.09375
11 0.7713541666666667 0.11041666666666666 0.34375 0.11145833333333334
