24 0.6861111111111111 0.6133333333333333 0.1111111111111111 0.06666666666666667
24 0.6 0.6116666666666667 0.08888888888888889 0.06333333333333334
24 0.6583333333333333 0.5533333333333333 0.11666666666666667 0.06
0 0.025 0.33666666666666667 0.05 0.06
20 0.975 0.37166666666666665 0.05 0.056666666666666664
20 0.9666666666666667 0.3333333333333333 0.06666666666666667 0.06666666666666667
20 0.027777777777777776 0.505 0.05555555555555555 0.19
20 0.019444444444444445 0.505 0.03888888888888889 0.19
6 0.013888888888888888 0.67 0.027777777777777776 0.16
6 0.011111111111111112 0.6716666666666666 0.022222222222222223 0.17
