10 0.3536458333333333 0.32916666666666666 0.10572916666666667 0.134375
11 0.5994791666666667 0.265625 0.20520833333333333 0.0359375
11 0.5895833333333333 0.29322916666666665 0.23489583333333333 0.0265625
11 0.5260416666666666 0.35052083333333334 0.2125 0.0328125
11 0.5385416666666667 0.378125 0.18385416666666668 0.030729166666666665
11 0.4505208333333333 0.4734375 0.10416666666666667 0.03177083333333333
11 0.3984375 0.5125 0.16145833333333334 0.029166666666666667
11 0.5916666666666667 0.4744791666666667 0.17552083333333332 0.028125
11 0.5984375 0.5020833333333333 0.18177083333333333 0.03177083333333333
24 0.39479166666666665 0.5984375 0.058333333333333334 0.03802083333333333
24 0.34322916666666664 0.5958333333333333 0.05 0.0390625
12 0.68125 0.35989583333333336 0.06979166666666667 0.06145833333333333
12 0.6369791666666667 0.3614583333333333 0.03229166666666667 0.05572916666666667
