24 0.3026041666666667 0.4078125 0.07447916666666667 0.0421875
11 0.25625 0.6166666666666667 0.18177083333333333 0.12083333333333333
11 0.18333333333333332 0.5489583333333333 0.13541666666666666 0.08489583333333334
11 0.14947916666666666 0.6234375 0.0765625 0.044270833333333336
4 0.8270833333333333 0.4578125 0.13125 0.06770833333333333
12 0.5083333333333333 0.234375 0.13854166666666667 0.10572916666666667
12 0.30052083333333335 0.21770833333333334 0.12916666666666668 0.06510416666666667
24 0.5255208333333333 0.3880208333333333 0.06145833333333333 0.04114583333333333
24 0.50625 0.4171875 0.07083333333333333 0.049479166666666664
24 0.5541666666666667 0.45260416666666664 0.05364583333333333 0.044270833333333336
24 0.5786458333333333 0.4166666666666667 0.06145833333333333 0.049479166666666664
24 0.46927083333333336 0.40989583333333335 0.05 0.0421875
