26 0.55546875 0.58515625 0.1515625 0.0765625
13 0.3671875 0.284375 0.128125 0.053125
12 0.534375 0.2484375 0.06875 0.04375
12 0.56953125 0.26015625 0.0734375 0.0484375
12 0.49765625 0.28359375 0.0734375 0.0515625
12 0.4453125 0.2984375 0.05625 0.046875
13 0.253125 0.346875 0.1 0.053125
12 0.56796875 0.2875 0.0859375 0.040625
12 0.50390625 0.3234375 0.0828125 0.05625
13 0.446875 0.3375 0.053125 0.046875
26 0.28359375 0.43125 0.0890625 0.0375
13 0.49140625 0.42421875 0.0734375 0.0828125
13 0.31875 0.496875 0.13125 0.065625
