26 0.54609375 0.6015625 0.1390625 0.0625
13 0.390625 0.31015625 0.11875 0.0421875
12 0.546875 0.2875 0.0625 0.0375
12 0.58046875 0.3 0.0671875 0.040625
12 0.51171875 0.3171875 0.0671875 0.04375
12 0.4625 0.328125 0.05 0.040625
13 0.28125 0.36015625 0.090625 0.0453125
12 0.5765625 0.3265625 0.08125 0.034375
12 0.51484375 0.35390625 0.0734375 0.0484375
13 0.4609375 0.3640625 0.046875 0.040625
26 0.30234375 0.440625 0.0828125 0.03125
13 0.49609375 0.446875 0.0640625 0.075
13 0.33125 0.50390625 0.121875 0.0515625
