11 0.65625 0.35520833333333335 0.2604166666666667 0.11979166666666667
10 0.640625 0.5427083333333333 0.10520833333333333 0.13125
4 0.32395833333333335 0.5229166666666667 0.11875 0.057291666666666664
6 0.39427083333333335 0.5208333333333334 0.020833333333333332 0.05625
6 0.36614583333333334 0.5390625 0.036458333333333336 0.03958333333333333
6 0.41822916666666665 0.5255208333333333 0.020833333333333332 0.052083333333333336
6 0.4375 0.525 0.026041666666666668 0.04375
6 0.4666666666666667 0.5119791666666667 0.03333333333333333 0.04895833333333333
23 0.22239583333333332 0.6484375 0.05 0.0375
23 0.16354166666666667 0.6291666666666667 0.04791666666666667 0.04375
23 0.2984375 0.6203125 0.042708333333333334 0.035416666666666666
23 0.3890625 0.6145833333333334 0.04479166666666667 0.034375
24 0.425 0.6453125 0.034375 0.0375
24 0.4427083333333333 0.6020833333333333 0.04583333333333333 0.0375
0 0.2911458333333333 0.46197916666666666 0.1125 0.06666666666666667
0 0.2734375 0.42291666666666666 0.1 0.036458333333333336
