11 0.75 0.33984375 0.03671875 0.09609375
11 0.79609375 0.3515625 0.03671875 0.078125
11 0.89765625 0.36796875 0.05390625 0.053125
11 0.8390625 0.36640625 0.059375 0.0375
11 0.97890625 0.328125 0.0421875 0.0546875
11 0.9703125 0.28515625 0.05546875 0.03125
11 0.98984375 0.37578125 0.0203125 0.0171875
11 0.02578125 0.1875 0.0515625 0.034375
11 0.0671875 0.0875 0.07734375 0.03359375
11 0.0359375 0.11484375 0.071875 0.0328125
5 0.215625 0.53125 0.07421875 0.06171875
5 0.28984375 0.5296875 0.06484375 0.05390625
5 0.35859375 0.53671875 0.07734375 0.046875
5 0.453125 0.52734375 0.07265625 0.06015625
5 0.27109375 0.571875 0.07734375 0.0234375
5 0.18515625 0.5640625 0.06796875 0.03359375
5 0.33828125 0.571875 0.046875 0.03359375
5 0.42109375 0.5609375 0.0796875 0.0421875
5 0.33671875 0.81875 0.09453125 0.0640625
5 0.096875 0.80546875 0.0890625 0.0515625
20 0.63203125 0.35078125 0.09453125 0.04140625
20 0.5984375 0.359375 0.15234375 0.04609375