11 0.74453125 0.33125 0.040625 0.096875
11 0.790625 0.34140625 0.0390625 0.0796875
11 0.89296875 0.35390625 0.05625 0.0546875
11 0.834375 0.3546875 0.0609375 0.0390625
11 0.97265625 0.31171875 0.04375 0.05625
11 0.9625 0.26875 0.05625 0.0328125
11 0.98515625 0.35859375 0.0203125 0.0171875
11 0.0203125 0.20390625 0.040625 0.0359375
11 0.053125 0.103125 0.078125 0.0359375
11 0.0296875 0.13046875 0.059375 0.0359375
5 0.2171875 0.54140625 0.0765625 0.0640625
5 0.290625 0.53671875 0.0671875 0.05625
5 0.36015625 0.54140625 0.0796875 0.05
5 0.45390625 0.52890625 0.075 0.0625
5 0.2734375 0.5796875 0.078125 0.0265625
5 0.1875 0.575 0.06875 0.0359375
5 0.340625 0.57734375 0.0484375 0.0359375
5 0.4234375 0.56328125 0.08125 0.0453125
5 0.34765625 0.82421875 0.096875 0.0671875
5 0.1078125 0.81953125 0.090625 0.0546875
20 0.6265625 0.34609375 0.0953125 0.0453125
20 0.59375 0.35625 0.153125 0.0515625