21 0.128125 0.43671875 0.1375 0.18125
22 0.21328125 0.790625 0.1390625 0.30390625
6 0.69609375 0.37421875 0.0890625 0.05234375
8 0.67890625 0.4703125 0.09453125 0.02734375
17 0.7765625 0.465625 0.09765625 0.02578125
17 0.89375 0.46875 0.1078125 0.03203125
9 0.8296875 0.6140625 0.15546875 0.02265625
9 0.83828125 0.5734375 0.1484375 0.04375
16 0.571875 0.58515625 0.09609375 0.0421875
29 0.56328125 0.67578125 0.084375 0.06171875
20 0.66953125 0.690625 0.09921875 0.09140625
37 0.565625 0.72578125 0.07578125 0.03359375
29 0.771875 0.67734375 0.053125 0.046875