6 0.13046875 0.23828125 0.2390625 0.10625
6 0.121875 0.33671875 0.2328125 0.1140625
6 0.3921875 0.32265625 0.271875 0.0953125
21 0.43125 0.3828125 0.44375 0.1453125
26 0.7859375 0.33671875 0.14375 0.140625
8 0.2421875 0.06796875 0.2375 0.1359375
17 0.24140625 0.55625 0.1296875 0.1078125
37 0.109375 0.76796875 0.1109375 0.0765625
37 0.1828125 0.715625 0.1 0.0796875
37 0.30546875 0.76796875 0.1296875 0.06875
37 0.484375 0.79609375 0.0703125 0.0984375
20 0.64453125 0.859375 0.2296875 0.1515625
20 0.775 0.75703125 0.159375 0.1578125
15 0.42421875 0.69296875 0.228125 0.08125