13 0.39921875 0.5625 0.15 0.1359375
9 0.75625 0.60703125 0.2046875 0.1046875
23 0.36484375 0.609375 0.1796875 0.10625
7 0.55390625 0.615625 0.2203125 0.08125
13 0.61640625 0.85625 0.1484375 0.1234375
1 0.78515625 0.88203125 0.171875 0.13125
17 0.39453125 0.90390625 0.196875 0.096875
34 0.36328125 0.1984375 0.1578125 0.09375
8 0.59609375 0.21484375 0.1 0.05625
31 0.78671875 0.23671875 0.1421875 0.0359375
18 0.76953125 0.440625 0.0828125 0.1203125
14 0.6734375 0.44140625 0.0984375 0.0328125
37 0.55703125 0.446875 0.1515625 0.0828125
30 0.40703125 0.45546875 0.1703125 0.075