13 0.353125 0.60234375 0.125 0.1296875
37 0.73671875 0.56171875 0.1515625 0.0984375
23 0.47734375 0.59609375 0.14375 0.10625
6 0.72578125 0.79921875 0.1609375 0.10625
2 0.4296875 0.8984375 0.2 0.115625
7 0.8109375 0.865625 0.2109375 0.13125
33 0.59765625 0.8953125 0.2828125 0.175
35 0.55390625 0.175 0.1328125 0.1359375
9 0.71328125 0.178125 0.21875 0.1015625
8 0.35078125 0.22265625 0.15625 0.0765625
18 0.34375 0.43984375 0.065625 0.1046875
36 0.53515625 0.4453125 0.221875 0.103125
16 0.75234375 0.4328125 0.2296875 0.0859375
31 0.3375 0.48515625 0.1203125 0.0484375