35 0.75 0.55078125 0.125 0.14375
13 0.3359375 0.5875 0.14375 0.134375
31 0.59140625 0.61640625 0.11875 0.0625
22 0.65546875 0.79921875 0.10625 0.1546875
18 0.34375 0.8515625 0.065625 0.1078125
2 0.6171875 0.896875 0.2734375 0.1109375
30 0.3828125 0.92890625 0.178125 0.140625
13 0.31796875 0.18125 0.1734375 0.1625
6 0.4765625 0.203125 0.2015625 0.1015625
0 0.6046875 0.20703125 0.284375 0.103125
37 0.7625 0.2046875 0.109375 0.065625
34 0.38515625 0.453125 0.14375 0.0984375
7 0.53671875 0.45703125 0.2046875 0.0875