10 0.578125 0.48203125 0.1671875 0.046875
8 0.41796875 0.59609375 0.1484375 0.06875
37 0.66484375 0.62421875 0.1546875 0.078125
35 0.76953125 0.85859375 0.1109375 0.1484375
13 0.33515625 0.83125 0.10625 0.128125
15 0.4875 0.86796875 0.2171875 0.1140625
7 0.66875 0.896875 0.134375 0.1140625
30 0.81875 0.246875 0.1484375 0.06875
31 0.6671875 0.24296875 0.1578125 0.0484375
22 0.47421875 0.39453125 0.096875 0.159375
6 0.76875 0.46796875 0.18125 0.10625
11 0.646875 0.46015625 0.0765625 0.0671875
12 0.4234375 0.4453125 0.109375 0.0609375