3 0.709375 0.4453125 0.11875 0.05625
13 0.41484375 0.57265625 0.175 0.1328125
9 0.76875 0.57421875 0.209375 0.1203125
7 0.5640625 0.6109375 0.2265625 0.0984375
1 0.82265625 0.84296875 0.1890625 0.1359375
17 0.46796875 0.9109375 0.2015625 0.103125
11 0.67890625 0.89921875 0.096875 0.084375
30 0.36640625 0.221875 0.19375 0.09375
8 0.55390625 0.2046875 0.090625 0.0625
14 0.678125 0.20078125 0.0953125 0.0609375
6 0.39375 0.434375 0.178125 0.075
37 0.559375 0.43828125 0.1484375 0.0875
36 0.403125 0.46640625 0.2890625 0.1078125