8 0.4375 0.6 0.1328125 0.065625
36 0.76953125 0.56328125 0.178125 0.1125
23 0.61171875 0.5859375 0.1515625 0.0953125
10 0.440625 0.6453125 0.2484375 0.065625
2 0.7203125 0.8421875 0.278125 0.1125
4 0.48828125 0.8734375 0.171875 0.0984375
13 0.75859375 0.15859375 0.178125 0.1296875
30 0.39921875 0.221875 0.190625 0.0890625
31 0.62265625 0.21484375 0.1828125 0.0484375
18 0.740625 0.3921875 0.071875 0.1125
11 0.578125 0.43515625 0.0875 0.078125
33 0.6984375 0.4296875 0.2984375 0.103125
1 0.4203125 0.46484375 0.21875 0.0875