6 0.61953125 0.56171875 0.15625 0.0609375
34 0.40078125 0.57578125 0.1609375 0.078125
35 0.78671875 0.5890625 0.1203125 0.15
23 0.63671875 0.60078125 0.20625 0.1015625
3 0.4328125 0.62578125 0.15 0.0640625
22 0.7546875 0.82578125 0.0953125 0.165625
22 0.671875 0.82421875 0.1046875 0.1703125
31 0.559375 0.86171875 0.121875 0.05625
9 0.7671875 0.93046875 0.2125 0.1390625
30 0.53828125 0.92734375 0.1765625 0.1234375
1 0.36015625 0.94140625 0.1890625 0.103125
33 0.3796875 0.17890625 0.2515625 0.1296875
27 0.80078125 0.2046875 0.134375 0.096875
7 0.475 0.2140625 0.221875 0.065625
37 0.65859375 0.2171875 0.1609375 0.071875
13 0.64375 0.4296875 0.165625 0.1078125
0 0.39765625 0.434375 0.1546875 0.0640625
14 0.52734375 0.4546875 0.096875 0.059375
8 0.4234375 0.45546875 0.1375 0.0640625