33 0.4546875 0.55859375 0.2625 0.121875
11 0.74453125 0.603125 0.0828125 0.0703125
4 0.60078125 0.60625 0.1453125 0.071875
7 0.36640625 0.61640625 0.1328125 0.0640625
34 0.6421875 0.884375 0.1484375 0.0921875
36 0.78359375 0.88828125 0.1765625 0.1375
0 0.39375 0.8828125 0.1875 0.1046875
22 0.6546875 0.171875 0.1125 0.1609375
6 0.81015625 0.2046875 0.1984375 0.1
9 0.4140625 0.2 0.2046875 0.09375
35 0.3953125 0.4046875 0.1203125 0.1265625
8 0.75234375 0.4515625 0.13125 0.065625
16 0.5625 0.459375 0.25 0.0703125