2 0.740625 0.49140625 0.23125 0.075
35 0.73125 0.596875 0.1203125 0.1546875
13 0.3203125 0.56484375 0.146875 0.1359375
27 0.44296875 0.5953125 0.1625 0.115625
1 0.6140625 0.6203125 0.2078125 0.1015625
11 0.73671875 0.64296875 0.0859375 0.0765625
18 0.3015625 0.8234375 0.065625 0.1046875
3 0.51875 0.89296875 0.146875 0.0921875
17 0.3421875 0.92265625 0.2421875 0.11875
31 0.60078125 0.96640625 0.1859375 0.0671875
22 0.55625 0.165625 0.1296875 0.19375
35 0.40859375 0.1703125 0.1359375 0.140625
30 0.7203125 0.23984375 0.1859375 0.078125
36 0.56015625 0.45859375 0.1546875 0.09375
14 0.3609375 0.4421875 0.1 0.0640625