7 0.74296875 0.4640625 0.228125 0.059375
11 0.77890625 0.596875 0.0765625 0.065625
9 0.5546875 0.6015625 0.178125 0.065625
4 0.3875 0.61171875 0.1375 0.065625
35 0.38203125 0.84140625 0.1171875 0.1265625
2 0.77109375 0.871875 0.1546875 0.10625
16 0.60390625 0.8890625 0.165625 0.090625
22 0.77734375 0.16796875 0.109375 0.153125
13 0.59765625 0.19453125 0.1296875 0.096875
9 0.4078125 0.20625 0.184375 0.08125
0 0.51015625 0.43671875 0.090625 0.0578125
8 0.39140625 0.44921875 0.0890625 0.0703125
12 0.56171875 0.4546875 0.103125 0.05625