10 0.575 0.47265625 0.1671875 0.0453125
34 0.7984375 0.590625 0.1375 0.0921875
8 0.43046875 0.60546875 0.1484375 0.0671875
9 0.653125 0.6078125 0.1671875 0.0671875
35 0.8109375 0.8234375 0.1078125 0.146875
13 0.37578125 0.84921875 0.1046875 0.1265625
15 0.5328125 0.8671875 0.215625 0.1109375
7 0.715625 0.8734375 0.1328125 0.1109375
23 0.45625 0.20703125 0.1703125 0.0828125
30 0.784375 0.209375 0.1484375 0.065625
37 0.584375 0.2140625 0.134375 0.065625
22 0.4609375 0.39921875 0.0921875 0.1578125
6 0.75390625 0.43046875 0.1640625 0.09375
11 0.64140625 0.44296875 0.0734375 0.065625
12 0.4171875 0.45546875 0.109375 0.0578125