13 0.63125 0.55859375 0.13125 0.115625
9 0.425 0.59765625 0.1953125 0.1015625
2 0.7828125 0.5890625 0.146875 0.0703125
8 0.60234375 0.603125 0.0765625 0.065625
35 0.40859375 0.83125 0.1078125 0.1359375
6 0.5359375 0.88984375 0.1734375 0.11875
31 0.7859375 0.90703125 0.1328125 0.078125
22 0.3796875 0.1765625 0.1296875 0.1625
4 0.5015625 0.21796875 0.14375 0.059375
12 0.7890625 0.20390625 0.121875 0.0515625
7 0.646875 0.228125 0.1703125 0.0296875
0 0.47421875 0.43359375 0.228125 0.053125
16 0.475 0.46171875 0.2578125 0.0625