6 0.58984375 0.575 0.18125 0.103125
17 0.3234375 0.58046875 0.0671875 0.1484375
1 0.4390625 0.5859375 0.1890625 0.078125
23 0.76484375 0.5953125 0.16875 0.1046875
3 0.434375 0.6265625 0.1359375 0.0609375
22 0.67734375 0.815625 0.10625 0.1609375
22 0.77265625 0.81640625 0.0953125 0.1625
15 0.41171875 0.86875 0.203125 0.11875
31 0.5765625 0.87109375 0.1140625 0.071875
0 0.75078125 0.88671875 0.2 0.0953125
27 0.7859375 0.19140625 0.14375 0.096875
7 0.65390625 0.2171875 0.16875 0.0609375
9 0.41953125 0.45390625 0.2796875 0.1015625
8 0.6890625 0.4546875 0.1109375 0.0640625