35 0.7734375 0.54609375 0.1203125 0.140625
13 0.3609375 0.590625 0.1734375 0.121875
34 0.57421875 0.58671875 0.1546875 0.09375
22 0.68125 0.80390625 0.103125 0.1625
11 0.38359375 0.87890625 0.0765625 0.0734375
18 0.4046875 0.9 0.0671875 0.1125
8 0.64453125 0.9046875 0.1421875 0.0953125
9 0.70078125 0.18828125 0.225 0.096875
3 0.50234375 0.22265625 0.1421875 0.046875
13 0.39375 0.425 0.16875 0.14375
23 0.571875 0.44375 0.171875 0.109375
36 0.7890625 0.43046875 0.1375 0.078125
36 0.68125 0.4421875 0.0765625 0.0625