15 0.64296875 0.55703125 0.25 0.1
23 0.31171875 0.58828125 0.1671875 0.096875
33 0.634375 0.590625 0.240625 0.1203125
17 0.46875 0.59609375 0.1921875 0.1046875
27 0.28515625 0.86953125 0.1390625 0.115625
3 0.45234375 0.8734375 0.15 0.075
16 0.68046875 0.878125 0.2109375 0.121875
18 0.4359375 0.19375 0.0640625 0.1
34 0.2796875 0.20703125 0.1625 0.09375
37 0.540625 0.21015625 0.1796875 0.084375
1 0.665625 0.21484375 0.1484375 0.0765625
9 0.321875 0.4203125 0.21875 0.09375
6 0.684375 0.44375 0.196875 0.1078125
31 0.4875 0.46015625 0.1390625 0.0484375