31 0.33828125 0.48359375 0.134375 0.0546875
35 0.74609375 0.5453125 0.121875 0.1421875
23 0.4625 0.590625 0.14375 0.090625
13 0.3421875 0.6015625 0.1421875 0.1234375
37 0.61640625 0.60078125 0.1765625 0.109375
6 0.71484375 0.81328125 0.159375 0.1140625
2 0.4234375 0.89765625 0.2140625 0.115625
33 0.57734375 0.8859375 0.290625 0.1671875
7 0.79375 0.87421875 0.2234375 0.1328125
35 0.56328125 0.1765625 0.1265625 0.1296875
34 0.34609375 0.21796875 0.184375 0.096875
9 0.725 0.1859375 0.2171875 0.1109375
11 0.39375 0.45859375 0.078125 0.0671875
36 0.51328125 0.45078125 0.23125 0.0890625
30 0.72734375 0.4328125 0.16875 0.0765625