0 0.5859375 0.60546875 0.2078125 0.109375
9 0.7625 0.63203125 0.225 0.09375
16 0.39609375 0.6 0.1953125 0.0875
2 0.59765625 0.89609375 0.21875 0.121875
15 0.37421875 0.878125 0.221875 0.140625
10 0.75078125 0.92421875 0.1390625 0.096875
18 0.8453125 0.21953125 0.0734375 0.1109375
34 0.4125 0.19921875 0.1671875 0.0796875
11 0.75625 0.23671875 0.090625 0.0671875
8 0.59921875 0.22734375 0.1046875 0.059375
9 0.79375 0.4671875 0.203125 0.1078125
4 0.59609375 0.45703125 0.18125 0.071875
12 0.428125 0.45078125 0.1640625 0.0640625