9 0.734375 0.56015625 0.2234375 0.11875
6 0.39765625 0.603125 0.1765625 0.1078125
30 0.55703125 0.59453125 0.178125 0.109375
22 0.64140625 0.8125 0.1125 0.175
22 0.55 0.82421875 0.1234375 0.1734375
13 0.4328125 0.87421875 0.140625 0.165625
0 0.7859375 0.83359375 0.1859375 0.1265625
35 0.31015625 0.196875 0.1171875 0.14375
8 0.68359375 0.18359375 0.0953125 0.053125
7 0.47265625 0.22265625 0.2328125 0.0828125
36 0.67265625 0.42265625 0.065625 0.053125
36 0.7828125 0.4125 0.125 0.09375
34 0.38125 0.4671875 0.1453125 0.0984375
15 0.56796875 0.45234375 0.26875 0.096875