6 0.71484375 0.571875 0.184375 0.1046875
1 0.55625 0.59609375 0.215625 0.1109375
11 0.35859375 0.615625 0.0796875 0.0703125
27 0.78125 0.85390625 0.14375 0.125
30 0.40234375 0.89453125 0.1625 0.10625
36 0.59921875 0.884375 0.1609375 0.140625
8 0.43828125 0.2171875 0.15 0.0640625
14 0.7796875 0.1984375 0.1140625 0.053125
31 0.6453125 0.22265625 0.1390625 0.0328125
15 0.78046875 0.40234375 0.15625 0.14375
18 0.3328125 0.44453125 0.0703125 0.11875
34 0.64921875 0.43359375 0.1546875 0.103125
37 0.44453125 0.45078125 0.1640625 0.0734375