2 0.575 0.47890625 0.221875 0.0703125
13 0.56875 0.5953125 0.1734375 0.125
37 0.71953125 0.6109375 0.1484375 0.0859375
33 0.38828125 0.5984375 0.265625 0.096875
8 0.66796875 0.903125 0.1234375 0.08125
31 0.39453125 0.8828125 0.1328125 0.0703125
35 0.36640625 0.16171875 0.134375 0.1453125
35 0.6171875 0.18984375 0.125 0.13125
7 0.65546875 0.22265625 0.303125 0.0921875
0 0.47734375 0.2125 0.1546875 0.075
11 0.8015625 0.2421875 0.0859375 0.0609375
23 0.70390625 0.453125 0.20625 0.0984375
9 0.36171875 0.4375 0.196875 0.103125