15 0.6484375 0.5546875 0.271875 0.1125
23 0.359375 0.5828125 0.2265625 0.1109375
33 0.628125 0.60078125 0.2453125 0.115625
27 0.275 0.8625 0.1375 0.1125
3 0.43515625 0.87578125 0.15 0.084375
16 0.6671875 0.884375 0.2109375 0.1234375
18 0.44765625 0.190625 0.0765625 0.109375
34 0.296875 0.19453125 0.1703125 0.0875
37 0.5515625 0.21171875 0.1703125 0.09375
1 0.6921875 0.221875 0.125 0.065625
9 0.3203125 0.409375 0.2203125 0.103125
6 0.690625 0.45234375 0.2 0.1140625
31 0.484375 0.4578125 0.1375 0.053125