35 0.765625 0.57890625 0.1171875 0.1375
13 0.35078125 0.5734375 0.1703125 0.11875
34 0.56328125 0.5953125 0.153125 0.090625
22 0.64296875 0.8234375 0.1015625 0.1625
11 0.33828125 0.86171875 0.0765625 0.071875
18 0.35625 0.88515625 0.065625 0.1109375
8 0.59453125 0.9203125 0.140625 0.0921875
9 0.7375 0.21484375 0.2234375 0.0921875
3 0.53515625 0.225 0.1421875 0.04375
13 0.40390625 0.4125 0.1671875 0.140625
23 0.57734375 0.45234375 0.1703125 0.10625
36 0.7953125 0.46640625 0.1359375 0.075
36 0.68671875 0.4640625 0.075 0.0609375