3 0.6171875 0.46953125 0.1546875 0.059375
13 0.41171875 0.56328125 0.1796875 0.1265625
9 0.76328125 0.59609375 0.2046875 0.1125
23 0.378125 0.6125 0.184375 0.1171875
7 0.55703125 0.61171875 0.23125 0.09375
1 0.79765625 0.8703125 0.1796875 0.1390625
17 0.42734375 0.91171875 0.190625 0.1078125
11 0.64765625 0.91171875 0.096875 0.0890625
34 0.35 0.20625 0.14375 0.1
8 0.58203125 0.209375 0.10625 0.0625
31 0.7703125 0.22109375 0.128125 0.0375
14 0.6703125 0.43515625 0.10625 0.04375
37 0.5546875 0.44140625 0.15625 0.090625
2 0.384375 0.46640625 0.196875 0.075