35 0.74296875 0.5765625 0.1203125 0.140625
13 0.32734375 0.5703125 0.1375 0.13125
31 0.57890625 0.625 0.115625 0.059375
22 0.6234375 0.8140625 0.1 0.1515625
18 0.30859375 0.83359375 0.0609375 0.1046875
2 0.575 0.90703125 0.2703125 0.1015625
30 0.33828125 0.91484375 0.1734375 0.134375
13 0.35234375 0.1640625 0.16875 0.15625
6 0.5078125 0.20234375 0.1984375 0.0953125
0 0.63515625 0.21875 0.2828125 0.09375
37 0.79296875 0.23359375 0.10625 0.0625
34 0.39140625 0.44140625 0.140625 0.09375
7 0.54140625 0.4609375 0.203125 0.08125