13 0.403125 0.55703125 0.16875 0.1484375
34 0.3578125 0.59921875 0.15625 0.10625
9 0.75703125 0.60859375 0.2015625 0.115625
7 0.5515625 0.6109375 0.2359375 0.096875
1 0.78359375 0.875 0.1875 0.1421875
17 0.40546875 0.90546875 0.2140625 0.10625
11 0.63125 0.9140625 0.090625 0.0828125
18 0.6546875 0.18828125 0.0859375 0.125
6 0.3875 0.19921875 0.2046875 0.115625
8 0.58984375 0.2125 0.1140625 0.065625
3 0.75390625 0.22578125 0.134375 0.0390625
37 0.55546875 0.44453125 0.1625 0.0890625
2 0.37421875 0.4609375 0.2046875 0.0796875
36 0.7140625 0.4625 0.2671875 0.1