9 0.73828125 0.56484375 0.2265625 0.1125
8 0.38359375 0.61328125 0.11875 0.0796875
30 0.5578125 0.59609375 0.1578125 0.0828125
22 0.6296875 0.80703125 0.11875 0.1609375
13 0.42890625 0.8703125 0.171875 0.159375
0 0.7671875 0.83984375 0.1859375 0.1109375
1 0.58828125 0.90390625 0.225 0.1015625
22 0.69765625 0.1484375 0.115625 0.1640625
35 0.315625 0.19296875 0.1125 0.1390625
7 0.4734375 0.22265625 0.228125 0.0734375
36 0.684375 0.4328125 0.08125 0.0609375
34 0.35859375 0.46796875 0.146875 0.0953125
37 0.55625 0.45 0.2265625 0.0921875