1 0.41484375 0.57578125 0.1578125 0.10625
9 0.73828125 0.63515625 0.2109375 0.1171875
37 0.546875 0.6125 0.16875 0.10625
11 0.3234375 0.6 0.084375 0.075
30 0.59921875 0.8796875 0.153125 0.1109375
27 0.72109375 0.896875 0.153125 0.14375
34 0.46484375 0.86953125 0.1546875 0.1171875
2 0.32265625 0.878125 0.1640625 0.1203125
8 0.60859375 0.22265625 0.0859375 0.0609375
14 0.74453125 0.246875 0.1171875 0.065625
18 0.75390625 0.43671875 0.065625 0.071875
6 0.38984375 0.43203125 0.2125 0.1171875
15 0.78203125 0.48359375 0.2 0.1109375
7 0.6203125 0.47578125 0.203125 0.0828125