27 0.5109375 0.58828125 0.1484375 0.1078125
6 0.73359375 0.5796875 0.1828125 0.1078125
23 0.3625 0.61484375 0.1640625 0.1046875
0 0.62734375 0.884375 0.109375 0.109375
33 0.45078125 0.9 0.2875 0.171875
0 0.76796875 0.89296875 0.0984375 0.078125
9 0.7515625 0.1890625 0.2265625 0.096875
3 0.340625 0.23359375 0.134375 0.046875
31 0.50078125 0.2296875 0.13125 0.040625
34 0.3765625 0.4359375 0.121875 0.06875
8 0.5140625 0.45234375 0.115625 0.0671875
14 0.68359375 0.44375 0.1078125 0.0671875
11 0.78984375 0.44140625 0.084375 0.0671875
7 0.35 0.47265625 0.1890625 0.0828125