8 0.42109375 0.58828125 0.1296875 0.05625
36 0.75546875 0.61015625 0.171875 0.1015625
23 0.5953125 0.60390625 0.146875 0.0859375
10 0.41640625 0.6328125 0.2453125 0.0484375
2 0.6578125 0.87578125 0.2734375 0.09375
4 0.4234375 0.865625 0.1671875 0.0875
13 0.8140625 0.209375 0.1703125 0.11875
30 0.45 0.20859375 0.1859375 0.0765625
31 0.6703125 0.240625 0.18125 0.0359375
18 0.75625 0.43515625 0.0640625 0.109375
11 0.58828125 0.45 0.0828125 0.0734375
33 0.7078125 0.46484375 0.29375 0.0828125
1 0.42734375 0.4515625 0.215625 0.071875