10 0.57421875 0.46953125 0.1671875 0.046875
34 0.803125 0.57578125 0.1375 0.09375
8 0.43671875 0.60859375 0.15 0.0703125
9 0.659375 0.59921875 0.16875 0.06875
35 0.828125 0.80703125 0.1109375 0.1484375
13 0.39453125 0.8546875 0.10625 0.128125
15 0.5515625 0.86484375 0.2171875 0.1125
7 0.7359375 0.86171875 0.134375 0.1125
23 0.44140625 0.209375 0.1703125 0.084375
30 0.76875 0.19609375 0.15 0.06875
37 0.56875 0.209375 0.1359375 0.0671875
22 0.45625 0.40078125 0.0953125 0.1578125
6 0.75 0.41796875 0.1640625 0.0953125
11 0.6375 0.43515625 0.075 0.0671875
12 0.41484375 0.459375 0.1109375 0.0609375