6 0.6171875 0.56640625 0.1578125 0.0671875
34 0.39765625 0.571875 0.1625 0.084375
35 0.78359375 0.59921875 0.125 0.153125
23 0.6328125 0.60546875 0.209375 0.1078125
3 0.42890625 0.6234375 0.1515625 0.0703125
22 0.74296875 0.834375 0.1 0.16875
22 0.66015625 0.8296875 0.109375 0.1734375
31 0.546875 0.86328125 0.1234375 0.059375
9 0.75234375 0.93359375 0.2171875 0.1328125
30 0.5234375 0.928125 0.1796875 0.128125
1 0.3453125 0.93671875 0.1921875 0.109375
33 0.39140625 0.175 0.2546875 0.1390625
27 0.8109375 0.215625 0.1375 0.1015625
7 0.48515625 0.21328125 0.2234375 0.0734375
37 0.66796875 0.22265625 0.1640625 0.0765625
13 0.64609375 0.43515625 0.16875 0.1125
0 0.4 0.43125 0.15625 0.0703125
14 0.52890625 0.45546875 0.0984375 0.0625
8 0.425 0.45234375 0.1390625 0.06875