10 0.39609375 0.47109375 0.1234375 0.046875
30 0.48984375 0.58125 0.1625 0.0953125
36 0.76171875 0.59921875 0.1890625 0.115625
23 0.5875 0.603125 0.1671875 0.096875
8 0.41875 0.60390625 0.1328125 0.0796875
34 0.528125 0.8515625 0.15625 0.1109375
15 0.7125 0.875 0.26875 0.134375
4 0.3890625 0.871875 0.14375 0.103125
13 0.80234375 0.1984375 0.1203125 0.125
31 0.68515625 0.23203125 0.1421875 0.04375
18 0.7484375 0.42578125 0.0703125 0.109375
11 0.57734375 0.44765625 0.084375 0.0765625
33 0.703125 0.45703125 0.290625 0.103125