3 0.47109375 0.46796875 0.140625 0.0625
7 0.6171875 0.46640625 0.1109375 0.0453125
13 0.4421875 0.5515625 0.1515625 0.1171875
6 0.59296875 0.5703125 0.1765625 0.0953125
11 0.77265625 0.57265625 0.0859375 0.0765625
9 0.45234375 0.61015625 0.2875 0.13125
16 0.715625 0.61015625 0.24375 0.0765625
22 0.77734375 0.81171875 0.1109375 0.1578125
30 0.425 0.85546875 0.1546875 0.09375
36 0.56640625 0.85 0.1484375 0.0875
22 0.82421875 0.8375 0.1203125 0.178125
35 0.690625 0.85390625 0.125 0.15
1 0.79140625 0.903125 0.21875 0.1390625
2 0.5359375 0.93125 0.1390625 0.0921875
33 0.3328125 0.1640625 0.196875 0.196875
35 0.76171875 0.1625 0.1046875 0.134375
18 0.8125 0.17265625 0.0734375 0.115625
27 0.6578125 0.18671875 0.140625 0.1
37 0.47265625 0.21640625 0.1734375 0.075
15 0.7796875 0.4109375 0.175 0.165625
34 0.565625 0.4359375 0.1359375 0.08125
0 0.40390625 0.44453125 0.171875 0.078125
7 0.740625 0.44609375 0.14375 0.08125
14 0.33515625 0.47265625 0.096875 0.0625