13 0.40625 0.55 0.1609375 0.1296875
9 0.74453125 0.621875 0.203125 0.103125
23 0.36015625 0.59765625 0.1890625 0.109375
7 0.54140625 0.6171875 0.225 0.0921875
1 0.75703125 0.8953125 0.1859375 0.1359375
17 0.38515625 0.89921875 0.190625 0.103125
11 0.6046875 0.92265625 0.0875 0.078125
34 0.38125 0.1921875 0.1671875 0.0953125
8 0.60859375 0.2171875 0.1109375 0.059375
31 0.79296875 0.25234375 0.1359375 0.0359375
37 0.5453125 0.44765625 0.1359375 0.0859375
6 0.64921875 0.4625 0.1703125 0.0953125
2 0.38046875 0.45703125 0.1921875 0.06875