8 0.55390625 0.58984375 0.1328125 0.08125
4 0.76328125 0.5796875 0.15625 0.0828125
7 0.3765625 0.6296875 0.1421875 0.0703125
34 0.59375 0.86015625 0.1421875 0.09375
36 0.82421875 0.84765625 0.1765625 0.140625
0 0.44140625 0.8921875 0.184375 0.1109375
22 0.6109375 0.1515625 0.1234375 0.1703125
6 0.77578125 0.1671875 0.2078125 0.1125
11 0.4390625 0.225 0.0796875 0.05625
3 0.3421875 0.23515625 0.13125 0.05625
35 0.38359375 0.425 0.134375 0.1484375
33 0.5828125 0.4125 0.2953125 0.121875
16 0.7421875 0.4359375 0.296875 0.0796875