2 0.7390625 0.47109375 0.23125 0.065625
35 0.7390625 0.57265625 0.1109375 0.140625
13 0.32890625 0.58203125 0.1265625 0.121875
27 0.45234375 0.5984375 0.1546875 0.1078125
1 0.62734375 0.6125 0.1984375 0.0921875
11 0.74921875 0.621875 0.0828125 0.0703125
6 0.67890625 0.8328125 0.15625 0.10625
18 0.33203125 0.83984375 0.0625 0.103125
3 0.5421875 0.88984375 0.14375 0.0875
17 0.37890625 0.93515625 0.2375 0.1078125
31 0.63984375 0.9640625 0.16875 0.0671875
22 0.51875 0.16328125 0.1203125 0.1953125
35 0.38125 0.178125 0.128125 0.1328125
30 0.6953125 0.22109375 0.165625 0.071875
36 0.5125 0.45 0.2234375 0.0984375
14 0.35390625 0.45546875 0.1 0.059375