1 0.43515625 0.58828125 0.15625 0.115625
9 0.7515625 0.61328125 0.2109375 0.109375
37 0.55625 0.60703125 0.15 0.1
11 0.33984375 0.61171875 0.0890625 0.0765625
27 0.740625 0.87421875 0.153125 0.128125
30 0.42890625 0.8640625 0.2390625 0.0796875
34 0.3578125 0.91796875 0.1703125 0.11875
17 0.57578125 0.9484375 0.225 0.1
8 0.58671875 0.21640625 0.0875 0.059375
14 0.72109375 0.2265625 0.1203125 0.059375
18 0.74765625 0.41796875 0.059375 0.0703125
35 0.5546875 0.4171875 0.115625 0.14375
15 0.77109375 0.459375 0.2234375 0.1046875
6 0.41875 0.4484375 0.19375 0.1046875
36 0.60859375 0.46796875 0.090625 0.0625