9 0.7203125 0.60625 0.221875 0.1109375
30 0.53125 0.60859375 0.1640625 0.0828125
31 0.38828125 0.60234375 0.1203125 0.065625
22 0.640625 0.82890625 0.10625 0.16875
11 0.33203125 0.85859375 0.0765625 0.075
35 0.55703125 0.88125 0.11875 0.1546875
18 0.35078125 0.88203125 0.065625 0.1125
35 0.43046875 0.17265625 0.115625 0.1375
8 0.74140625 0.2265625 0.0875 0.0453125
36 0.69375 0.4609375 0.0703125 0.05
36 0.79921875 0.4703125 0.121875 0.0859375
34 0.39609375 0.44453125 0.1515625 0.0890625
15 0.5890625 0.4671875 0.25625 0.08125