7 0.625 0.47890625 0.1015625 0.0484375
6 0.63125 0.55859375 0.1578125 0.0546875
34 0.40625 0.57109375 0.1609375 0.0671875
11 0.7671875 0.596875 0.0734375 0.0609375
23 0.64921875 0.60390625 0.209375 0.1078125
14 0.81484375 0.63671875 0.1234375 0.065625
31 0.4171875 0.628125 0.159375 0.0546875
35 0.76484375 0.83671875 0.109375 0.10625
3 0.51875 0.84453125 0.1140625 0.0796875
30 0.3921875 0.8515625 0.1484375 0.1015625
16 0.74375 0.91875 0.1765625 0.090625
17 0.525 0.95625 0.2 0.0875
33 0.35 0.1546875 0.1890625 0.1890625
35 0.79140625 0.190625 0.10625 0.140625
27 0.678125 0.1875 0.11875 0.05625
18 0.840625 0.19921875 0.071875 0.11875
36 0.67734375 0.215625 0.25 0.0953125
37 0.49609375 0.2125 0.165625 0.0671875
13 0.51796875 0.41171875 0.1375 0.1375
15 0.78671875 0.42890625 0.18125 0.15625
13 0.65 0.42890625 0.15625 0.1078125
0 0.39921875 0.4390625 0.1625 0.05625
8 0.42578125 0.4515625 0.1484375 0.0609375
7 0.7421875 0.471875 0.134375 0.0734375