3 0.71328125 0.46484375 0.11875 0.0546875
13 0.40859375 0.56484375 0.1734375 0.1296875
9 0.76171875 0.5984375 0.2078125 0.1171875
7 0.5546875 0.615625 0.2265625 0.09375
1 0.790625 0.86953125 0.1875 0.1328125
17 0.43203125 0.90625 0.2 0.0984375
11 0.64375 0.91328125 0.096875 0.0828125
30 0.390625 0.21171875 0.19375 0.090625
8 0.5796875 0.2109375 0.090625 0.0609375
14 0.703125 0.21796875 0.0953125 0.059375
6 0.39921875 0.4265625 0.1765625 0.071875
37 0.5640625 0.44375 0.146875 0.0859375
36 0.40625 0.4578125 0.2890625 0.1015625