6 0.7125 0.5796875 0.18125 0.0984375
1 0.553125 0.59765625 0.2125 0.103125
11 0.3546875 0.6109375 0.078125 0.0671875
27 0.76875 0.86328125 0.1390625 0.1203125
30 0.38828125 0.890625 0.159375 0.1
36 0.5859375 0.8875 0.15625 0.1359375
8 0.4484375 0.21484375 0.1484375 0.059375
14 0.78984375 0.20859375 0.1125 0.05
31 0.6546875 0.228125 0.1375 0.028125
15 0.78359375 0.4125 0.1515625 0.1390625
18 0.33515625 0.4390625 0.065625 0.1171875
34 0.6515625 0.4390625 0.1515625 0.0984375
37 0.44609375 0.44921875 0.1625 0.0671875