7 0.62578125 0.46015625 0.1125 0.040625
13 0.4515625 0.55546875 0.15 0.1125
6 0.60234375 0.56953125 0.1734375 0.103125
11 0.76796875 0.5640625 0.0984375 0.0734375
9 0.45 0.60859375 0.29375 0.128125
3 0.70625 0.5984375 0.1484375 0.0609375
22 0.790625 0.8 0.1046875 0.15
35 0.68203125 0.82890625 0.1109375 0.1390625
30 0.43359375 0.8515625 0.14375 0.090625
22 0.83515625 0.83203125 0.1171875 0.1875
1 0.81015625 0.890625 0.2078125 0.1390625
36 0.4140625 0.9296875 0.20625 0.1390625
2 0.5859375 0.91875 0.146875 0.0921875
33 0.32265625 0.16953125 0.2046875 0.203125
35 0.503125 0.17578125 0.13125 0.1515625
27 0.64921875 0.178125 0.1578125 0.1046875
14 0.7796875 0.19765625 0.096875 0.0546875
15 0.7734375 0.396875 0.1703125 0.1578125
18 0.328125 0.44921875 0.0671875 0.125
34 0.56328125 0.43046875 0.121875 0.0828125
0 0.43359375 0.459375 0.1625 0.0859375
7 0.740625 0.44140625 0.134375 0.0828125