36 0.565625 0.575 0.290625 0.103125
34 0.396875 0.61015625 0.18125 0.090625
27 0.42578125 0.86953125 0.1984375 0.1125
9 0.7875 0.8796875 0.2171875 0.1265625
4 0.640625 0.88671875 0.1484375 0.096875
13 0.43828125 0.184375 0.1359375 0.134375
15 0.6015625 0.2109375 0.165625 0.0890625
11 0.35859375 0.21953125 0.090625 0.06875
0 0.78125 0.209375 0.1140625 0.078125
22 0.4125 0.4015625 0.1 0.1625
8 0.75078125 0.4359375 0.0765625 0.059375
12 0.3796875 0.46484375 0.115625 0.0703125
16 0.55390625 0.46328125 0.19375 0.065625