15 0.64609375 0.54921875 0.2578125 0.096875
23 0.315625 0.58984375 0.153125 0.0921875
17 0.4671875 0.59921875 0.1796875 0.1015625
33 0.63359375 0.596875 0.2515625 0.0984375
3 0.45625 0.87265625 0.1375 0.0734375
27 0.29296875 0.87578125 0.1203125 0.103125
16 0.678125 0.8734375 0.2 0.115625
18 0.43203125 0.1921875 0.0609375 0.109375
34 0.2890625 0.2046875 0.1625 0.0890625
37 0.53984375 0.2109375 0.1703125 0.0828125
1 0.67265625 0.21015625 0.1546875 0.0625
9 0.325 0.41953125 0.2140625 0.09375
6 0.6890625 0.4453125 0.2078125 0.1015625
31 0.48671875 0.4609375 0.1265625 0.0390625