27 0.36796875 0.5890625 0.146875 0.103125
6 0.5171875 0.59140625 0.1796875 0.103125
8 0.690625 0.59765625 0.1453125 0.0671875
1 0.36875 0.87734375 0.1703125 0.09375
7 0.509375 0.88984375 0.1265625 0.0984375
7 0.6671875 0.89453125 0.0875 0.0828125
9 0.7546875 0.19921875 0.2234375 0.0890625
3 0.3453125 0.2265625 0.1296875 0.0421875
31 0.50859375 0.2265625 0.1359375 0.0359375
34 0.36953125 0.4390625 0.140625 0.09375
14 0.67734375 0.45078125 0.1109375 0.065625
11 0.7859375 0.45 0.0828125 0.0703125
30 0.521875 0.4625 0.171875 0.075