35 0.7453125 0.56796875 0.1203125 0.1421875
13 0.3296875 0.5765625 0.1390625 0.13125
31 0.58359375 0.621875 0.115625 0.059375
22 0.634375 0.809375 0.1 0.1515625
18 0.31953125 0.83984375 0.0609375 0.1046875
2 0.5890625 0.90390625 0.271875 0.1015625
30 0.35390625 0.9203125 0.1734375 0.1359375
13 0.33984375 0.16875 0.16875 0.1578125
6 0.49765625 0.20234375 0.1984375 0.09375
0 0.62421875 0.21484375 0.2828125 0.09375
37 0.7828125 0.2234375 0.10625 0.0609375
34 0.3890625 0.4453125 0.140625 0.09375
7 0.53984375 0.459375 0.203125 0.08125