6 0.6203125 0.5609375 0.15625 0.059375
34 0.40234375 0.5734375 0.140625 0.065625
35 0.784375 0.596875 0.125 0.14375
23 0.634375 0.6046875 0.203125 0.1078125
3 0.42421875 0.6234375 0.1515625 0.0640625
22 0.6546875 0.82890625 0.09375 0.1625
22 0.73984375 0.834375 0.0953125 0.1703125
15 0.3828125 0.853125 0.1890625 0.1203125
31 0.5390625 0.86328125 0.1140625 0.0515625
9 0.746875 0.93671875 0.2125 0.1265625
30 0.5265625 0.934375 0.165625 0.115625
1 0.34453125 0.93515625 0.1921875 0.1
33 0.3890625 0.1703125 0.26875 0.1484375
27 0.8078125 0.2140625 0.1390625 0.0953125
37 0.6671875 0.221875 0.1578125 0.06875
7 0.48359375 0.21484375 0.2125 0.0640625
0 0.4078125 0.4421875 0.1796875 0.0796875
8 0.7234375 0.46640625 0.153125 0.065625
14 0.60390625 0.46796875 0.1015625 0.0625