35 0.759375 0.596875 0.1265625 0.1453125
13 0.3453125 0.5625 0.178125 0.1296875
34 0.55625 0.59921875 0.159375 0.1015625
22 0.61953125 0.8328125 0.1109375 0.1671875
11 0.31328125 0.84921875 0.0796875 0.0765625
18 0.3296875 0.87421875 0.0734375 0.115625
8 0.56484375 0.925 0.146875 0.103125
9 0.75625 0.23203125 0.228125 0.1078125
3 0.5546875 0.228125 0.14375 0.0546875
13 0.41015625 0.40625 0.175 0.1515625
23 0.58046875 0.4578125 0.1765625 0.1171875
36 0.796875 0.48671875 0.140625 0.084375
36 0.68828125 0.47734375 0.0796875 0.065625