7 0.62890625 0.4828125 0.1125 0.04375
13 0.44140625 0.5578125 0.159375 0.1484375
6 0.58359375 0.58671875 0.1859375 0.10625
9 0.68125 0.61796875 0.290625 0.11875
22 0.73359375 0.85234375 0.1125 0.1671875
1 0.59375 0.8609375 0.2109375 0.1140625
22 0.7734375 0.878125 0.11875 0.1734375
36 0.33671875 0.87109375 0.1859375 0.1375
33 0.38515625 0.146875 0.2078125 0.1890625
35 0.56328125 0.18359375 0.1328125 0.1375
27 0.696875 0.215625 0.16875 0.1
14 0.8296875 0.24609375 0.1125 0.0546875
15 0.79375 0.44375 0.178125 0.1609375
18 0.34453125 0.421875 0.0734375 0.121875
34 0.57734375 0.44453125 0.1359375 0.1
37 0.4453125 0.44296875 0.15 0.078125
7 0.74375 0.48203125 0.1390625 0.08125