6 0.6234375 0.5546875 0.159375 0.06875
34 0.40625 0.578125 0.14375 0.0734375
35 0.7890625 0.58203125 0.13125 0.1484375
23 0.63984375 0.59765625 0.2078125 0.11875
3 0.43125 0.62734375 0.1546875 0.071875
22 0.671875 0.8203125 0.1015625 0.1671875
22 0.75703125 0.82109375 0.1046875 0.175
15 0.4015625 0.85859375 0.196875 0.1296875
31 0.5578125 0.8609375 0.1171875 0.059375
9 0.7703125 0.928125 0.21875 0.14375
30 0.54921875 0.93203125 0.171875 0.121875
1 0.36796875 0.94296875 0.196875 0.109375
33 0.371875 0.1765625 0.2765625 0.1625
27 0.7921875 0.19765625 0.14375 0.103125
37 0.65234375 0.2140625 0.1609375 0.078125
7 0.46875 0.21640625 0.215625 0.0734375
0 0.4046875 0.446875 0.184375 0.0890625
8 0.72109375 0.4546875 0.15625 0.0734375
14 0.6015625 0.4625 0.1046875 0.0671875