6 0.62734375 0.58125 0.171875 0.0875
35 0.7890625 0.60078125 0.128125 0.1484375
1 0.43984375 0.58515625 0.2 0.0828125
23 0.66875 0.60390625 0.1859375 0.09375
3 0.521875 0.62734375 0.121875 0.05625
22 0.74375 0.83203125 0.1078125 0.165625
22 0.65546875 0.82734375 0.1015625 0.1640625
15 0.38828125 0.86015625 0.209375 0.128125
31 0.5453125 0.87734375 0.109375 0.0625
30 0.775 0.9421875 0.2 0.115625
17 0.5421875 0.95234375 0.2 0.0953125
27 0.80703125 0.2125 0.1296875 0.096875
33 0.39375 0.19140625 0.2625 0.0953125
7 0.48671875 0.2140625 0.21875 0.071875
37 0.6671875 0.2234375 0.1625 0.0703125
34 0.37734375 0.4359375 0.1421875 0.090625
8 0.72578125 0.4671875 0.15 0.0609375
14 0.6015625 0.4671875 0.103125 0.0640625