36 0.56328125 0.57734375 0.2875 0.09375
34 0.39296875 0.60625 0.178125 0.084375
27 0.4125 0.86640625 0.1953125 0.10625
9 0.77421875 0.88984375 0.2125 0.11875
4 0.62734375 0.89140625 0.1453125 0.0921875
13 0.44921875 0.18203125 0.13125 0.1296875
15 0.61171875 0.2140625 0.1625 0.084375
11 0.36875 0.21484375 0.0890625 0.065625
0 0.79140625 0.21875 0.1125 0.0734375
22 0.41640625 0.3984375 0.0953125 0.159375
8 0.753125 0.44453125 0.075 0.0578125
12 0.38125 0.4609375 0.1140625 0.065625
16 0.5546875 0.465625 0.1921875 0.059375