17 0.32734375 0.57890625 0.08125 0.153125
1 0.40390625 0.5859375 0.1453125 0.0796875
23 0.77734375 0.6015625 0.146875 0.1015625
33 0.578125 0.6 0.296875 0.1328125
22 0.6671875 0.825 0.1 0.1609375
22 0.75546875 0.82734375 0.0953125 0.1640625
15 0.39453125 0.86328125 0.2328125 0.125
31 0.56015625 0.87890625 0.103125 0.065625
0 0.7375 0.8953125 0.2015625 0.103125
27 0.796875 0.20078125 0.134375 0.1
7 0.653125 0.2234375 0.1859375 0.05625
3 0.35859375 0.2203125 0.128125 0.0484375
9 0.41484375 0.4484375 0.2890625 0.09375
8 0.68671875 0.459375 0.109375 0.059375