35 0.74140625 0.55703125 0.1125 0.1359375
13 0.34453125 0.5875 0.1125 0.1296875
27 0.4609375 0.603125 0.153125 0.1078125
37 0.6125 0.60859375 0.15625 0.090625
11 0.75546875 0.60859375 0.0828125 0.06875
6 0.69609375 0.82421875 0.15625 0.1078125
18 0.3484375 0.84921875 0.0609375 0.1015625
1 0.56796875 0.87734375 0.18125 0.1015625
17 0.403125 0.9421875 0.234375 0.1015625
22 0.50546875 0.16328125 0.1140625 0.1921875
35 0.36328125 0.184375 0.1265625 0.13125
3 0.7265625 0.21484375 0.153125 0.046875
36 0.51015625 0.45078125 0.209375 0.090625
30 0.728125 0.44453125 0.1734375 0.071875
14 0.35234375 0.46328125 0.0953125 0.0578125