27 0.36796875 0.58671875 0.1421875 0.0953125
6 0.52265625 0.59140625 0.165625 0.096875
8 0.69765625 0.60234375 0.140625 0.059375
37 0.396875 0.88671875 0.16875 0.0828125
7 0.51953125 0.88828125 0.103125 0.0921875
7 0.665625 0.8984375 0.084375 0.078125
9 0.76640625 0.20390625 0.221875 0.0828125
3 0.35390625 0.225 0.128125 0.0375
31 0.51328125 0.2296875 0.1296875 0.034375
34 0.371875 0.44296875 0.1515625 0.090625
14 0.684375 0.45390625 0.1 0.05625
11 0.79140625 0.4546875 0.0765625 0.065625
30 0.5390625 0.46015625 0.16875 0.06875