3 0.621875 0.46875 0.15 0.053125
13 0.4140625 0.5671875 0.15625 0.14375
9 0.75546875 0.59921875 0.2078125 0.1015625
23 0.36328125 0.61171875 0.14375 0.1078125
7 0.55703125 0.61328125 0.2265625 0.0875
1 0.79140625 0.8703125 0.175 0.13125
17 0.4265625 0.90859375 0.190625 0.1015625
11 0.64296875 0.91171875 0.09375 0.0796875
34 0.3546875 0.20703125 0.1609375 0.09375
8 0.58359375 0.21171875 0.103125 0.0546875
31 0.7765625 0.2203125 0.1203125 0.0359375
14 0.66875 0.4375 0.0984375 0.040625
37 0.55859375 0.4421875 0.1609375 0.0828125
6 0.3828125 0.44609375 0.1578125 0.1