1 0.425 0.5953125 0.1734375 0.10625
9 0.746875 0.60859375 0.209375 0.10625
37 0.55546875 0.60859375 0.1609375 0.0921875
27 0.74921875 0.86796875 0.153125 0.1265625
30 0.47421875 0.86484375 0.153125 0.08125
6 0.35859375 0.9 0.1796875 0.134375
33 0.378125 0.184375 0.2515625 0.1265625
14 0.69609375 0.221875 0.1171875 0.0640625
31 0.5703125 0.23125 0.1390625 0.034375
18 0.3609375 0.41640625 0.06875 0.1046875
34 0.58828125 0.44140625 0.1375 0.0875
0 0.71796875 0.45703125 0.159375 0.0796875
8 0.41015625 0.45390625 0.13125 0.065625