1 0.41328125 0.578125 0.1453125 0.1125
9 0.74296875 0.62421875 0.2109375 0.109375
37 0.55078125 0.61015625 0.165625 0.0984375
11 0.33515625 0.60546875 0.09375 0.0734375
27 0.71484375 0.88125 0.1421875 0.121875
30 0.39296875 0.853125 0.2375 0.084375
34 0.33359375 0.91015625 0.1921875 0.1203125
17 0.5484375 0.95 0.2 0.1
8 0.5671875 0.21484375 0.0859375 0.0625
14 0.72109375 0.2296875 0.109375 0.0578125
31 0.3921875 0.21796875 0.1421875 0.0484375
18 0.75390625 0.43671875 0.0734375 0.0921875
35 0.5609375 0.4234375 0.125 0.1421875
15 0.77109375 0.46953125 0.2203125 0.1078125
6 0.42109375 0.44296875 0.190625 0.1109375
36 0.61171875 0.4734375 0.0828125 0.059375