33 0.46328125 0.5640625 0.26875 0.134375
11 0.75546875 0.571875 0.0859375 0.075
4 0.6140625 0.5921875 0.1484375 0.078125
7 0.38046875 0.63203125 0.1359375 0.071875
34 0.6875 0.8640625 0.153125 0.0984375
36 0.828125 0.85078125 0.184375 0.146875
0 0.440625 0.89375 0.1921875 0.1140625
22 0.61328125 0.15625 0.1203125 0.1671875
6 0.771875 0.16953125 0.203125 0.1109375
9 0.37890625 0.2125 0.209375 0.1046875
35 0.384375 0.41875 0.1265625 0.1328125
8 0.74453125 0.421875 0.134375 0.0734375
16 0.55703125 0.4515625 0.253125 0.0828125