27 0.60390625 0.58125 0.1328125 0.0953125
11 0.43671875 0.6125 0.090625 0.078125
14 0.36171875 0.62734375 0.0984375 0.0703125
22 0.75078125 0.80859375 0.1171875 0.1765625
22 0.6875 0.834375 0.10625 0.1734375
3 0.55703125 0.87421875 0.1296875 0.075
13 0.39921875 0.88515625 0.1296875 0.140625
13 0.5171875 0.1765625 0.1546875 0.1453125
0 0.74140625 0.19453125 0.1859375 0.0765625
31 0.34453125 0.2359375 0.1359375 0.046875
34 0.6296875 0.4359375 0.1796875 0.084375
8 0.440625 0.45078125 0.1421875 0.0703125