33 0.459375 0.56171875 0.2671875 0.1296875
11 0.7515625 0.58515625 0.084375 0.071875
4 0.60859375 0.5984375 0.1484375 0.0765625
7 0.37421875 0.62578125 0.1328125 0.06875
34 0.66796875 0.8734375 0.1515625 0.0953125
36 0.809375 0.8671875 0.18125 0.1421875
0 0.4203125 0.88984375 0.190625 0.1109375
22 0.63046875 0.16171875 0.1171875 0.1640625
6 0.78984375 0.18359375 0.2015625 0.1078125
9 0.39375 0.20703125 0.2078125 0.1015625
35 0.3890625 0.41328125 0.125 0.1296875
8 0.7484375 0.43515625 0.1328125 0.0703125
16 0.559375 0.4546875 0.2515625 0.0796875