35 0.771875 0.55546875 0.125 0.14375
13 0.35703125 0.5859375 0.1765625 0.1265625
34 0.57109375 0.5890625 0.1578125 0.1
22 0.6703125 0.81015625 0.1078125 0.165625
11 0.3703125 0.87421875 0.078125 0.075
18 0.390625 0.89609375 0.071875 0.115625
8 0.63046875 0.91015625 0.1453125 0.1
9 0.7109375 0.1953125 0.228125 0.1046875
3 0.5109375 0.22265625 0.14375 0.0515625
13 0.396875 0.42109375 0.1734375 0.1484375
23 0.57265625 0.4453125 0.175 0.1140625
36 0.79140625 0.440625 0.1390625 0.0828125
36 0.6828125 0.4484375 0.0796875 0.0640625