8 0.54140625 0.596875 0.13125 0.075
4 0.74921875 0.61484375 0.1546875 0.0765625
7 0.36015625 0.61171875 0.1390625 0.0671875
34 0.54296875 0.8703125 0.1390625 0.0890625
36 0.771875 0.88984375 0.171875 0.134375
0 0.3875 0.88046875 0.1828125 0.1046875
22 0.6578125 0.1703125 0.1171875 0.1671875
6 0.81953125 0.209375 0.2046875 0.10625
11 0.47890625 0.21875 0.0796875 0.0546875
3 0.38046875 0.215625 0.1296875 0.05
35 0.3953125 0.409375 0.1296875 0.14375
33 0.59453125 0.425 0.29375 0.1125
16 0.7484375 0.4703125 0.296875 0.0703125