3 0.6203125 0.484375 0.1546875 0.05625
13 0.40546875 0.55234375 0.178125 0.125
9 0.75078125 0.6265625 0.203125 0.1078125
23 0.365625 0.596875 0.1828125 0.1140625
7 0.54296875 0.61796875 0.23125 0.090625
1 0.75 0.903125 0.178125 0.1375
17 0.37734375 0.89921875 0.1890625 0.1046875
11 0.596875 0.9265625 0.0953125 0.0875
34 0.3875 0.190625 0.1421875 0.0984375
8 0.6171875 0.221875 0.1046875 0.059375
31 0.80234375 0.25546875 0.128125 0.034375
14 0.6765625 0.45625 0.1078125 0.040625
37 0.5609375 0.4484375 0.15625 0.0875
2 0.3890625 0.45234375 0.196875 0.0703125