7 0.63046875 0.48046875 0.1109375 0.0390625
13 0.44375 0.54765625 0.1484375 0.109375
6 0.58984375 0.584375 0.171875 0.1
11 0.75390625 0.60546875 0.0984375 0.071875
9 0.43359375 0.59921875 0.290625 0.121875
3 0.68828125 0.6296875 0.146875 0.0578125
22 0.740625 0.8421875 0.103125 0.1484375
35 0.62890625 0.853125 0.109375 0.1375
30 0.3796875 0.8375 0.1421875 0.0875
22 0.77890625 0.88046875 0.1140625 0.1859375
1 0.7453125 0.9328125 0.20625 0.134375
36 0.34765625 0.9109375 0.203125 0.134375
2 0.51875 0.92734375 0.1453125 0.0890625
33 0.37578125 0.14609375 0.2015625 0.2
35 0.553125 0.18046875 0.1296875 0.15
27 0.69765625 0.20625 0.15625 0.103125
14 0.82421875 0.24453125 0.096875 0.053125
15 0.7859375 0.440625 0.1671875 0.15625
18 0.33828125 0.4234375 0.065625 0.1234375
34 0.5734375 0.44140625 0.1203125 0.08125
0 0.440625 0.45 0.1609375 0.0828125
7 0.74765625 0.4796875 0.1328125 0.08125