35 0.74609375 0.57109375 0.1203125 0.1453125
13 0.334375 0.5796875 0.1390625 0.115625
8 0.5578125 0.59609375 0.1171875 0.0765625
22 0.63046875 0.81875 0.103125 0.1609375
18 0.31484375 0.83671875 0.0609375 0.103125
2 0.58125 0.90546875 0.26875 0.0953125
30 0.35 0.915625 0.178125 0.1328125
3 0.7421875 0.9578125 0.178125 0.084375
13 0.346875 0.16875 0.1875 0.15625
34 0.4984375 0.2078125 0.16875 0.0828125
37 0.7421875 0.22265625 0.19375 0.08125
6 0.7359375 0.4546875 0.1796875 0.0984375
31 0.57109375 0.46796875 0.125 0.040625