18 0.4640625 0.5671875 0.06875 0.128125
9 0.74609375 0.6125 0.2140625 0.1203125
3 0.36875 0.6203125 0.1453125 0.0640625
33 0.77578125 0.86484375 0.1765625 0.2375
15 0.5015625 0.875 0.2078125 0.125
17 0.39609375 0.89921875 0.21875 0.1
34 0.38203125 0.1984375 0.1734375 0.103125
8 0.59140625 0.215625 0.084375 0.05625
14 0.7234375 0.225 0.0984375 0.0625
6 0.40390625 0.41875 0.184375 0.084375
37 0.56796875 0.44921875 0.1484375 0.0828125
30 0.7515625 0.46484375 0.18125 0.084375
36 0.40859375 0.45703125 0.2921875 0.1078125