11 0.6453125 0.5875 0.078125 0.065625
15 0.5234375 0.6015625 0.2234375 0.0984375
10 0.73671875 0.63203125 0.1265625 0.0578125
35 0.53046875 0.83515625 0.115625 0.1453125
37 0.67109375 0.8765625 0.184375 0.103125
13 0.3609375 0.871875 0.1609375 0.128125
35 0.54921875 0.18046875 0.134375 0.1484375
34 0.82421875 0.2359375 0.146875 0.0734375
7 0.39453125 0.20703125 0.121875 0.059375
0 0.41015625 0.440625 0.190625 0.0859375
4 0.77109375 0.4765625 0.14375 0.06875
16 0.59921875 0.46953125 0.1921875 0.06875