13 0.39765625 0.55859375 0.159375 0.1453125
9 0.75234375 0.61640625 0.2109375 0.11875
23 0.36171875 0.6046875 0.1859375 0.11875
7 0.54921875 0.6171875 0.225 0.096875
13 0.60390625 0.86015625 0.15625 0.1328125
1 0.771875 0.89140625 0.18125 0.1421875
17 0.38046875 0.90078125 0.203125 0.1109375
34 0.375 0.19453125 0.1640625 0.103125
8 0.60546875 0.21796875 0.103125 0.0625
31 0.79609375 0.246875 0.14375 0.0453125
18 0.77109375 0.45 0.090625 0.125
14 0.675 0.446875 0.1015625 0.0390625
37 0.559375 0.4484375 0.15625 0.0921875
30 0.40859375 0.45234375 0.175 0.0859375