1 0.4390625 0.5953125 0.18125 0.1109375
9 0.76328125 0.5828125 0.209375 0.1125
37 0.56640625 0.6 0.1640625 0.1015625
11 0.359375 0.63828125 0.0984375 0.0875
27 0.80078125 0.83125 0.134375 0.1203125
34 0.54609375 0.871875 0.1359375 0.10625
30 0.68046875 0.86171875 0.1375 0.109375
2 0.4109375 0.90234375 0.134375 0.0796875
8 0.55078125 0.20703125 0.084375 0.0546875
14 0.68359375 0.19921875 0.1171875 0.05625
6 0.3859375 0.41953125 0.1953125 0.0609375
18 0.73671875 0.39609375 0.065625 0.090625
15 0.78515625 0.43046875 0.1765625 0.1140625
7 0.61640625 0.44609375 0.196875 0.0765625
36 0.396875 0.46875 0.26875 0.1015625