35 0.75546875 0.5296875 0.128125 0.1484375
13 0.3453125 0.60703125 0.16875 0.140625
31 0.61875 0.59921875 0.1359375 0.0671875
22 0.6859375 0.78828125 0.1125 0.159375
18 0.3765625 0.865625 0.06875 0.1109375
2 0.653125 0.88203125 0.2765625 0.1140625
30 0.41953125 0.9328125 0.1890625 0.134375
13 0.28671875 0.203125 0.18125 0.171875
6 0.45234375 0.2078125 0.209375 0.1046875
0 0.57578125 0.19921875 0.1078125 0.08125
37 0.69765625 0.1828125 0.1875 0.0890625
34 0.3828125 0.46328125 0.140625 0.0953125
7 0.534375 0.453125 0.209375 0.090625