35 0.74140625 0.55859375 0.11875 0.140625
13 0.3421875 0.5890625 0.1328125 0.1265625
23 0.4640625 0.58984375 0.15 0.10625
37 0.61328125 0.60546875 0.159375 0.0890625
11 0.7546875 0.609375 0.084375 0.071875
6 0.696875 0.8234375 0.159375 0.1109375
1 0.57265625 0.875 0.18125 0.1109375
2 0.39140625 0.89140625 0.190625 0.109375
7 0.76953125 0.8921875 0.2125 0.128125
22 0.51015625 0.15859375 0.1203125 0.1859375
35 0.3640625 0.184375 0.128125 0.134375
27 0.66484375 0.18671875 0.1859375 0.1140625
36 0.51484375 0.44765625 0.2203125 0.090625
30 0.7359375 0.4453125 0.1625 0.08125
14 0.35390625 0.46328125 0.1 0.059375