36 0.4859375 0.565625 0.1171875 0.0515625
36 0.621875 0.58828125 0.1609375 0.065625
12 0.76875 0.60078125 0.1140625 0.05625
16 0.4390625 0.6140625 0.178125 0.075
9 0.59921875 0.875 0.184375 0.0859375
6 0.7875 0.88046875 0.1640625 0.1109375
4 0.3953125 0.8875 0.146875 0.0921875
13 0.4515625 0.18671875 0.1125 0.1390625
0 0.8171875 0.21328125 0.1 0.0703125
8 0.603125 0.215625 0.0859375 0.05
11 0.36953125 0.215625 0.0828125 0.0609375
22 0.59296875 0.40390625 0.0859375 0.15625
15 0.78515625 0.453125 0.1953125 0.075
34 0.38671875 0.4578125 0.128125 0.065625