3 0.6234375 0.475 0.1515625 0.0625
13 0.41015625 0.5625 0.1625 0.1515625
9 0.74921875 0.6125 0.2125 0.1125
23 0.35703125 0.6046875 0.15 0.115625
7 0.5515625 0.615625 0.2296875 0.0984375
1 0.77109375 0.88515625 0.1796875 0.1390625
17 0.40546875 0.90390625 0.1953125 0.1109375
11 0.6203125 0.91875 0.096875 0.084375
34 0.36953125 0.2 0.165625 0.103125
8 0.59921875 0.21640625 0.1046875 0.059375
31 0.790625 0.2359375 0.1203125 0.0421875
14 0.671875 0.44609375 0.1 0.0453125
37 0.56171875 0.4453125 0.1640625 0.0921875
6 0.3859375 0.440625 0.1625 0.109375