2 0.73828125 0.4625 0.234375 0.08125
35 0.740625 0.5640625 0.1203125 0.1484375
13 0.33203125 0.5875 0.134375 0.1296875
27 0.45546875 0.6 0.1625 0.11875
1 0.63046875 0.6078125 0.2046875 0.10625
11 0.753125 0.6140625 0.0875 0.0765625
6 0.69140625 0.8265625 0.1625 0.115625
18 0.34296875 0.84609375 0.06875 0.10625
3 0.55546875 0.88828125 0.15 0.0953125
17 0.39375 0.93828125 0.24375 0.1234375
31 0.65703125 0.95703125 0.1734375 0.0734375
22 0.5078125 0.16171875 0.134375 0.2046875
35 0.3703125 0.18203125 0.1375 0.1421875
30 0.6859375 0.2140625 0.1703125 0.0828125
36 0.51015625 0.44921875 0.2296875 0.1140625
14 0.35234375 0.4609375 0.1015625 0.065625