6 0.62890625 0.56015625 0.1625 0.05625
17 0.32890625 0.57578125 0.10625 0.153125
35 0.8046875 0.59296875 0.1453125 0.1328125
1 0.4359375 0.58984375 0.1796875 0.078125
23 0.66484375 0.60546875 0.140625 0.084375
3 0.521875 0.62109375 0.134375 0.0640625
22 0.66796875 0.81875 0.1046875 0.1578125
22 0.759375 0.82109375 0.090625 0.15625
15 0.39765625 0.8671875 0.2 0.1234375
31 0.55703125 0.87421875 0.115625 0.0765625
0 0.73671875 0.89765625 0.2140625 0.103125
33 0.378125 0.178125 0.2328125 0.1109375
27 0.8 0.20390625 0.1640625 0.096875
7 0.475 0.2234375 0.2234375 0.04375
7 0.6375 0.23515625 0.0609375 0.0234375
34 0.38984375 0.40546875 0.1109375 0.0171875
9 0.4140625 0.45 0.2765625 0.0953125
8 0.68984375 0.4578125 0.1078125 0.05625