35 0.74765625 0.54453125 0.1265625 0.1421875
13 0.346875 0.6 0.134375 0.1171875
27 0.46875 0.6046875 0.1609375 0.1140625
37 0.621875 0.59765625 0.15625 0.1
11 0.76328125 0.5953125 0.0859375 0.0734375
6 0.71640625 0.8125 0.1609375 0.1125
1 0.59375 0.87265625 0.1828125 0.1125
2 0.415625 0.896875 0.1921875 0.1109375
7 0.796875 0.8765625 0.225 0.128125
22 0.49765625 0.1578125 0.1203125 0.1890625
35 0.35 0.19140625 0.1359375 0.1359375
3 0.715625 0.20390625 0.1578125 0.0546875
36 0.5125 0.44921875 0.215625 0.090625
30 0.73125 0.4328125 0.1703125 0.084375
14 0.353125 0.471875 0.096875 0.0625