8 0.5234375 0.59921875 0.146875 0.0734375
12 0.73125 0.603125 0.13125 0.06875
22 0.375 0.6 0.1046875 0.1015625
33 0.4328125 0.8015625 0.23125 0.1640625
31 0.7390625 0.86328125 0.1359375 0.078125
2 0.57265625 0.8890625 0.228125 0.125
30 0.36484375 0.89296875 0.1390625 0.096875
6 0.39375 0.196875 0.1921875 0.10625
37 0.628125 0.2125 0.175 0.084375
3 0.80078125 0.22421875 0.1625 0.065625
7 0.42578125 0.22734375 0.24375 0.05
35 0.6265625 0.44921875 0.21875 0.0984375
16 0.43203125 0.46171875 0.1984375 0.0671875