27 0.36640625 0.56328125 0.1484375 0.1203125
9 0.72578125 0.609375 0.203125 0.10625
30 0.54609375 0.60859375 0.1546875 0.0921875
13 0.5609375 0.853125 0.16875 0.109375
0 0.70390625 0.88671875 0.18125 0.1125
11 0.3328125 0.88671875 0.0796875 0.084375
1 0.5109375 0.9140625 0.2265625 0.1046875
22 0.7640625 0.19296875 0.1109375 0.1546875
7 0.4078125 0.2125 0.209375 0.0671875
3 0.603125 0.23125 0.1515625 0.0578125
34 0.36015625 0.43828125 0.1484375 0.0953125
37 0.56796875 0.45703125 0.2265625 0.0921875