35 0.77421875 0.54140625 0.121875 0.1421875
13 0.3625 0.59375 0.175 0.1234375
34 0.57578125 0.58515625 0.15625 0.096875
22 0.6859375 0.8 0.10625 0.165625
11 0.38984375 0.88046875 0.078125 0.0734375
18 0.41171875 0.9015625 0.0703125 0.1140625
8 0.6515625 0.90234375 0.14375 0.096875
9 0.69453125 0.18515625 0.225 0.1
3 0.496875 0.22265625 0.14375 0.0484375
13 0.3921875 0.42578125 0.171875 0.1453125
23 0.5703125 0.4421875 0.1734375 0.1109375
36 0.7875 0.425 0.1375 0.0796875
36 0.6796875 0.4390625 0.0765625 0.0625