0 0.40078125 0.59765625 0.1828125 0.08125
4 0.54140625 0.61171875 0.1828125 0.084375
9 0.7609375 0.6109375 0.2 0.0859375
15 0.7203125 0.85234375 0.1578125 0.13125
8 0.4125 0.8765625 0.1375 0.071875
34 0.60546875 0.87265625 0.128125 0.0859375
35 0.77109375 0.16484375 0.125 0.146875
37 0.4921875 0.21171875 0.221875 0.0796875
12 0.34375 0.221875 0.1203125 0.0546875
33 0.3921875 0.41796875 0.2015625 0.15625
18 0.52734375 0.415625 0.0765625 0.1
27 0.7546875 0.4234375 0.1921875 0.115625
36 0.5875 0.44375 0.2375 0.090625