1 0.415625 0.58671875 0.1796875 0.11875
9 0.73515625 0.634375 0.215625 0.11875
37 0.54453125 0.61328125 0.1671875 0.1046875
27 0.709375 0.8921875 0.1609375 0.1375
30 0.43671875 0.86015625 0.1578125 0.0921875
6 0.3171875 0.8828125 0.1890625 0.146875
33 0.41171875 0.1734375 0.259375 0.14375
14 0.72421875 0.24296875 0.121875 0.0703125
31 0.5984375 0.23984375 0.1390625 0.04375
18 0.3703125 0.40234375 0.0765625 0.1109375
34 0.59375 0.45078125 0.14375 0.096875
0 0.72109375 0.48046875 0.1625 0.0921875
8 0.415625 0.44453125 0.1359375 0.075