35 0.746875 0.57265625 0.1140625 0.140625
13 0.334375 0.57578125 0.1296875 0.125
33 0.51796875 0.60234375 0.315625 0.1203125
22 0.62890625 0.82109375 0.103125 0.1671875
11 0.325 0.8640625 0.0765625 0.071875
18 0.3453125 0.8859375 0.0671875 0.1140625
8 0.58359375 0.915625 0.1375 0.0984375
13 0.35 0.16796875 0.1671875 0.15625
6 0.50390625 0.203125 0.2015625 0.0921875
0 0.62578125 0.215625 0.284375 0.0890625
37 0.79453125 0.2296875 0.1015625 0.059375
34 0.3890625 0.44453125 0.146875 0.0859375
7 0.5453125 0.4625 0.2 0.084375