7 0.7796875 0.48515625 0.2609375 0.0578125
34 0.39921875 0.5984375 0.1640625 0.078125
9 0.58828125 0.6140625 0.1734375 0.0625
3 0.790625 0.634375 0.1203125 0.0453125
35 0.58515625 0.83203125 0.1140625 0.1265625
16 0.45625 0.87890625 0.2015625 0.096875
2 0.71328125 0.896875 0.16875 0.096875
13 0.63046875 0.2046875 0.125 0.1015625
9 0.43203125 0.20390625 0.1828125 0.08125
0 0.79375 0.23203125 0.175 0.0640625
22 0.409375 0.39765625 0.1015625 0.159375
11 0.73515625 0.45546875 0.0703125 0.05625
12 0.5671875 0.45859375 0.1125 0.05625