13 0.3390625 0.578125 0.11875 0.1234375
37 0.72421875 0.59765625 0.1484375 0.0921875
23 0.4625 0.5921875 0.1390625 0.1015625
6 0.67578125 0.83125 0.15625 0.0984375
2 0.36875 0.88203125 0.19375 0.10625
7 0.75 0.909375 0.2046875 0.1203125
33 0.534375 0.90546875 0.275 0.1609375
35 0.60390625 0.18828125 0.125 0.1296875
9 0.7609375 0.21484375 0.2140625 0.0890625
8 0.39609375 0.203125 0.1546875 0.0703125
18 0.3546875 0.415625 0.0609375 0.103125
36 0.54296875 0.4515625 0.2171875 0.090625
16 0.759375 0.47265625 0.2265625 0.075
31 0.34140625 0.46015625 0.1171875 0.0421875