27 0.5609375 0.4671875 0.090625 0.0578125
13 0.41015625 0.56484375 0.171875 0.140625
34 0.3609375 0.60234375 0.1515625 0.1078125
9 0.7640625 0.60703125 0.2015625 0.0984375
7 0.55234375 0.61328125 0.2234375 0.0828125
1 0.78828125 0.87421875 0.184375 0.1359375
17 0.40703125 0.90390625 0.1953125 0.0953125
11 0.6328125 0.91875 0.0921875 0.0828125
18 0.653125 0.1828125 0.0796875 0.1203125
6 0.384375 0.19765625 0.2171875 0.090625
8 0.596875 0.21484375 0.1109375 0.0578125
3 0.76015625 0.22734375 0.140625 0.0390625
37 0.5546875 0.4453125 0.15 0.078125
36 0.7203125 0.45859375 0.246875 0.090625
2 0.378125 0.4625 0.1953125 0.0671875