7 0.77890625 0.4703125 0.259375 0.04375
34 0.4046875 0.60390625 0.1609375 0.0703125
9 0.59375 0.609375 0.1703125 0.053125
3 0.796875 0.61875 0.11875 0.0390625
35 0.60234375 0.82734375 0.1078125 0.1203125
16 0.47578125 0.88046875 0.196875 0.0859375
2 0.73359375 0.88515625 0.1640625 0.0890625
13 0.61484375 0.1984375 0.1203125 0.0953125
9 0.41640625 0.2078125 0.1796875 0.071875
0 0.7796875 0.2171875 0.171875 0.0546875
22 0.40390625 0.40234375 0.09375 0.1546875
11 0.7328125 0.44296875 0.0671875 0.053125
12 0.56484375 0.45546875 0.109375 0.05