34 0.38125 0.57578125 0.1265625 0.0890625
9 0.75625 0.603125 0.1984375 0.1015625
7 0.54765625 0.6125 0.2359375 0.0890625
1 0.78359375 0.87734375 0.1734375 0.1375
17 0.40078125 0.9046875 0.1890625 0.0875
11 0.63828125 0.91796875 0.090625 0.08125
8 0.5859375 0.21328125 0.0875 0.0546875
30 0.40234375 0.2140625 0.196875 0.065625
14 0.71484375 0.2203125 0.1140625 0.05
6 0.39921875 0.41953125 0.18125 0.0640625
18 0.7515625 0.43203125 0.06875 0.125
37 0.565625 0.446875 0.1328125 0.0796875
36 0.40703125 0.46015625 0.28125 0.078125