31 0.70234375 0.4640625 0.11875 0.0390625
27 0.36953125 0.58828125 0.153125 0.1109375
33 0.5390625 0.60234375 0.309375 0.1078125
14 0.7453125 0.60546875 0.1078125 0.0625
23 0.58203125 0.84921875 0.1890625 0.0859375
13 0.5953125 0.8703125 0.153125 0.1578125
11 0.725 0.88984375 0.078125 0.075
15 0.38203125 0.9265625 0.2109375 0.1265625
35 0.3609375 0.18203125 0.1125 0.1328125
34 0.753125 0.203125 0.14375 0.0765625
1 0.57421875 0.2109375 0.196875 0.0609375
37 0.559375 0.440625 0.165625 0.08125
16 0.3984375 0.46796875 0.1984375 0.0671875