34 0.38515625 0.58203125 0.13125 0.0953125
9 0.76171875 0.58984375 0.203125 0.1125
7 0.553125 0.61015625 0.2390625 0.1
1 0.803125 0.86171875 0.18125 0.1453125
17 0.421875 0.909375 0.1921875 0.096875
11 0.66015625 0.91015625 0.09375 0.0859375
8 0.5703125 0.209375 0.0890625 0.059375
30 0.3875 0.21953125 0.1984375 0.0765625
14 0.7 0.209375 0.115625 0.05625
6 0.3953125 0.425 0.1828125 0.0734375
18 0.74765625 0.41953125 0.075 0.128125
37 0.5625 0.44296875 0.1359375 0.0875
36 0.40546875 0.46484375 0.284375 0.0921875