35 0.74765625 0.540625 0.128125 0.1453125
13 0.3390625 0.59921875 0.1375 0.1421875
1 0.63984375 0.59453125 0.20625 0.10625
31 0.46328125 0.628125 0.1359375 0.0578125
22 0.6796875 0.79765625 0.1140625 0.1703125
18 0.3671875 0.85859375 0.0609375 0.1046875
27 0.4875 0.85390625 0.1984375 0.1078125
30 0.41171875 0.9296875 0.1734375 0.1328125
0 0.66875 0.90703125 0.178125 0.103125
13 0.3 0.19453125 0.178125 0.15625
34 0.659375 0.190625 0.178125 0.0890625
35 0.746875 0.3953125 0.13125 0.1359375
33 0.5484375 0.44921875 0.3140625 0.1140625
11 0.32265625 0.48046875 0.0875 0.0734375