7 0.62265625 0.48125 0.1171875 0.0421875
6 0.5796875 0.58359375 0.1875 0.103125
1 0.45234375 0.57578125 0.171875 0.09375
11 0.7078125 0.6203125 0.0828125 0.0703125
22 0.7359375 0.8453125 0.1109375 0.1625
22 0.78125 0.8703125 0.1125 0.171875
30 0.5890625 0.8953125 0.2125 0.1125
36 0.33671875 0.88046875 0.1796875 0.134375
33 0.36484375 0.14765625 0.203125 0.1859375
8 0.5328125 0.21640625 0.0921875 0.0546875
14 0.815625 0.23984375 0.115625 0.053125
31 0.68828125 0.24765625 0.1421875 0.0328125
15 0.79140625 0.44140625 0.1671875 0.1484375
18 0.340625 0.42421875 0.071875 0.11875
34 0.58046875 0.446875 0.1359375 0.090625
37 0.44453125 0.44296875 0.1546875 0.078125
7 0.74296875 0.47421875 0.140625 0.075