23 0.43984375 0.58828125 0.2390625 0.109375
37 0.73203125 0.6109375 0.1734375 0.090625
31 0.58359375 0.6296875 0.13125 0.0546875
18 0.68203125 0.88046875 0.0828125 0.11875
3 0.52109375 0.8765625 0.140625 0.075
27 0.3515625 0.87421875 0.128125 0.11875
13 0.5578125 0.1765625 0.159375 0.15625
0 0.78125 0.22265625 0.1734375 0.075
14 0.41640625 0.21015625 0.1046875 0.0671875
11 0.67421875 0.2234375 0.0859375 0.0734375
34 0.62421875 0.44296875 0.1671875 0.0890625
1 0.4390625 0.4484375 0.21875 0.1015625