10 0.64765625 0.46015625 0.115625 0.04375
13 0.42265625 0.571875 0.1296875 0.1234375
34 0.55390625 0.5765625 0.153125 0.0734375
9 0.73203125 0.59921875 0.2234375 0.0609375
35 0.68671875 0.8109375 0.1109375 0.13125
15 0.80703125 0.87890625 0.2265625 0.121875
7 0.44921875 0.915625 0.215625 0.08125
6 0.57578125 0.1953125 0.190625 0.0984375
30 0.740625 0.18984375 0.1578125 0.078125
12 0.43984375 0.21875 0.1328125 0.05625
22 0.3703125 0.44921875 0.1296875 0.0828125
23 0.771875 0.43046875 0.1609375 0.078125
31 0.5140625 0.46171875 0.1515625 0.0515625