0 0.3953125 0.59453125 0.1890625 0.0890625
34 0.571875 0.59609375 0.140625 0.0859375
9 0.7578125 0.61640625 0.20625 0.0921875
6 0.73984375 0.865625 0.16875 0.125
4 0.5640625 0.87890625 0.16875 0.096875
15 0.3953125 0.8921875 0.190625 0.128125
35 0.7796875 0.1734375 0.1296875 0.1546875
12 0.35234375 0.215625 0.125 0.0578125
37 0.5015625 0.21875 0.2171875 0.0703125
33 0.38828125 0.41015625 0.2 0.16875
18 0.53359375 0.41875 0.075 0.1078125
27 0.75234375 0.4328125 0.1921875 0.121875
36 0.58984375 0.446875 0.24375 0.1