35 0.7765625 0.54609375 0.11875 0.14375
13 0.3625 0.59296875 0.1484375 0.1203125
1 0.54296875 0.59140625 0.18125 0.090625
14 0.7203125 0.60625 0.11875 0.0734375
22 0.68515625 0.80625 0.10625 0.165625
11 0.38359375 0.8765625 0.0765625 0.071875
18 0.40546875 0.8984375 0.0671875 0.1125
8 0.64609375 0.903125 0.140625 0.0953125
37 0.74140625 0.19765625 0.203125 0.078125
3 0.503125 0.22265625 0.1390625 0.0484375
23 0.5609375 0.44296875 0.1625 0.1171875
34 0.38359375 0.4578125 0.15 0.0890625
36 0.78984375 0.43125 0.125 0.078125
36 0.68125 0.44296875 0.0859375 0.0625