35 0.746875 0.5453125 0.1265625 0.14375
13 0.3375 0.59609375 0.134375 0.1390625
1 0.63828125 0.596875 0.2046875 0.103125
31 0.4609375 0.62734375 0.1359375 0.0546875
22 0.67421875 0.80078125 0.1109375 0.16875
18 0.3609375 0.85625 0.059375 0.1046875
27 0.48125 0.85390625 0.196875 0.1046875
30 0.4046875 0.928125 0.171875 0.1296875
0 0.66171875 0.91015625 0.1765625 0.1
13 0.30546875 0.190625 0.1765625 0.1546875
34 0.66484375 0.19296875 0.1765625 0.0859375
35 0.74921875 0.39921875 0.128125 0.134375
33 0.54921875 0.45 0.3125 0.1078125
11 0.32265625 0.47734375 0.0859375 0.071875