13 0.4078125 0.56796875 0.1625 0.1296875
9 0.76015625 0.590625 0.209375 0.10625
7 0.5578125 0.609375 0.2234375 0.0875
14 0.3640625 0.61953125 0.0984375 0.065625
1 0.8046875 0.86328125 0.1765625 0.1390625
17 0.42578125 0.9109375 0.1890625 0.090625
11 0.6546875 0.9078125 0.0875 0.075
8 0.5734375 0.2078125 0.1 0.0546875
3 0.7421875 0.21640625 0.128125 0.0328125
18 0.690625 0.40625 0.0703125 0.08125
6 0.396875 0.43203125 0.1578125 0.059375
37 0.5578125 0.44296875 0.15 0.0734375
36 0.71171875 0.446875 0.259375 0.0859375
30 0.4328125 0.46796875 0.25625 0.0703125