35 0.7359375 0.58671875 0.1203125 0.14375
13 0.32890625 0.5703125 0.1265625 0.1375
27 0.4484375 0.596875 0.1578125 0.11875
11 0.740625 0.6390625 0.084375 0.0734375
6 0.6578125 0.84609375 0.159375 0.1125
18 0.309375 0.82890625 0.065625 0.1046875
1 0.525 0.88046875 0.184375 0.1109375
17 0.3484375 0.92734375 0.2390625 0.1140625
22 0.55078125 0.1640625 0.125 0.1859375
35 0.40390625 0.17109375 0.1359375 0.1375
3 0.759375 0.2453125 0.1515625 0.053125
36 0.5125 0.4515625 0.221875 0.1
30 0.734375 0.4765625 0.178125 0.09375
14 0.35859375 0.44609375 0.096875 0.0625