31 0.34296875 0.4484375 0.134375 0.053125
35 0.6859375 0.5890625 0.125 0.1453125
13 0.31953125 0.56953125 0.1390625 0.1375
23 0.44296875 0.58671875 0.1484375 0.1125
37 0.5921875 0.6203125 0.1671875 0.10625
6 0.64609375 0.8453125 0.1671875 0.1078125
2 0.3375 0.871875 0.209375 0.1234375
33 0.49296875 0.89375 0.290625 0.171875
7 0.70625 0.92890625 0.2078125 0.13125
35 0.62734375 0.19765625 0.13125 0.1359375
9 0.784375 0.2390625 0.215625 0.1015625
34 0.409375 0.1953125 0.1765625 0.0984375
18 0.3625 0.4046875 0.0671875 0.109375
36 0.51953125 0.45234375 0.21875 0.1
30 0.73671875 0.4828125 0.1734375 0.090625