13 0.34609375 0.59140625 0.1171875 0.121875
37 0.73203125 0.578125 0.146875 0.0890625
23 0.4703125 0.59453125 0.1375 0.0984375
6 0.70390625 0.81484375 0.1546875 0.096875
2 0.40234375 0.8921875 0.19375 0.103125
7 0.78515625 0.88671875 0.203125 0.1171875
33 0.56953125 0.9015625 0.2734375 0.15625
35 0.5765625 0.1796875 0.1234375 0.128125
9 0.73515625 0.19375 0.2140625 0.0859375
8 0.37109375 0.21328125 0.153125 0.0671875
18 0.34765625 0.42890625 0.059375 0.1015625
36 0.5390625 0.44765625 0.2171875 0.0875
16 0.75625 0.45 0.2265625 0.071875
31 0.33828125 0.47421875 0.1171875 0.040625