9 0.53671875 0.58828125 0.2578125 0.1046875
9 0.77734375 0.63046875 0.1703125 0.0625
15 0.6171875 0.846875 0.19375 0.1234375
13 0.47265625 0.86328125 0.140625 0.1375
4 0.3578125 0.87265625 0.15 0.0984375
23 0.66875 0.909375 0.15625 0.090625
30 0.56171875 0.21640625 0.196875 0.075
12 0.4046875 0.20625 0.11875 0.05625
31 0.8140625 0.25390625 0.1765625 0.0484375
22 0.74453125 0.41796875 0.1171875 0.159375
37 0.41796875 0.4453125 0.159375 0.0796875
8 0.815625 0.4828125 0.140625 0.06875
16 0.6 0.46953125 0.2 0.0671875