13 0.40234375 0.54921875 0.1625 0.1328125
34 0.34765625 0.58984375 0.1421875 0.1015625
9 0.7453125 0.621875 0.20625 0.1109375
7 0.54375 0.615625 0.225 0.0875
1 0.7625 0.89375 0.171875 0.1375
17 0.38125 0.8953125 0.18125 0.0953125
11 0.60546875 0.9265625 0.0859375 0.084375
6 0.40546875 0.1890625 0.20625 0.1078125
8 0.61015625 0.21796875 0.1140625 0.059375
31 0.79765625 0.2484375 0.1359375 0.0328125
37 0.559375 0.45 0.1578125 0.0859375
14 0.671875 0.46171875 0.10625 0.05625
2 0.3796875 0.45234375 0.1859375 0.071875