13 0.40625 0.5484375 0.1640625 0.13125
9 0.7421875 0.62578125 0.2046875 0.1078125
23 0.3578125 0.5953125 0.190625 0.1125
7 0.53984375 0.61796875 0.228125 0.096875
1 0.75078125 0.89921875 0.1875 0.1390625
17 0.378125 0.89765625 0.1921875 0.10625
11 0.596875 0.925 0.0890625 0.0796875
34 0.38671875 0.190625 0.16875 0.096875
8 0.6140625 0.21953125 0.1109375 0.0609375
31 0.79765625 0.2578125 0.1375 0.0375
37 0.54609375 0.4484375 0.1390625 0.0875
6 0.65 0.465625 0.171875 0.0984375
2 0.38125 0.45546875 0.19375 0.071875