0 0.3875 0.58515625 0.1859375 0.0875
34 0.56328125 0.60234375 0.1390625 0.0828125
9 0.74609375 0.63828125 0.2046875 0.0875
6 0.70703125 0.88515625 0.1671875 0.121875
4 0.53046875 0.8828125 0.1671875 0.0953125
15 0.3609375 0.88203125 0.1890625 0.125
35 0.80703125 0.1984375 0.1265625 0.1515625
12 0.37734375 0.20390625 0.1234375 0.05625
37 0.52578125 0.21953125 0.215625 0.065625
33 0.396875 0.40078125 0.1984375 0.165625
18 0.540625 0.421875 0.0734375 0.1078125
27 0.75703125 0.45546875 0.190625 0.1203125
36 0.59375 0.4546875 0.2421875 0.0953125