10 0.6515625 0.475 0.1171875 0.046875
34 0.54609375 0.58125 0.15625 0.078125
30 0.51171875 0.61015625 0.215625 0.0921875
9 0.7203125 0.62265625 0.225 0.0703125
35 0.5828125 0.8640625 0.134375 0.1515625
15 0.74609375 0.8703125 0.23125 0.1328125
31 0.428125 0.88125 0.1375 0.08125
13 0.79609375 0.20625 0.11875 0.1078125
6 0.61953125 0.2046875 0.2 0.1
12 0.4734375 0.21484375 0.1234375 0.059375
22 0.37578125 0.4359375 0.1328125 0.0890625
23 0.778125 0.459375 0.1640625 0.084375
8 0.521875 0.4515625 0.0875 0.05625