35 0.74921875 0.5578125 0.1125 0.1390625
13 0.3390625 0.58828125 0.1328125 0.109375
8 0.5625 0.59296875 0.1140625 0.0703125
22 0.646875 0.81171875 0.0953125 0.15625
18 0.3328125 0.84609375 0.05625 0.1
2 0.60234375 0.90078125 0.265625 0.08125
30 0.371875 0.92265625 0.171875 0.1234375
3 0.76640625 0.94765625 0.1734375 0.08125
13 0.3296875 0.17734375 0.1796875 0.146875
34 0.4828125 0.20859375 0.165625 0.075
37 0.72734375 0.21015625 0.190625 0.071875
6 0.73359375 0.4421875 0.175 0.0890625
31 0.56953125 0.4640625 0.1234375 0.034375