31 0.37109375 0.48046875 0.14375 0.05
27 0.3734375 0.59296875 0.159375 0.11875
14 0.75 0.596875 0.1125 0.0703125
16 0.55859375 0.6140625 0.1953125 0.0828125
23 0.6015625 0.853125 0.20625 0.1015625
13 0.60625 0.871875 0.1734375 0.165625
11 0.7375 0.88125 0.0796875 0.078125
15 0.3984375 0.92890625 0.2125 0.1375
35 0.3515625 0.18671875 0.1140625 0.1328125
34 0.74296875 0.1921875 0.140625 0.078125
1 0.565625 0.2078125 0.1921875 0.0671875
22 0.56640625 0.39765625 0.10625 0.1703125
3 0.76015625 0.44140625 0.159375 0.059375