9 0.54453125 0.584375 0.25 0.0828125
9 0.7875 0.60625 0.165625 0.05
15 0.740625 0.82265625 0.196875 0.1171875
27 0.5890625 0.85 0.1296875 0.115625
13 0.81171875 0.8625 0.096875 0.134375
23 0.4 0.89609375 0.15 0.0765625
37 0.60078125 0.21015625 0.153125 0.0671875
34 0.7796875 0.21171875 0.1296875 0.065625
30 0.43671875 0.21328125 0.1390625 0.05625
22 0.75 0.396875 0.1109375 0.15
33 0.4875 0.40078125 0.2796875 0.134375
12 0.40234375 0.45234375 0.103125 0.053125
16 0.653125 0.4625 0.184375 0.0515625