13 0.41171875 0.5578125 0.159375 0.125
9 0.7546875 0.60078125 0.2015625 0.1
23 0.36953125 0.609375 0.1875 0.10625
7 0.5515625 0.61328125 0.225 0.0890625
1 0.79140625 0.87109375 0.184375 0.1328125
17 0.4203125 0.9078125 0.1890625 0.1
11 0.64140625 0.9125 0.0875 0.0765625
34 0.35546875 0.20390625 0.165625 0.0921875
8 0.58359375 0.209375 0.109375 0.05625
31 0.7703125 0.228125 0.1375 0.0328125
37 0.540625 0.44375 0.1359375 0.084375
6 0.6453125 0.44921875 0.16875 0.0921875
2 0.3765625 0.4671875 0.190625 0.065625