15 0.63671875 0.5625 0.2515625 0.0921875
33 0.62109375 0.59921875 0.2515625 0.1109375
31 0.3078125 0.58671875 0.128125 0.05
27 0.2640625 0.85546875 0.128125 0.103125
3 0.42421875 0.87265625 0.1625 0.0671875
18 0.45859375 0.19296875 0.059375 0.10625
34 0.30703125 0.19140625 0.1671875 0.0859375
37 0.565625 0.2140625 0.165625 0.08125
1 0.6890625 0.2296875 0.140625 0.06875
13 0.3046875 0.42109375 0.1109375 0.10625
23 0.43828125 0.43671875 0.1390625 0.090625
6 0.690625 0.45859375 0.209375 0.1125
11 0.5359375 0.4625 0.084375 0.06875