3 0.46328125 0.4734375 0.1359375 0.053125
7 0.61484375 0.46328125 0.115625 0.0421875
13 0.446875 0.55078125 0.1515625 0.1125
6 0.59609375 0.565625 0.178125 0.0953125
11 0.77109375 0.56640625 0.0921875 0.071875
9 0.45390625 0.6140625 0.2984375 0.128125
16 0.7234375 0.60078125 0.240625 0.0734375
22 0.78359375 0.80234375 0.096875 0.153125
30 0.43515625 0.85078125 0.1546875 0.078125
22 0.8375 0.8234375 0.11875 0.1796875
36 0.57890625 0.8484375 0.140625 0.0828125
35 0.70390625 0.8484375 0.11875 0.146875
17 0.42265625 0.9203125 0.203125 0.103125
1 0.8109375 0.8953125 0.2078125 0.1421875
2 0.57265625 0.9265625 0.125 0.0875
33 0.3171875 0.16796875 0.2 0.2
35 0.75 0.1578125 0.109375 0.1484375
18 0.80546875 0.16015625 0.0734375 0.1296875
27 0.6390625 0.18046875 0.140625 0.096875
37 0.4671875 0.2140625 0.190625 0.08125
15 0.778125 0.39765625 0.178125 0.1671875
34 0.559375 0.428125 0.1203125 0.08125
0 0.40078125 0.45078125 0.1734375 0.0796875
7 0.73984375 0.43828125 0.1453125 0.078125
14 0.33671875 0.47734375 0.1015625 0.0640625