23 0.728125 0.59765625 0.15 0.0828125
31 0.3828125 0.59453125 0.140625 0.0671875
10 0.57109375 0.6296875 0.225 0.0578125
22 0.65078125 0.82265625 0.09375 0.1640625
22 0.55078125 0.81796875 0.1 0.1640625
27 0.7703125 0.903125 0.1609375 0.1375
15 0.3859375 0.88203125 0.2078125 0.1390625
13 0.63828125 0.20546875 0.1578125 0.10625
12 0.80703125 0.24296875 0.146875 0.059375
4 0.43359375 0.2171875 0.125 0.0546875
8 0.6515625 0.4578125 0.1078125 0.065625
1 0.7890625 0.47265625 0.18125 0.071875
9 0.44453125 0.45390625 0.190625 0.06875