1 0.4265625 0.59609375 0.175 0.109375
9 0.74921875 0.6046875 0.2109375 0.109375
37 0.5578125 0.60703125 0.1625 0.096875
27 0.75546875 0.8640625 0.15625 0.128125
30 0.48046875 0.865625 0.1546875 0.084375
6 0.365625 0.90234375 0.18125 0.1375
33 0.37265625 0.18671875 0.253125 0.13125
14 0.690625 0.21796875 0.11875 0.065625
31 0.565625 0.2296875 0.1390625 0.0375
18 0.359375 0.41875 0.0703125 0.10625
34 0.58671875 0.43984375 0.1390625 0.0890625
0 0.7171875 0.453125 0.1609375 0.0828125
8 0.409375 0.45546875 0.1328125 0.06875