13 0.4796875 0.5609375 0.14375 0.1203125
3 0.3625 0.61484375 0.134375 0.0640625
7 0.76875 0.62578125 0.1875 0.0828125
31 0.57578125 0.6234375 0.1421875 0.0546875
2 0.7453125 0.8890625 0.2046875 0.10625
1 0.57421875 0.90703125 0.2125 0.0984375
13 0.81484375 0.19765625 0.1265625 0.10625
15 0.41796875 0.21953125 0.2671875 0.065625
22 0.60078125 0.39453125 0.109375 0.1515625
33 0.43515625 0.440625 0.2578125 0.1015625
37 0.56953125 0.46171875 0.1953125 0.0765625
16 0.753125 0.46640625 0.196875 0.0671875