7 0.34453125 0.47109375 0.1859375 0.071875
27 0.51015625 0.58671875 0.1359375 0.1046875
6 0.7296875 0.5890625 0.18125 0.1078125
0 0.6125 0.8796875 0.1109375 0.109375
37 0.41171875 0.884375 0.1890625 0.090625
0 0.75390625 0.9046875 0.0953125 0.06875
9 0.76171875 0.1984375 0.21875 0.0953125
3 0.34765625 0.22734375 0.1375 0.046875
31 0.50546875 0.2296875 0.14375 0.0421875
34 0.37578125 0.43828125 0.125 0.0796875
8 0.5140625 0.45078125 0.1109375 0.0609375
14 0.6859375 0.45 0.1109375 0.0625
11 0.78984375 0.4515625 0.08125 0.0703125