31 0.5375 0.46953125 0.1359375 0.0453125
27 0.37109375 0.590625 0.1375 0.1
9 0.75546875 0.59921875 0.203125 0.0984375
3 0.5484375 0.621875 0.1421875 0.0671875
30 0.7734375 0.8734375 0.1703125 0.109375
36 0.64296875 0.88046875 0.1421875 0.1234375
7 0.38515625 0.8875 0.1796875 0.1265625
35 0.796875 0.1640625 0.128125 0.1421875
34 0.65078125 0.19765625 0.1515625 0.0875
8 0.39140625 0.21484375 0.11875 0.053125
18 0.70546875 0.43203125 0.0609375 0.115625
6 0.38828125 0.440625 0.165625 0.0953125
14 0.70234375 0.4484375 0.10625 0.05
11 0.796875 0.45078125 0.084375 0.071875