36 0.56875 0.57265625 0.2890625 0.1046875
34 0.40078125 0.61328125 0.1796875 0.090625
27 0.43828125 0.871875 0.1984375 0.1125
9 0.80078125 0.86953125 0.2171875 0.1265625
4 0.6546875 0.88125 0.1484375 0.096875
13 0.42734375 0.18671875 0.1359375 0.1359375
15 0.59140625 0.20703125 0.1640625 0.0890625
11 0.34921875 0.225 0.0921875 0.06875
0 0.77109375 0.19921875 0.1140625 0.078125
22 0.409375 0.4046875 0.1 0.1625
8 0.7484375 0.42734375 0.075 0.059375
12 0.37890625 0.46953125 0.115625 0.0703125
16 0.55234375 0.46171875 0.19375 0.065625