35 0.75 0.56796875 0.115625 0.1375
13 0.33203125 0.5796875 0.1234375 0.1125
17 0.61015625 0.6203125 0.2609375 0.075
31 0.4421875 0.625 0.13125 0.0484375
22 0.64140625 0.8203125 0.1078125 0.159375
18 0.3234375 0.83984375 0.0578125 0.1015625
0 0.625 0.92265625 0.1828125 0.103125
30 0.35703125 0.92265625 0.1765625 0.1296875
13 0.3375 0.17421875 0.178125 0.15
37 0.73828125 0.21796875 0.209375 0.078125
35 0.75703125 0.4265625 0.121875 0.1296875
1 0.40859375 0.44453125 0.196875 0.0734375
34 0.61875 0.45 0.14375 0.0890625