9 0.5578125 0.60234375 0.28125 0.1
12 0.36640625 0.59609375 0.115625 0.065625
9 0.77109375 0.62109375 0.21875 0.084375
2 0.67578125 0.8859375 0.2203125 0.1109375
16 0.37890625 0.875 0.1828125 0.1046875
10 0.50703125 0.88984375 0.1078125 0.0828125
15 0.36328125 0.18203125 0.140625 0.11875
27 0.75859375 0.2109375 0.2 0.0984375
8 0.5859375 0.221875 0.0953125 0.0484375
18 0.6640625 0.42734375 0.0671875 0.1046875
34 0.54453125 0.4515625 0.175 0.0765625
11 0.40234375 0.45078125 0.0828125 0.0703125
4 0.78515625 0.47421875 0.1515625 0.0625