34 0.3859375 0.58203125 0.128125 0.0921875
9 0.7609375 0.5890625 0.2 0.1046875
7 0.55390625 0.61015625 0.2375 0.0921875
1 0.80234375 0.8625 0.1765625 0.140625
17 0.421875 0.909375 0.190625 0.090625
11 0.659375 0.91015625 0.0921875 0.0828125
8 0.57109375 0.209375 0.0875 0.05625
30 0.3875 0.21953125 0.196875 0.06875
14 0.7 0.209375 0.1140625 0.0515625
6 0.3953125 0.425 0.18125 0.0671875
18 0.74765625 0.41875 0.071875 0.125
37 0.56328125 0.44375 0.134375 0.0828125
36 0.4046875 0.46484375 0.2828125 0.0828125