7 0.62109375 0.4671875 0.1109375 0.0453125
13 0.45 0.55234375 0.15 0.121875
6 0.59453125 0.57421875 0.1734375 0.1
11 0.76875 0.58125 0.084375 0.06875
9 0.44375 0.609375 0.2921875 0.125
3 0.7 0.60234375 0.1484375 0.059375
22 0.7765625 0.80859375 0.1125 0.153125
35 0.67109375 0.83125 0.1140625 0.1359375
30 0.4171875 0.84921875 0.1640625 0.075
22 0.82421875 0.83671875 0.121875 0.1828125
1 0.7875 0.9046875 0.1921875 0.1515625
36 0.39609375 0.93203125 0.2 0.128125
2 0.56875 0.92421875 0.140625 0.0828125
33 0.3359375 0.16484375 0.203125 0.2
35 0.76328125 0.16796875 0.0984375 0.13125
18 0.81640625 0.171875 0.078125 0.1125
27 0.65859375 0.1890625 0.153125 0.1109375
37 0.478125 0.215625 0.1703125 0.0765625
15 0.7734375 0.409375 0.175 0.1578125
34 0.5640625 0.4359375 0.1203125 0.0875
0 0.4015625 0.45078125 0.1859375 0.0765625
7 0.746875 0.44609375 0.146875 0.078125
14 0.33671875 0.4703125 0.0984375 0.0671875