1 0.43046875 0.58515625 0.159375 0.11875
9 0.74453125 0.6265625 0.2125 0.1125
37 0.55078125 0.609375 0.1515625 0.1015625
11 0.334375 0.60390625 0.0890625 0.078125
27 0.72109375 0.88671875 0.15625 0.1296875
30 0.41015625 0.86015625 0.240625 0.0828125
34 0.33671875 0.91015625 0.1734375 0.1203125
17 0.5515625 0.95 0.225 0.1
8 0.60078125 0.22109375 0.0875 0.0609375
14 0.73515625 0.23828125 0.1203125 0.0625
18 0.7515625 0.43046875 0.0609375 0.0703125
35 0.55859375 0.41953125 0.11875 0.146875
15 0.77265625 0.4734375 0.225 0.109375
6 0.421875 0.44375 0.196875 0.1078125
36 0.6109375 0.4734375 0.090625 0.0640625