6 0.628125 0.5765625 0.16875 0.0984375
17 0.32265625 0.57734375 0.0734375 0.146875
35 0.7921875 0.5859375 0.1203125 0.1453125
1 0.440625 0.590625 0.1859375 0.0828125
23 0.67265625 0.5921875 0.1984375 0.09375
22 0.7640625 0.81796875 0.0890625 0.15625
22 0.67109375 0.82109375 0.1078125 0.1671875
15 0.3984375 0.8625 0.2125 0.1265625
31 0.565625 0.875 0.1171875 0.065625
0 0.74765625 0.8875 0.1984375 0.096875
33 0.3796875 0.18359375 0.2484375 0.1296875
27 0.79140625 0.19453125 0.1328125 0.1
37 0.65625 0.2109375 0.1640625 0.071875
7 0.471875 0.221875 0.2203125 0.0609375
9 0.41328125 0.44921875 0.2734375 0.090625
8 0.721875 0.45625 0.153125 0.0640625