3 0.46875 0.46640625 0.1375 0.05625
7 0.6203125 0.4859375 0.1140625 0.04375
13 0.43828125 0.53984375 0.1546875 0.115625
6 0.58203125 0.5828125 0.1796875 0.0984375
11 0.753125 0.6171875 0.0953125 0.0734375
9 0.43359375 0.60234375 0.303125 0.1328125
16 0.7 0.640625 0.2421875 0.078125
22 0.7203125 0.85078125 0.1015625 0.15625
30 0.36953125 0.83125 0.15625 0.0828125
22 0.76953125 0.88125 0.1234375 0.1828125
36 0.5109375 0.85703125 0.1421875 0.0859375
35 0.63359375 0.88046875 0.121875 0.15
17 0.34453125 0.89765625 0.20625 0.10625
1 0.7296875 0.9375 0.2125 0.125
2 0.48984375 0.93203125 0.1265625 0.090625
33 0.384375 0.1390625 0.203125 0.2046875
35 0.8109375 0.2125 0.1125 0.15
18 0.86484375 0.225 0.0765625 0.1328125
27 0.69765625 0.21328125 0.14375 0.1
37 0.52265625 0.21328125 0.1921875 0.084375
15 0.7921875 0.453125 0.18125 0.1703125
34 0.57265625 0.440625 0.121875 0.0828125
0 0.4125 0.4328125 0.175 0.0828125
7 0.74765625 0.48515625 0.146875 0.0796875
14 0.34375 0.446875 0.103125 0.065625