9 0.7265625 0.584375 0.2203125 0.1109375
6 0.3875 0.5921875 0.1734375 0.103125
30 0.546875 0.6 0.175 0.1046875
22 0.60703125 0.825 0.1078125 0.171875
22 0.515625 0.828125 0.1171875 0.1703125
13 0.39453125 0.865625 0.1359375 0.1609375
0 0.74921875 0.86171875 0.1828125 0.1203125
35 0.34296875 0.178125 0.1125 0.1390625
8 0.715625 0.2046875 0.09375 0.05
7 0.50078125 0.2203125 0.23125 0.075
36 0.6796875 0.44140625 0.0640625 0.0515625
36 0.790625 0.4421875 0.1234375 0.090625
34 0.38515625 0.45546875 0.14375 0.09375
15 0.57265625 0.459375 0.2671875 0.0875