36 0.56640625 0.57578125 0.2875 0.09375
34 0.39609375 0.609375 0.178125 0.084375
27 0.425 0.86953125 0.1953125 0.10625
9 0.78828125 0.88046875 0.2125 0.11875
4 0.64140625 0.88671875 0.1453125 0.0921875
13 0.43828125 0.18359375 0.13125 0.1296875
15 0.60234375 0.2109375 0.1625 0.084375
11 0.359375 0.21953125 0.0890625 0.065625
0 0.78203125 0.209375 0.1125 0.0734375
22 0.41328125 0.4015625 0.0953125 0.159375
8 0.7515625 0.43515625 0.075 0.0578125
12 0.3796875 0.465625 0.1140625 0.065625
16 0.553125 0.4640625 0.1921875 0.059375