31 0.53984375 0.47265625 0.1375 0.05
27 0.36484375 0.58125 0.140625 0.103125
9 0.7484375 0.6171875 0.20625 0.10625
3 0.53984375 0.625 0.14375 0.071875
30 0.746875 0.89140625 0.1734375 0.115625
36 0.615625 0.8890625 0.146875 0.128125
7 0.3578125 0.878125 0.184375 0.1328125
35 0.81953125 0.1859375 0.1328125 0.146875
34 0.671875 0.20859375 0.1546875 0.0921875
8 0.4109375 0.20859375 0.1203125 0.0578125
18 0.709375 0.446875 0.065625 0.1171875
6 0.3921875 0.43359375 0.16875 0.1
14 0.70546875 0.46328125 0.1078125 0.053125
11 0.79921875 0.471875 0.0859375 0.075