3 0.6203125 0.4640625 0.1515625 0.059375
13 0.41640625 0.5703125 0.1609375 0.15
9 0.75859375 0.58984375 0.2109375 0.1078125
23 0.3671875 0.61640625 0.146875 0.1125
7 0.5609375 0.6109375 0.228125 0.0953125
1 0.80390625 0.86015625 0.178125 0.1359375
17 0.440625 0.9109375 0.19375 0.1078125
11 0.65703125 0.90625 0.0953125 0.0828125
34 0.34453125 0.2125 0.1640625 0.1
8 0.5734375 0.209375 0.1046875 0.0578125
31 0.76640625 0.2109375 0.1203125 0.0390625
14 0.66640625 0.43203125 0.1 0.04375
37 0.55703125 0.440625 0.1625 0.0890625
6 0.38046875 0.45078125 0.1609375 0.10625