6 0.621875 0.58359375 0.1734375 0.103125
37 0.76796875 0.5796875 0.14375 0.0703125
9 0.43828125 0.59921875 0.190625 0.109375
35 0.821875 0.8125 0.103125 0.14375
13 0.3890625 0.853125 0.1015625 0.1234375
15 0.54453125 0.86484375 0.2125 0.103125
7 0.72890625 0.865625 0.1296875 0.10625
30 0.775 0.2 0.146875 0.0609375
31 0.62578125 0.2203125 0.1578125 0.040625
22 0.45859375 0.40078125 0.0875 0.1546875
27 0.79609375 0.421875 0.1671875 0.109375
12 0.415625 0.45859375 0.1078125 0.0546875
4 0.571875 0.45234375 0.15 0.06875