37 0.7328125 0.5703125 0.1484375 0.0921875
13 0.5875 0.584375 0.1734375 0.11875
33 0.41015625 0.615625 0.2671875 0.10625
6 0.715625 0.81171875 0.1578125 0.1140625
2 0.4140625 0.89609375 0.1921875 0.1125
7 0.79765625 0.8796875 0.203125 0.125
35 0.5625 0.1765625 0.128125 0.1328125
8 0.359375 0.21875 0.1609375 0.06875
9 0.72890625 0.1875 0.2171875 0.1015625
18 0.3453125 0.43515625 0.065625 0.10625
23 0.7046875 0.4203125 0.2046875 0.103125
36 0.53984375 0.4453125 0.228125 0.1109375
11 0.74921875 0.43984375 0.0828125 0.0703125
31 0.33515625 0.47890625 0.1390625 0.0484375