1 0.4265625 0.59609375 0.171875 0.103125
9 0.74921875 0.6046875 0.2078125 0.1015625
37 0.5578125 0.60703125 0.159375 0.090625
27 0.75546875 0.8640625 0.15 0.125
30 0.48046875 0.865625 0.1515625 0.0796875
6 0.365625 0.90234375 0.1765625 0.13125
33 0.37265625 0.18671875 0.2484375 0.1234375
14 0.690625 0.21796875 0.1171875 0.0609375
31 0.565625 0.2296875 0.1375 0.0328125
18 0.359375 0.41875 0.0671875 0.1046875
34 0.58671875 0.43984375 0.1359375 0.084375
0 0.7171875 0.453125 0.1578125 0.078125
8 0.409375 0.45546875 0.13125 0.0625