10 0.81171875 0.49375 0.134375 0.0421875
1 0.615625 0.59453125 0.1171875 0.0984375
12 0.45625 0.5921875 0.1046875 0.059375
0 0.8046875 0.62109375 0.1765625 0.0953125
30 0.771875 0.91015625 0.1546875 0.1046875
31 0.403125 0.884375 0.146875 0.0671875
18 0.859375 0.21640625 0.090625 0.1140625
34 0.4234375 0.20078125 0.1546875 0.078125
37 0.709375 0.22890625 0.1515625 0.06875
4 0.55625 0.2203125 0.14375 0.0578125
22 0.4296875 0.39296875 0.1078125 0.1640625
35 0.68046875 0.42578125 0.1140625 0.140625