7 0.628125 0.48125 0.1140625 0.040625
13 0.44140625 0.55859375 0.15625 0.146875
6 0.584375 0.58515625 0.184375 0.103125
9 0.6828125 0.6140625 0.2875 0.1125
22 0.73984375 0.8484375 0.1109375 0.165625
1 0.6 0.859375 0.209375 0.1109375
22 0.78046875 0.87265625 0.1171875 0.1703125
36 0.34375 0.8734375 0.184375 0.134375
33 0.37890625 0.1484375 0.2046875 0.1859375
35 0.5578125 0.18203125 0.1296875 0.1375
27 0.69140625 0.21171875 0.1671875 0.0984375
14 0.825 0.23984375 0.1125 0.0515625
15 0.7921875 0.4390625 0.175 0.159375
18 0.34375 0.425 0.0734375 0.11875
34 0.57734375 0.4421875 0.134375 0.096875
37 0.44375 0.44296875 0.1484375 0.0765625
7 0.74375 0.478125 0.1390625 0.0796875