17 0.54140625 0.46953125 0.2234375 0.05625
9 0.72734375 0.5859375 0.2171875 0.1109375
8 0.3765625 0.603125 0.1234375 0.0796875
30 0.5515625 0.60390625 0.1703125 0.096875
22 0.59765625 0.8265625 0.125 0.18125
13 0.390625 0.859375 0.1578125 0.1703125
0 0.73359375 0.8640625 0.1921875 0.1109375
1 0.546875 0.909375 0.234375 0.1015625
22 0.7359375 0.16953125 0.1078125 0.1625
35 0.34765625 0.1765625 0.1140625 0.1390625
7 0.50078125 0.221875 0.225 0.0765625
36 0.7921875 0.45078125 0.1296875 0.0890625
34 0.36171875 0.4515625 0.1484375 0.096875
36 0.6875 0.45234375 0.084375 0.0609375