10 0.41640625 0.47890625 0.2421875 0.0421875
36 0.76796875 0.58984375 0.1875 0.1046875
23 0.59765625 0.596875 0.1453125 0.0828125
8 0.42734375 0.60625 0.134375 0.065625
15 0.78046875 0.8515625 0.15625 0.15625
34 0.5546875 0.859375 0.1609375 0.1015625
4 0.41484375 0.871875 0.1328125 0.090625
13 0.790625 0.18671875 0.1671875 0.1140625
31 0.63828125 0.228125 0.1796875 0.0359375
18 0.74609375 0.415625 0.0671875 0.103125
30 0.45625 0.4390625 0.1875 0.0765625
11 0.58046875 0.44765625 0.0828125 0.078125
33 0.70078125 0.45 0.303125 0.08125