6 0.621875 0.5578125 0.1546875 0.05625
34 0.403125 0.57890625 0.1578125 0.0734375
35 0.78984375 0.57890625 0.115625 0.1453125
23 0.63984375 0.59609375 0.203125 0.09375
3 0.4375 0.628125 0.1484375 0.059375
22 0.765625 0.81640625 0.0890625 0.1625
22 0.6828125 0.81796875 0.0984375 0.1671875
31 0.571875 0.859375 0.1203125 0.0515625
9 0.78203125 0.92109375 0.2078125 0.13125
30 0.553125 0.92578125 0.171875 0.1171875
1 0.37578125 0.94609375 0.1859375 0.096875
33 0.36875 0.18359375 0.246875 0.121875
27 0.790625 0.19453125 0.13125 0.0921875
7 0.46484375 0.21484375 0.2203125 0.0578125
37 0.6484375 0.21171875 0.159375 0.065625
13 0.64140625 0.425 0.1625 0.1015625
0 0.3953125 0.43828125 0.153125 0.059375
14 0.52578125 0.45390625 0.0953125 0.05625
8 0.421875 0.4578125 0.1359375 0.059375