12 0.4203125 0.6 0.1421875 0.06875
8 0.7296875 0.6046875 0.10625 0.059375
10 0.59453125 0.62421875 0.1328125 0.0546875
18 0.8296875 0.8890625 0.078125 0.1234375
9 0.64375 0.89453125 0.2890625 0.0984375
1 0.38984375 0.91640625 0.20625 0.109375
22 0.78984375 0.1546875 0.1140625 0.1890625
11 0.39765625 0.21328125 0.090625 0.0703125
30 0.57734375 0.2140625 0.1828125 0.071875
35 0.72578125 0.42109375 0.1234375 0.1484375
23 0.59765625 0.440625 0.1390625 0.084375
37 0.43828125 0.44375 0.2015625 0.0984375