0 0.40390625 0.6 0.18125 0.0796875
4 0.540625 0.61015625 0.1875 0.075
10 0.74609375 0.60859375 0.13125 0.05625
8 0.41953125 0.8671875 0.140625 0.06875
34 0.61484375 0.8609375 0.1328125 0.090625
9 0.78828125 0.8921875 0.2125 0.11875
35 0.7640625 0.16015625 0.128125 0.1421875
37 0.36640625 0.21484375 0.1765625 0.0765625
12 0.578125 0.2125 0.165625 0.0578125
33 0.390625 0.41796875 0.20625 0.15
27 0.74765625 0.41796875 0.1953125 0.1125
18 0.515625 0.43046875 0.0734375 0.1171875
36 0.60546875 0.44140625 0.146875 0.090625