8 0.52890625 0.59765625 0.146875 0.071875
22 0.37890625 0.59609375 0.10625 0.103125
12 0.72734375 0.60390625 0.13125 0.0765625
36 0.73671875 0.88515625 0.1984375 0.140625
0 0.51484375 0.88828125 0.178125 0.115625
30 0.3625 0.89140625 0.1515625 0.0984375
33 0.44609375 0.21171875 0.2453125 0.0890625
37 0.68671875 0.221875 0.165625 0.0734375
3 0.803125 0.22734375 0.165625 0.0578125
35 0.39765625 0.40703125 0.1234375 0.13125
34 0.50546875 0.4546875 0.1328125 0.0765625
16 0.69453125 0.4640625 0.2046875 0.071875