3 0.61953125 0.4828125 0.153125 0.053125
13 0.40625 0.55390625 0.1765625 0.121875
9 0.75234375 0.62265625 0.203125 0.10625
23 0.3671875 0.59921875 0.18125 0.1109375
7 0.54453125 0.6171875 0.228125 0.0859375
1 0.75703125 0.89921875 0.1765625 0.134375
17 0.384375 0.9015625 0.1875 0.1015625
11 0.6046875 0.925 0.09375 0.0859375
34 0.38203125 0.19296875 0.140625 0.0953125
8 0.61171875 0.21953125 0.1046875 0.0578125
31 0.79765625 0.25078125 0.128125 0.03125
14 0.675 0.453125 0.10625 0.0390625
37 0.56015625 0.446875 0.153125 0.0859375
2 0.38828125 0.45390625 0.196875 0.0671875