7 0.62109375 0.471875 0.115625 0.0390625
6 0.58671875 0.57578125 0.1859375 0.1
1 0.45859375 0.5796875 0.1703125 0.090625
11 0.71796875 0.6015625 0.08125 0.06875
22 0.765625 0.8234375 0.10625 0.1609375
22 0.8125 0.84453125 0.109375 0.1703125
30 0.62265625 0.88671875 0.2109375 0.109375
36 0.36953125 0.89296875 0.1765625 0.13125
33 0.33515625 0.1609375 0.2 0.1828125
8 0.50703125 0.2140625 0.0921875 0.053125
14 0.79140625 0.2140625 0.1140625 0.05
31 0.665625 0.23203125 0.1421875 0.03125
15 0.78515625 0.415625 0.165625 0.1453125
18 0.334375 0.4375 0.06875 0.1171875
34 0.575 0.440625 0.134375 0.0890625
37 0.440625 0.44921875 0.153125 0.075
7 0.73984375 0.45234375 0.1390625 0.0734375