0 0.6 0.59296875 0.2046875 0.1
9 0.778125 0.59453125 0.2234375 0.0859375
16 0.4109375 0.6140625 0.19375 0.08125
2 0.65234375 0.878125 0.215625 0.115625
15 0.428125 0.8921875 0.21875 0.1328125
10 0.80703125 0.88515625 0.1359375 0.0921875
18 0.803125 0.17421875 0.0703125 0.10625
34 0.37109375 0.21484375 0.1625 0.075
11 0.7171875 0.20390625 0.0890625 0.0640625
8 0.56015625 0.215625 0.103125 0.05625
9 0.78671875 0.4265625 0.2015625 0.1015625
4 0.58984375 0.44453125 0.1796875 0.065625
12 0.421875 0.4609375 0.1625 0.0578125