6 0.63515625 0.54609375 0.1640625 0.04375
34 0.3984375 0.57734375 0.1359375 0.075
11 0.775 0.5875 0.08125 0.059375
23 0.64296875 0.6015625 0.2046875 0.08125
31 0.41796875 0.625 0.165625 0.0515625
14 0.81875 0.628125 0.1078125 0.059375
35 0.77265625 0.81953125 0.109375 0.0765625
30 0.38671875 0.84765625 0.1359375 0.0859375
22 0.59765625 0.88046875 0.10625 0.184375
22 0.490625 0.88359375 0.1140625 0.1828125
16 0.778125 0.93046875 0.228125 0.1359375
33 0.3453125 0.153125 0.15625 0.1703125
35 0.7859375 0.175 0.0859375 0.1203125
18 0.8265625 0.1875 0.075 0.1171875
36 0.66640625 0.19375 0.246875 0.0984375
37 0.4828125 0.21484375 0.15625 0.0515625
13 0.55703125 0.41171875 0.128125 0.11875
15 0.79140625 0.42109375 0.1640625 0.1359375
0 0.3984375 0.43671875 0.178125 0.059375
8 0.42109375 0.45546875 0.1390625 0.0609375
7 0.69140625 0.45859375 0.2375 0.0703125