9 0.7515625 0.61953125 0.2125 0.1046875
37 0.55703125 0.6125 0.1578125 0.0953125
3 0.36484375 0.61640625 0.1390625 0.0578125
33 0.76953125 0.87109375 0.1578125 0.228125
23 0.6375 0.88359375 0.14375 0.1203125
17 0.3796875 0.89453125 0.2046875 0.0921875
34 0.39140625 0.19453125 0.1734375 0.1
8 0.5984375 0.21640625 0.0828125 0.0515625
14 0.7296875 0.234375 0.1015625 0.0515625
18 0.75390625 0.4203125 0.065625 0.071875
6 0.403125 0.42265625 0.1875 0.0796875
15 0.784375 0.46640625 0.1828125 0.1
36 0.39921875 0.453125 0.278125 0.0859375
7 0.62578125 0.465625 0.2 0.0734375