10 0.42109375 0.47734375 0.2390625 0.0546875
36 0.76328125 0.59921875 0.18125 0.1078125
23 0.5984375 0.603125 0.1578125 0.0890625
8 0.4296875 0.603125 0.140625 0.0703125
34 0.53203125 0.85546875 0.146875 0.109375
15 0.72109375 0.87578125 0.253125 0.121875
4 0.39375 0.87265625 0.1421875 0.1
13 0.80859375 0.1953125 0.1828125 0.125
31 0.6578125 0.2328125 0.18125 0.040625
18 0.75234375 0.42578125 0.06875 0.109375
30 0.46328125 0.4390625 0.1890625 0.084375
11 0.58671875 0.45234375 0.0859375 0.0796875
33 0.7125 0.459375 0.30625 0.0953125