31 0.70078125 0.45703125 0.1203125 0.04375
27 0.37265625 0.59296875 0.15625 0.115625
33 0.54296875 0.60078125 0.3125 0.11875
14 0.74921875 0.59609375 0.109375 0.0671875
23 0.59375 0.84609375 0.1921875 0.0921875
13 0.60859375 0.86640625 0.1578125 0.1625
11 0.73828125 0.88203125 0.0796875 0.078125
15 0.396875 0.93046875 0.215625 0.134375
35 0.35 0.1875 0.1171875 0.1375
34 0.74296875 0.19453125 0.1453125 0.08125
1 0.5640625 0.20859375 0.1984375 0.0671875
37 0.55703125 0.43828125 0.1671875 0.0859375
16 0.39765625 0.471875 0.2 0.075