33 0.45625 0.559375 0.26875 0.1359375
11 0.746875 0.5984375 0.0859375 0.075
4 0.603125 0.60390625 0.1484375 0.0796875
7 0.36796875 0.61875 0.134375 0.0703125
34 0.6484375 0.88203125 0.153125 0.0984375
36 0.78984375 0.8828125 0.1828125 0.146875
0 0.4 0.88515625 0.1921875 0.1140625
22 0.6484375 0.16953125 0.1203125 0.1671875
6 0.80546875 0.19921875 0.203125 0.1109375
9 0.409375 0.2015625 0.209375 0.10625
35 0.39375 0.40703125 0.1265625 0.1328125
8 0.7515625 0.44765625 0.1328125 0.071875
16 0.56171875 0.4578125 0.253125 0.0828125