35 0.77109375 0.55625 0.1203125 0.140625
23 0.41875 0.58671875 0.15 0.0984375
6 0.59296875 0.5828125 0.16875 0.103125
22 0.67421875 0.8015625 0.10625 0.146875
11 0.3703125 0.87421875 0.0765625 0.071875
18 0.38984375 0.8953125 0.065625 0.1125
9 0.6625 0.9171875 0.2328125 0.134375
8 0.709375 0.20234375 0.0953125 0.0578125
3 0.49921875 0.2234375 0.146875 0.0453125
13 0.38984375 0.4265625 0.1765625 0.1484375
34 0.54921875 0.4453125 0.1421875 0.0890625
36 0.78984375 0.4421875 0.1203125 0.0796875
36 0.67890625 0.4484375 0.078125 0.0609375