1 0.4234375 0.58828125 0.146875 0.1140625
9 0.75625 0.59375 0.2125 0.1125
37 0.56328125 0.603125 0.1671875 0.1015625
11 0.34921875 0.625 0.0953125 0.075
27 0.759375 0.85234375 0.14375 0.125
30 0.43671875 0.8640625 0.2390625 0.0875
34 0.38515625 0.92734375 0.19375 0.1234375
17 0.60390625 0.94375 0.2015625 0.1109375
8 0.53203125 0.20859375 0.0859375 0.0640625
14 0.68671875 0.2046875 0.109375 0.059375
31 0.35859375 0.23359375 0.14375 0.05
18 0.74375 0.40625 0.075 0.09375
35 0.5515625 0.41640625 0.128125 0.14375
15 0.76484375 0.43671875 0.221875 0.1109375
6 0.41484375 0.45234375 0.1921875 0.1140625
36 0.6078125 0.46015625 0.0828125 0.059375