7 0.6203125 0.465625 0.1140625 0.0515625
13 0.4484375 0.57109375 0.15 0.146875
35 0.36015625 0.58359375 0.128125 0.1515625
6 0.590625 0.575 0.1875 0.109375
11 0.72421875 0.5984375 0.0859375 0.0734375
22 0.77265625 0.8203125 0.125 0.1734375
22 0.8203125 0.83984375 0.11875 0.178125
1 0.6359375 0.846875 0.2140625 0.11875
36 0.38125 0.8921875 0.178125 0.1359375
33 0.33125 0.16953125 0.24375 0.18125
35 0.52265625 0.1765625 0.1359375 0.140625
27 0.653125 0.1921875 0.1578125 0.103125
14 0.7953125 0.2078125 0.1171875 0.0578125
15 0.78359375 0.4109375 0.1828125 0.16875
18 0.33671875 0.440625 0.075 0.121875
34 0.56640625 0.4359375 0.1265625 0.0875
37 0.4375 0.44921875 0.15 0.0796875
7 0.73828125 0.45078125 0.1453125 0.078125