31 0.3421875 0.46328125 0.13125 0.046875
35 0.73828125 0.57421875 0.1140625 0.134375
23 0.4515625 0.58515625 0.1390625 0.084375
13 0.33125 0.58125 0.134375 0.115625
37 0.603125 0.61328125 0.171875 0.1
6 0.67578125 0.83671875 0.1546875 0.1078125
2 0.375 0.884375 0.209375 0.1046875
33 0.5296875 0.89296875 0.284375 0.153125
7 0.74609375 0.9078125 0.215625 0.1203125
35 0.6015625 0.18671875 0.11875 0.1234375
34 0.3828125 0.20078125 0.1796875 0.0875
9 0.76171875 0.215625 0.2140625 0.1
11 0.39921875 0.44609375 0.0765625 0.0640625
36 0.51875 0.45234375 0.2265625 0.078125
30 0.734375 0.4609375 0.165625 0.0671875