1 0.415625 0.58203125 0.1421875 0.10625
9 0.74765625 0.61640625 0.2078125 0.1015625
37 0.5546875 0.6078125 0.1625 0.09375
11 0.33828125 0.6109375 0.0921875 0.0703125
27 0.72734375 0.8734375 0.1375 0.11875
30 0.40546875 0.85703125 0.2359375 0.075
34 0.3484375 0.915625 0.1875 0.1140625
17 0.5640625 0.95 0.196875 0.096875
8 0.55703125 0.2125 0.0828125 0.059375
14 0.71171875 0.22265625 0.1078125 0.053125
31 0.38203125 0.22265625 0.1421875 0.0421875
18 0.75078125 0.428125 0.0703125 0.090625
35 0.5578125 0.421875 0.121875 0.1375
15 0.76953125 0.46015625 0.2171875 0.1015625
6 0.41875 0.4453125 0.1875 0.1046875
36 0.61015625 0.46953125 0.0796875 0.05625