35 0.7390625 0.571875 0.11875 0.1375
13 0.3375 0.58125 0.1296875 0.125
23 0.459375 0.5875 0.1484375 0.103125
37 0.6078125 0.61171875 0.1578125 0.0859375
11 0.74921875 0.621875 0.0828125 0.0703125
6 0.67890625 0.83359375 0.1578125 0.1078125
1 0.55234375 0.878125 0.1796875 0.1078125
2 0.371875 0.88515625 0.1890625 0.10625
7 0.7484375 0.90546875 0.209375 0.1234375
22 0.52734375 0.15859375 0.1171875 0.1828125
35 0.38046875 0.178125 0.1265625 0.13125
27 0.68125 0.19609375 0.184375 0.1109375
36 0.5171875 0.44921875 0.2203125 0.0875
30 0.73828125 0.45859375 0.1625 0.0796875
14 0.35625 0.45546875 0.0984375 0.0578125