1 0.421875 0.58203125 0.15 0.09375
9 0.74921875 0.6140625 0.2046875 0.0984375
37 0.55703125 0.60703125 0.1609375 0.09375
11 0.33203125 0.6140625 0.0796875 0.06875
30 0.6328125 0.86953125 0.1453125 0.1
27 0.75546875 0.8765625 0.140625 0.1328125
34 0.49765625 0.87109375 0.1453125 0.10625
2 0.35546875 0.8921875 0.1546875 0.1078125
8 0.58359375 0.21484375 0.0828125 0.053125
14 0.721875 0.2265625 0.1140625 0.05625
18 0.74765625 0.4140625 0.059375 0.0671875
6 0.38359375 0.44140625 0.20625 0.1
15 0.7796875 0.45859375 0.1921875 0.0953125
7 0.61796875 0.465625 0.1984375 0.065625