10 0.65 0.4703125 0.1140625 0.0390625
13 0.41796875 0.56640625 0.125 0.11875
34 0.5484375 0.5796875 0.1515625 0.06875
9 0.72421875 0.61484375 0.2234375 0.053125
35 0.66484375 0.8234375 0.10625 0.128125
15 0.7796875 0.89921875 0.221875 0.1140625
7 0.4203125 0.9109375 0.2140625 0.0734375
6 0.596875 0.2015625 0.1875 0.0921875
30 0.76171875 0.2078125 0.15625 0.0734375
12 0.459375 0.21484375 0.13125 0.0515625
22 0.37421875 0.43984375 0.128125 0.078125
23 0.77578125 0.44921875 0.159375 0.0734375
31 0.5171875 0.4625 0.15 0.046875