35 0.7484375 0.56796875 0.1125 0.1390625
13 0.33515625 0.57890625 0.128125 0.1234375
33 0.51953125 0.603125 0.3140625 0.1140625
22 0.634375 0.81875 0.1015625 0.165625
11 0.33203125 0.86640625 0.0765625 0.071875
18 0.35234375 0.88828125 0.0640625 0.1125
8 0.590625 0.9140625 0.1359375 0.0953125
13 0.34453125 0.1703125 0.1640625 0.1546875
6 0.4984375 0.203125 0.2 0.0875
0 0.62109375 0.21328125 0.2828125 0.084375
37 0.7890625 0.22421875 0.1015625 0.0578125
34 0.38828125 0.44609375 0.146875 0.084375
7 0.54453125 0.46171875 0.1984375 0.0796875