9 0.7359375 0.56953125 0.2265625 0.103125
6 0.39375 0.5984375 0.1734375 0.103125
30 0.54296875 0.59921875 0.1625 0.0890625
22 0.61796875 0.81640625 0.11875 0.16875
13 0.41640625 0.86875 0.1609375 0.1578125
0 0.7609375 0.8484375 0.1828125 0.109375
35 0.3265625 0.18828125 0.109375 0.140625
7 0.48671875 0.2203125 0.23125 0.0671875
36 0.68828125 0.43828125 0.0796875 0.0546875
8 0.37109375 0.4609375 0.0984375 0.06875
36 0.79140625 0.43515625 0.1359375 0.090625
17 0.5640625 0.4609375 0.2484375 0.05625