0 0.5953125 0.59765625 0.203125 0.096875
9 0.7734375 0.60859375 0.221875 0.08125
16 0.40546875 0.609375 0.1921875 0.078125
2 0.63203125 0.8859375 0.2140625 0.1109375
15 0.4078125 0.8875 0.215625 0.128125
10 0.78671875 0.9 0.134375 0.0890625
18 0.81953125 0.190625 0.06875 0.10625
34 0.3859375 0.2078125 0.1625 0.071875
11 0.73203125 0.215625 0.0890625 0.0625
8 0.575 0.21953125 0.103125 0.0546875
9 0.78984375 0.44140625 0.2 0.0984375
4 0.5921875 0.44921875 0.1796875 0.0625
12 0.42421875 0.45703125 0.1625 0.0546875