35 0.734375 0.58359375 0.1203125 0.140625
13 0.33359375 0.571875 0.1328125 0.1265625
23 0.4546875 0.58515625 0.15 0.1046875
37 0.6015625 0.61640625 0.1578125 0.0890625
11 0.7421875 0.63515625 0.084375 0.0703125
6 0.66171875 0.84296875 0.159375 0.1109375
1 0.5328125 0.88046875 0.18125 0.1109375
2 0.3515625 0.878125 0.190625 0.109375
7 0.7265625 0.91796875 0.2125 0.1265625
22 0.5453125 0.1609375 0.121875 0.1859375
35 0.39765625 0.171875 0.128125 0.1328125
27 0.696875 0.20625 0.1859375 0.115625
36 0.5203125 0.45 0.2203125 0.0921875
30 0.73984375 0.4703125 0.1625 0.0828125
14 0.35859375 0.44765625 0.0984375 0.059375