18 0.46328125 0.56640625 0.0625 0.125
9 0.74375 0.61640625 0.209375 0.109375
3 0.36640625 0.6171875 0.14375 0.0578125
33 0.76953125 0.86953125 0.165625 0.2296875
15 0.49453125 0.875 0.2015625 0.1140625
17 0.3890625 0.89765625 0.2140625 0.0890625
34 0.38671875 0.19609375 0.16875 0.0953125
8 0.59609375 0.2171875 0.0828125 0.0515625
14 0.728125 0.22890625 0.096875 0.0578125
6 0.40546875 0.41796875 0.18125 0.075
37 0.56796875 0.45078125 0.1453125 0.0765625
30 0.75234375 0.46953125 0.178125 0.075
36 0.409375 0.45546875 0.2890625 0.0921875