35 0.73984375 0.59375 0.1203125 0.146875
13 0.32734375 0.5609375 0.1359375 0.1328125
33 0.50859375 0.6046875 0.3203125 0.1359375
22 0.60078125 0.83125 0.1125 0.171875
11 0.29453125 0.846875 0.08125 0.0765625
18 0.3125 0.87109375 0.071875 0.115625
8 0.546875 0.92109375 0.1421875 0.1046875
13 0.3796875 0.15625 0.1734375 0.165625
6 0.5296875 0.2046875 0.2046875 0.1015625
0 0.65 0.22734375 0.2875 0.103125
37 0.81640625 0.25625 0.1046875 0.0640625
34 0.39453125 0.43515625 0.1515625 0.09375
7 0.5484375 0.46640625 0.203125 0.09375