2 0.5703125 0.465625 0.2203125 0.0703125
13 0.584375 0.58203125 0.171875 0.1265625
37 0.73515625 0.57109375 0.1484375 0.0859375
33 0.40703125 0.61640625 0.2640625 0.0953125
8 0.73515625 0.86875 0.125 0.08125
31 0.4625 0.8953125 0.13125 0.0703125
35 0.31015625 0.190625 0.1328125 0.1453125
35 0.56171875 0.175 0.1265625 0.13125
7 0.60546875 0.2 0.3015625 0.090625
0 0.428125 0.22109375 0.1546875 0.0734375
11 0.75234375 0.19375 0.0859375 0.059375
23 0.69296875 0.41875 0.20625 0.0984375
9 0.353125 0.4625 0.196875 0.103125