1 0.41171875 0.57734375 0.146875 0.1140625
9 0.74140625 0.6296875 0.2125 0.1109375
37 0.54921875 0.61015625 0.165625 0.1015625
11 0.3328125 0.603125 0.0953125 0.075
27 0.7078125 0.884375 0.14375 0.125
30 0.38671875 0.8515625 0.2390625 0.0875
34 0.32734375 0.90703125 0.19375 0.1234375
17 0.53984375 0.94921875 0.2015625 0.1015625
8 0.571875 0.21640625 0.0859375 0.0625
14 0.72578125 0.23359375 0.1109375 0.059375
31 0.396875 0.21640625 0.14375 0.05
18 0.7546875 0.44140625 0.075 0.0953125
35 0.5625 0.425 0.128125 0.14375
15 0.77109375 0.47421875 0.221875 0.1125
6 0.421875 0.44140625 0.1921875 0.1140625
36 0.61171875 0.475 0.0828125 0.059375