9 0.725 0.6015625 0.225 0.109375
8 0.3671875 0.59375 0.1171875 0.078125
30 0.54140625 0.60390625 0.15625 0.08125
22 0.5796875 0.8234375 0.1171875 0.159375
13 0.371875 0.8546875 0.16875 0.15625
0 0.7109375 0.87734375 0.184375 0.1078125
1 0.52421875 0.9125 0.2234375 0.0984375
22 0.75 0.18359375 0.1125 0.1625
35 0.36640625 0.1671875 0.1109375 0.1375
7 0.51796875 0.22265625 0.2265625 0.0703125
36 0.69296875 0.4625 0.0796875 0.0578125
34 0.36484375 0.446875 0.14375 0.0921875
37 0.56328125 0.46015625 0.225 0.0890625