10 0.65 0.4671875 0.1140625 0.040625
34 0.55 0.57890625 0.153125 0.0703125
30 0.51796875 0.609375 0.2125 0.08125
9 0.7265625 0.6109375 0.2234375 0.0578125
35 0.6015625 0.85859375 0.128125 0.1453125
15 0.76484375 0.85703125 0.225 0.1203125
31 0.44765625 0.884375 0.134375 0.0734375
13 0.78046875 0.190625 0.1140625 0.1015625
6 0.60390625 0.1984375 0.1953125 0.0890625
12 0.45859375 0.21640625 0.121875 0.053125
22 0.37265625 0.4421875 0.1296875 0.08125
23 0.775 0.44453125 0.1609375 0.0765625
8 0.51953125 0.45 0.0859375 0.0515625