31 0.70390625 0.475 0.1203125 0.040625
27 0.36484375 0.58125 0.1546875 0.1125
33 0.53359375 0.6046875 0.3109375 0.1125
14 0.740625 0.61796875 0.1078125 0.0640625
23 0.56328125 0.85390625 0.190625 0.0890625
13 0.57578125 0.87421875 0.1546875 0.1609375
11 0.70390625 0.9015625 0.0796875 0.0765625
15 0.359375 0.91953125 0.2140625 0.13125
35 0.378125 0.17578125 0.115625 0.134375
34 0.76875 0.2171875 0.1453125 0.078125
1 0.5890625 0.215625 0.1984375 0.0640625
37 0.5625 0.44375 0.1671875 0.084375
16 0.40078125 0.46328125 0.1984375 0.0703125