9 0.73671875 0.5640625 0.2171875 0.109375
8 0.384375 0.6140625 0.1234375 0.078125
30 0.56015625 0.5953125 0.1671875 0.1015625
13 0.63125 0.8390625 0.1671875 0.1046875
0 0.76953125 0.8359375 0.18125 0.1234375
35 0.4453125 0.87109375 0.128125 0.1546875
1 0.58671875 0.90390625 0.2265625 0.1046875
22 0.69453125 0.14609375 0.10625 0.165625
7 0.3609375 0.2328125 0.21875 0.0703125
3 0.54453125 0.21640625 0.140625 0.0546875
34 0.35546875 0.47109375 0.1546875 0.103125
37 0.56171875 0.45 0.2203125 0.09375