35 0.74765625 0.54140625 0.128125 0.1453125
13 0.3390625 0.5984375 0.1359375 0.1421875
1 0.6390625 0.59453125 0.2046875 0.10625
31 0.46328125 0.628125 0.1359375 0.0578125
22 0.6796875 0.79765625 0.1140625 0.1703125
18 0.3671875 0.859375 0.0625 0.10625
27 0.48671875 0.85390625 0.1984375 0.1078125
30 0.41171875 0.9296875 0.171875 0.1328125
0 0.66796875 0.90703125 0.1765625 0.1015625
13 0.3 0.19453125 0.178125 0.15625
34 0.65859375 0.190625 0.178125 0.0875
35 0.746875 0.39453125 0.1296875 0.1359375
33 0.5484375 0.4484375 0.3125 0.1125
11 0.32265625 0.48046875 0.0859375 0.071875