35 0.74140625 0.565625 0.11875 0.140625
13 0.325 0.5828125 0.1328125 0.1234375
1 0.62890625 0.60859375 0.203125 0.096875
31 0.44296875 0.62734375 0.1375 0.0546875
22 0.64609375 0.81796875 0.103125 0.1640625
18 0.33046875 0.84453125 0.059375 0.1046875
27 0.45 0.8515625 0.1953125 0.103125
30 0.36484375 0.9234375 0.184375 0.1328125
13 0.33671875 0.1765625 0.1703125 0.1546875
34 0.6890625 0.20859375 0.171875 0.0890625
35 0.76015625 0.421875 0.1265625 0.1375
11 0.32734375 0.46171875 0.0828125 0.06875
15 0.525 0.46484375 0.2484375 0.0734375