6 0.63046875 0.553125 0.165625 0.046875
34 0.3953125 0.571875 0.1453125 0.08125
11 0.7671875 0.6015625 0.08125 0.0671875
23 0.6390625 0.6109375 0.20625 0.084375
31 0.41171875 0.61875 0.16875 0.053125
14 0.8125 0.64453125 0.115625 0.065625
22 0.6640625 0.8328125 0.1078125 0.16875
35 0.76484375 0.84375 0.0953125 0.103125
3 0.51484375 0.83203125 0.1265625 0.0625
30 0.38046875 0.84296875 0.1390625 0.084375
1 0.54609375 0.8875 0.215625 0.096875
9 0.74921875 0.93046875 0.2203125 0.1234375
17 0.5390625 0.95234375 0.221875 0.0953125
33 0.35234375 0.1609375 0.1828125 0.159375
35 0.79609375 0.19453125 0.090625 0.1375
18 0.84375 0.20546875 0.0796875 0.11875
36 0.67890625 0.2109375 0.2609375 0.10625
37 0.49375 0.2171875 0.1453125 0.0578125
22 0.53828125 0.40703125 0.0953125 0.16875
15 0.79140625 0.4375 0.1515625 0.1453125
13 0.65390625 0.4359375 0.1640625 0.0984375
0 0.40078125 0.43515625 0.1546875 0.059375
8 0.42265625 0.44921875 0.1453125 0.0625
7 0.69375 0.47109375 0.2421875 0.08125