10 0.56015625 0.478125 0.1828125 0.0375
6 0.61953125 0.5953125 0.1796875 0.1015625
37 0.76328125 0.60390625 0.1234375 0.065625
11 0.440625 0.60234375 0.090625 0.071875
35 0.796875 0.84140625 0.0984375 0.140625
13 0.3625 0.83515625 0.096875 0.1265625
15 0.51328125 0.86328125 0.203125 0.0875
7 0.6984375 0.884375 0.1328125 0.096875
30 0.81015625 0.225 0.1453125 0.059375
31 0.64921875 0.23125 0.1625 0.0453125
22 0.46875 0.39765625 0.090625 0.1609375
27 0.80078125 0.44765625 0.1453125 0.096875
12 0.42109375 0.44921875 0.1015625 0.053125