7 0.628125 0.4765625 0.1109375 0.0375
13 0.44453125 0.5609375 0.153125 0.1421875
6 0.5875 0.58203125 0.18125 0.096875
9 0.6875 0.6078125 0.2859375 0.103125
22 0.7515625 0.83984375 0.1046875 0.1625
1 0.6125 0.85625 0.20625 0.103125
22 0.79296875 0.86328125 0.1109375 0.1671875
36 0.35703125 0.87890625 0.1796875 0.128125
33 0.3671875 0.153125 0.1984375 0.1796875
35 0.546875 0.18046875 0.125 0.13125
27 0.68203125 0.20546875 0.1640625 0.0921875
14 0.815625 0.22890625 0.1109375 0.0484375
15 0.790625 0.428125 0.171875 0.153125
18 0.34140625 0.4296875 0.0671875 0.11875
34 0.57421875 0.440625 0.13125 0.0921875
37 0.4421875 0.44609375 0.146875 0.071875
7 0.74296875 0.46875 0.1359375 0.0734375