7 0.34765625 0.4546875 0.1890625 0.078125
27 0.50078125 0.58671875 0.1390625 0.109375
6 0.71875 0.6125 0.184375 0.1140625
0 0.57265625 0.88984375 0.1140625 0.1125
37 0.37265625 0.8734375 0.1921875 0.096875
0 0.71015625 0.9296875 0.0984375 0.071875
9 0.790625 0.22734375 0.221875 0.103125
3 0.37734375 0.2125 0.1390625 0.0515625
31 0.53359375 0.23125 0.1453125 0.046875
34 0.3828125 0.4265625 0.128125 0.0828125
8 0.51875 0.453125 0.1125 0.065625
14 0.68984375 0.46953125 0.1125 0.065625
11 0.79296875 0.48203125 0.0859375 0.0734375