35 0.74453125 0.58203125 0.125 0.14375
13 0.3375 0.584375 0.1390625 0.1546875
31 0.59765625 0.621875 0.1265625 0.059375
22 0.6203125 0.81875 0.115625 0.1546875
18 0.3046875 0.8328125 0.0640625 0.109375
2 0.56953125 0.91015625 0.271875 0.1078125
30 0.334375 0.91328125 0.1859375 0.1390625
13 0.35234375 0.16875 0.178125 0.178125
6 0.51328125 0.20390625 0.2 0.096875
0 0.640625 0.22109375 0.2890625 0.1
37 0.80703125 0.23984375 0.10625 0.065625
34 0.39296875 0.43828125 0.15625 0.0984375
7 0.54453125 0.4625 0.203125 0.0890625