9 0.734375 0.55859375 0.228125 0.125
6 0.4 0.60625 0.178125 0.115625
30 0.546875 0.59453125 0.1796875 0.0984375
22 0.6390625 0.809375 0.1296875 0.178125
13 0.44140625 0.87578125 0.1640625 0.165625
0 0.78671875 0.83125 0.18125 0.11875
22 0.6828125 0.1328125 0.1109375 0.153125
35 0.3046875 0.2 0.121875 0.14375
1 0.703125 0.18515625 0.21875 0.0890625
7 0.46484375 0.221875 0.228125 0.084375
36 0.78203125 0.41015625 0.125 0.09375
36 0.68046875 0.42578125 0.0859375 0.0578125
8 0.36328125 0.4703125 0.096875 0.0765625
17 0.5578125 0.45625 0.253125 0.0734375