7 0.34296875 0.47578125 0.1875 0.071875
27 0.51328125 0.5859375 0.1359375 0.103125
6 0.7328125 0.58125 0.18125 0.109375
0 0.62578125 0.87578125 0.1109375 0.1078125
37 0.42578125 0.8875 0.1890625 0.090625
0 0.76796875 0.89609375 0.096875 0.06875
9 0.75078125 0.18984375 0.2203125 0.0953125
3 0.33828125 0.23203125 0.1359375 0.046875
31 0.49609375 0.2296875 0.14375 0.0421875
34 0.37421875 0.44296875 0.125 0.078125
8 0.5125 0.45078125 0.1109375 0.0625
14 0.684375 0.44375 0.1109375 0.0625
11 0.78828125 0.44140625 0.08125 0.0703125