0 0.603125 0.5890625 0.2078125 0.1078125
9 0.78203125 0.584375 0.2265625 0.09375
16 0.415625 0.6171875 0.1953125 0.0875
2 0.66484375 0.8734375 0.2203125 0.121875
15 0.44140625 0.89453125 0.221875 0.140625
10 0.82109375 0.8734375 0.1390625 0.0953125
18 0.79140625 0.1640625 0.0734375 0.109375
34 0.36171875 0.21875 0.165625 0.0796875
11 0.70625 0.196875 0.0921875 0.0671875
8 0.55 0.2140625 0.1046875 0.059375
9 0.78359375 0.41640625 0.203125 0.109375
4 0.5875 0.44140625 0.1828125 0.071875
12 0.4203125 0.46328125 0.165625 0.0625