17 0.53828125 0.46640625 0.221875 0.053125
9 0.73359375 0.565625 0.215625 0.1078125
8 0.3859375 0.61328125 0.1234375 0.078125
30 0.56015625 0.59921875 0.1671875 0.0953125
22 0.62578125 0.8171875 0.1203125 0.1796875
13 0.42265625 0.8671875 0.1546875 0.16875
0 0.7640625 0.8421875 0.190625 0.1078125
1 0.5828125 0.90390625 0.23125 0.096875
22 0.70625 0.15 0.1046875 0.1609375
35 0.3203125 0.19140625 0.1109375 0.1359375
7 0.4765625 0.22265625 0.221875 0.071875
36 0.78671875 0.42578125 0.128125 0.0875
34 0.3578125 0.4640625 0.146875 0.09375
36 0.6828125 0.4359375 0.0828125 0.0578125