13 0.4140625 0.56640625 0.1625 0.13125
9 0.7625 0.58828125 0.2125 0.1046875
7 0.5609375 0.609375 0.228125 0.0859375
14 0.3671875 0.6203125 0.1 0.0671875
1 0.8078125 0.86015625 0.184375 0.140625
17 0.43125 0.909375 0.184375 0.0875
11 0.65390625 0.91015625 0.0828125 0.0828125
8 0.57421875 0.20859375 0.096875 0.0578125
3 0.7421875 0.215625 0.13125 0.03125
6 0.39921875 0.42578125 0.1625 0.0640625
18 0.70234375 0.42109375 0.0703125 0.109375
37 0.5625 0.440625 0.146875 0.0828125
30 0.425 0.46875 0.259375 0.0734375