7 0.625 0.48359375 0.1140625 0.0421875
6 0.62421875 0.565625 0.1546875 0.0609375
34 0.40234375 0.565625 0.1515625 0.075
11 0.7640625 0.60703125 0.0734375 0.059375
23 0.6359375 0.60703125 0.209375 0.10625
31 0.40859375 0.61953125 0.1703125 0.0546875
14 0.81015625 0.64765625 0.1296875 0.0671875
22 0.6625 0.83203125 0.109375 0.1640625
3 0.5078125 0.8328125 0.10625 0.05625
35 0.75546875 0.85078125 0.109375 0.1171875
30 0.37734375 0.8421875 0.1484375 0.1
1 0.54921875 0.8890625 0.1921875 0.1
9 0.7375 0.93515625 0.221875 0.1296875
17 0.52421875 0.9546875 0.1984375 0.08125
33 0.36484375 0.15078125 0.1875 0.1890625
27 0.68984375 0.19140625 0.1203125 0.059375
35 0.8046875 0.20234375 0.1046875 0.134375
18 0.85390625 0.21328125 0.0796875 0.121875
36 0.68125 0.21953125 0.2859375 0.096875
37 0.50234375 0.2125 0.1609375 0.065625
13 0.51875 0.4140625 0.1484375 0.1390625
15 0.78046875 0.43671875 0.1890625 0.1671875
13 0.64375 0.43046875 0.15 0.0984375
0 0.403125 0.43671875 0.18125 0.0625
8 0.4234375 0.446875 0.1359375 0.0640625
7 0.7453125 0.47734375 0.128125 0.078125