35 0.7390625 0.578125 0.121875 0.1390625
13 0.334375 0.57734375 0.1296875 0.1140625
27 0.45546875 0.59921875 0.1578125 0.1078125
37 0.6078125 0.61484375 0.153125 0.09375
11 0.746875 0.63125 0.0828125 0.0703125
6 0.67109375 0.8390625 0.1578125 0.10625
1 0.54140625 0.88125 0.1796875 0.10625
2 0.3609375 0.88046875 0.1890625 0.1046875
7 0.74140625 0.9140625 0.2203125 0.1203125
22 0.54609375 0.16171875 0.1140625 0.184375
35 0.39453125 0.1734375 0.1328125 0.13125
3 0.7546875 0.2359375 0.15625 0.0484375
36 0.51953125 0.45078125 0.2140625 0.084375
30 0.73828125 0.465625 0.16875 0.0796875
14 0.35859375 0.45234375 0.0953125 0.059375