8 0.43359375 0.5984375 0.13125 0.0625
36 0.7671875 0.57265625 0.175 0.1078125
23 0.60859375 0.58984375 0.1484375 0.090625
10 0.43515625 0.64375 0.246875 0.05625
2 0.70859375 0.84921875 0.275 0.103125
4 0.475 0.87265625 0.1703125 0.0921875
13 0.7703125 0.16875 0.175 0.125
30 0.409375 0.21875 0.1890625 0.0828125
31 0.6328125 0.21953125 0.1828125 0.040625
18 0.74453125 0.4 0.06875 0.1109375
11 0.58046875 0.4375 0.0859375 0.0765625
33 0.70078125 0.4359375 0.296875 0.09375
1 0.42109375 0.46171875 0.21875 0.0796875