31 0.3421875 0.4515625 0.14375 0.0484375
35 0.73125 0.5921875 0.1234375 0.1421875
23 0.43984375 0.58515625 0.1578125 0.109375
13 0.3328125 0.5734375 0.128125 0.1453125
37 0.59375 0.61875 0.175 0.1109375
6 0.65234375 0.84609375 0.1609375 0.1140625
2 0.33984375 0.8734375 0.1953125 0.115625
33 0.503125 0.89453125 0.28125 0.1671875
7 0.70859375 0.92109375 0.225 0.1328125
35 0.62109375 0.19375 0.125 0.13125
9 0.76953125 0.22421875 0.228125 0.1046875
34 0.3984375 0.19453125 0.1703125 0.1
11 0.4015625 0.43671875 0.0796875 0.06875
30 0.73984375 0.475 0.1609375 0.0796875
36 0.521875 0.45234375 0.215625 0.0875