35 0.7546875 0.54296875 0.1234375 0.14375
13 0.353125 0.609375 0.1359375 0.153125
31 0.615625 0.60546875 0.1265625 0.0578125
22 0.66796875 0.79609375 0.1125 0.153125
18 0.35859375 0.859375 0.0609375 0.1078125
2 0.6328125 0.89375 0.271875 0.103125
30 0.40078125 0.93203125 0.1828125 0.1359375
13 0.30234375 0.19609375 0.175 0.1765625
6 0.4671875 0.20546875 0.2 0.0921875
0 0.5953125 0.203125 0.290625 0.09375
37 0.7625 0.19453125 0.1046875 0.0625
34 0.38515625 0.45625 0.15625 0.0953125
7 0.53828125 0.45546875 0.2015625 0.084375