27 0.36328125 0.57265625 0.1515625 0.1109375
6 0.515625 0.5953125 0.178125 0.115625
8 0.684375 0.62265625 0.1515625 0.0765625
37 0.36015625 0.871875 0.1890625 0.1015625
0 0.5671875 0.89921875 0.109375 0.1125
0 0.7046875 0.9328125 0.0953125 0.078125
9 0.8015625 0.23125 0.2375 0.1046875
3 0.38515625 0.2109375 0.13125 0.046875
31 0.5484375 0.2328125 0.1484375 0.0546875
34 0.38125 0.42734375 0.1421875 0.1046875
14 0.68828125 0.4734375 0.1078125 0.06875
11 0.796875 0.48671875 0.0859375 0.075
30 0.5359375 0.46796875 0.1609375 0.084375