31 0.33359375 0.471875 0.1234375 0.040625
35 0.740625 0.56328125 0.109375 0.1328125
13 0.33828125 0.584375 0.1109375 0.121875
23 0.4609375 0.5875 0.128125 0.0875
37 0.6125 0.60859375 0.1578125 0.0875
6 0.6921875 0.8265625 0.1546875 0.1046875
1 0.5609375 0.87421875 0.1890625 0.103125
2 0.384375 0.88984375 0.1859375 0.0984375
7 0.76640625 0.89921875 0.1953125 0.1078125
22 0.5125 0.159375 0.1078125 0.1796875
35 0.36953125 0.18359375 0.1234375 0.128125
27 0.6703125 0.18984375 0.1875 0.10625
11 0.3953125 0.45078125 0.071875 0.0625
36 0.51171875 0.45234375 0.2078125 0.0765625
30 0.72734375 0.44921875 0.1734375 0.075