37 0.71875 0.60546875 0.146875 0.090625
13 0.5734375 0.59609375 0.171875 0.115625
33 0.39296875 0.6 0.265625 0.1015625
6 0.6640625 0.84140625 0.15625 0.1109375
2 0.353125 0.878125 0.190625 0.109375
7 0.734375 0.92109375 0.2015625 0.121875
35 0.61171875 0.18984375 0.1265625 0.13125
8 0.4046875 0.20078125 0.159375 0.065625
9 0.775 0.22734375 0.215625 0.0984375
18 0.3578125 0.41171875 0.0640625 0.1046875
23 0.71484375 0.453125 0.203125 0.1
36 0.546875 0.45234375 0.2265625 0.1078125
11 0.75546875 0.47890625 0.08125 0.06875
31 0.340625 0.45390625 0.1375 0.046875