35 0.7390625 0.57421875 0.1140625 0.1375
13 0.321875 0.5765625 0.128125 0.1203125
1 0.625 0.61328125 0.2 0.090625
31 0.43828125 0.625 0.1359375 0.05
22 0.63515625 0.82265625 0.096875 0.1625
18 0.31875 0.83828125 0.05625 0.103125
27 0.4375 0.84921875 0.19375 0.096875
30 0.35 0.91875 0.1796875 0.128125
13 0.3484375 0.17109375 0.165625 0.15
34 0.69921875 0.215625 0.16875 0.084375
35 0.7625 0.43125 0.1234375 0.1328125
11 0.32890625 0.45546875 0.08125 0.065625
15 0.5265625 0.465625 0.246875 0.0640625