7 0.6265625 0.47421875 0.1125 0.0390625
13 0.44453125 0.56171875 0.1546875 0.1453125
6 0.5890625 0.58046875 0.1828125 0.1
9 0.68828125 0.6046875 0.2859375 0.1078125
22 0.7578125 0.83515625 0.1078125 0.1640625
1 0.61875 0.853125 0.2078125 0.10625
22 0.79921875 0.85703125 0.1140625 0.16875
36 0.36328125 0.88125 0.18125 0.13125
33 0.36015625 0.15546875 0.2015625 0.1828125
35 0.54140625 0.1796875 0.1265625 0.134375
27 0.67578125 0.20234375 0.165625 0.0953125
14 0.8109375 0.2234375 0.1125 0.05
15 0.78828125 0.42421875 0.1734375 0.15625
18 0.33984375 0.43359375 0.0703125 0.11875
34 0.57421875 0.43828125 0.1328125 0.09375
37 0.44140625 0.44609375 0.146875 0.075
7 0.7421875 0.465625 0.1375 0.078125