13 0.40546875 0.56015625 0.1578125 0.1359375
34 0.36171875 0.60390625 0.15 0.0953125
9 0.7609375 0.59921875 0.1953125 0.1
7 0.55546875 0.609375 0.23125 0.0796875
1 0.796875 0.86484375 0.1796875 0.13125
17 0.41953125 0.90859375 0.2078125 0.0921875
11 0.6453125 0.909375 0.0859375 0.0765625
18 0.64375 0.1828125 0.078125 0.11875
6 0.37734375 0.203125 0.1984375 0.1
8 0.5796875 0.209375 0.109375 0.05625
3 0.74453125 0.2171875 0.1328125 0.0296875
37 0.553125 0.44296875 0.15625 0.0765625
2 0.37265625 0.465625 0.2015625 0.065625
36 0.7125 0.4546875 0.2625 0.08125