8 0.53984375 0.59765625 0.1296875 0.0734375
4 0.746875 0.61953125 0.153125 0.075
7 0.35859375 0.609375 0.1390625 0.0640625
34 0.5375 0.8703125 0.1375 0.0875
36 0.765625 0.89375 0.16875 0.1328125
0 0.38125 0.878125 0.1796875 0.1015625
22 0.6640625 0.1734375 0.115625 0.1640625
6 0.82421875 0.21484375 0.203125 0.1015625
11 0.48359375 0.21875 0.078125 0.053125
3 0.38515625 0.21328125 0.1296875 0.0484375
35 0.396875 0.4078125 0.128125 0.1421875
33 0.59609375 0.4265625 0.290625 0.10625
16 0.75 0.475 0.2953125 0.0640625