10 0.64921875 0.46484375 0.115625 0.04375
34 0.55078125 0.578125 0.153125 0.0734375
30 0.51953125 0.609375 0.2125 0.084375
9 0.728125 0.60703125 0.2234375 0.0609375
35 0.6078125 0.85703125 0.13125 0.1484375
15 0.77109375 0.85234375 0.228125 0.1234375
31 0.4546875 0.8859375 0.134375 0.0765625
13 0.775 0.1859375 0.115625 0.1046875
6 0.5984375 0.196875 0.196875 0.0921875
12 0.45390625 0.2171875 0.1234375 0.0546875
22 0.371875 0.44375 0.1296875 0.0828125
23 0.7734375 0.43984375 0.1609375 0.078125
8 0.51875 0.45 0.0859375 0.053125