1 0.43984375 0.5921875 0.1546875 0.1125
9 0.75703125 0.60078125 0.209375 0.10625
37 0.5625 0.603125 0.1484375 0.096875
11 0.34609375 0.6203125 0.0875 0.075
27 0.76015625 0.86171875 0.153125 0.125
30 0.44765625 0.86796875 0.2375 0.075
34 0.38046875 0.925 0.16875 0.115625
17 0.59921875 0.94765625 0.221875 0.1015625
8 0.57109375 0.2125 0.0859375 0.0578125
14 0.70625 0.215625 0.11875 0.059375
18 0.74296875 0.4046875 0.0578125 0.06875
35 0.55 0.4140625 0.1140625 0.1421875
15 0.76875 0.4453125 0.221875 0.1015625
6 0.41640625 0.45234375 0.19375 0.1015625
36 0.60703125 0.46171875 0.0890625 0.0609375