10 0.57734375 0.4796875 0.1671875 0.0421875
34 0.78984375 0.6171875 0.1359375 0.0890625
8 0.421875 0.5984375 0.1484375 0.065625
9 0.64375 0.6203125 0.1671875 0.0625
35 0.78203125 0.85 0.10625 0.1453125
13 0.34609375 0.83671875 0.103125 0.125
15 0.5 0.86875 0.2140625 0.10625
7 0.6828125 0.89140625 0.13125 0.1078125
23 0.4828125 0.20390625 0.1671875 0.078125
30 0.80859375 0.2359375 0.1484375 0.0640625
37 0.60859375 0.221875 0.134375 0.0625
22 0.4703125 0.39609375 0.090625 0.15625
6 0.759375 0.453125 0.1625 0.0890625
11 0.6453125 0.45546875 0.0734375 0.0640625
12 0.42109375 0.4484375 0.109375 0.0578125