35 0.7375 0.57578125 0.128125 0.1484375
13 0.3359375 0.578125 0.140625 0.1359375
23 0.4578125 0.58671875 0.15625 0.115625
37 0.60546875 0.6125 0.1640625 0.1
11 0.74609375 0.6265625 0.0890625 0.0765625
6 0.6734375 0.83671875 0.1671875 0.121875
1 0.54609375 0.87890625 0.1890625 0.1234375
2 0.36484375 0.8828125 0.196875 0.121875
7 0.74140625 0.909375 0.2203125 0.140625
22 0.53359375 0.159375 0.1328125 0.1921875
35 0.38671875 0.17578125 0.1375 0.1421875
27 0.6859375 0.19921875 0.19375 0.1265625
36 0.51875 0.44921875 0.225 0.10625
30 0.73828125 0.46171875 0.1671875 0.09375
14 0.35703125 0.453125 0.103125 0.065625