3 0.61640625 0.46796875 0.1515625 0.0515625
13 0.41328125 0.56484375 0.175 0.11875
9 0.765625 0.590625 0.2015625 0.103125
23 0.3796875 0.61484375 0.1796875 0.109375
7 0.559375 0.6109375 0.228125 0.0828125
1 0.80390625 0.86484375 0.175 0.13125
17 0.434375 0.9125 0.1859375 0.096875
11 0.65546875 0.90859375 0.0921875 0.0859375
34 0.3453125 0.209375 0.1390625 0.09375
8 0.57734375 0.2078125 0.103125 0.05625
31 0.76484375 0.21640625 0.1265625 0.0296875
14 0.66875 0.43203125 0.1046875 0.0375
37 0.553125 0.43984375 0.153125 0.0828125
2 0.38359375 0.46875 0.1953125 0.0625