1 0.42890625 0.58828125 0.1453125 0.0953125
9 0.74375 0.6171875 0.2171875 0.1046875
37 0.56015625 0.60859375 0.1546875 0.0953125
11 0.33984375 0.61015625 0.0875 0.0734375
27 0.73828125 0.87421875 0.1515625 0.1109375
30 0.41796875 0.86328125 0.228125 0.0734375
34 0.35390625 0.9171875 0.18125 0.11875
17 0.590625 0.95 0.278125 0.1
8 0.55625 0.2140625 0.0875 0.0515625
14 0.7234375 0.23125 0.11875 0.0671875
31 0.3984375 0.225 0.1359375 0.0296875
35 0.5578125 0.4140625 0.1078125 0.1296875
18 0.7546875 0.4265625 0.0796875 0.0875
15 0.42890625 0.4421875 0.2703125 0.1140625
36 0.60859375 0.4703125 0.1109375 0.065625
7 0.76640625 0.4796875 0.240625 0.071875