31 0.3390625 0.459375 0.1328125 0.04375
35 0.69140625 0.57578125 0.115625 0.1375
13 0.325 0.58203125 0.1296875 0.128125
23 0.44921875 0.590625 0.1421875 0.1015625
37 0.60078125 0.61328125 0.1609375 0.0953125
6 0.6703125 0.834375 0.1609375 0.096875
2 0.36328125 0.8828125 0.2015625 0.1109375
33 0.52109375 0.89296875 0.28125 0.1515625
7 0.7359375 0.9140625 0.1984375 0.115625
35 0.60625 0.18984375 0.121875 0.128125
9 0.765625 0.2203125 0.209375 0.0890625
34 0.38828125 0.20234375 0.171875 0.0875
18 0.35546875 0.41484375 0.0578125 0.10625
36 0.51640625 0.45078125 0.2125 0.0859375
30 0.73515625 0.4671875 0.1671875 0.078125