31 0.33828125 0.46484375 0.1359375 0.053125
35 0.69375 0.56953125 0.125 0.1453125
13 0.328125 0.58828125 0.1390625 0.1390625
23 0.45234375 0.5921875 0.1484375 0.1109375
37 0.6046875 0.61015625 0.1671875 0.10625
6 0.68125 0.828125 0.1671875 0.1078125
2 0.3765625 0.88671875 0.2109375 0.125
33 0.534375 0.8921875 0.290625 0.171875
7 0.75 0.90546875 0.2078125 0.13125
35 0.5953125 0.18671875 0.13125 0.1359375
9 0.75625 0.21171875 0.2171875 0.1015625
34 0.378125 0.20625 0.178125 0.1
18 0.353125 0.4203125 0.0671875 0.1078125
36 0.51484375 0.45 0.21875 0.0984375
30 0.73359375 0.45859375 0.171875 0.0890625