7 0.54921875 0.465625 0.2015625 0.06875
8 0.5953125 0.5921875 0.1109375 0.0609375
34 0.4078125 0.6015625 0.1265625 0.0734375
10 0.77578125 0.6125 0.165625 0.059375
9 0.4609375 0.85390625 0.2421875 0.0875
2 0.76171875 0.87578125 0.1640625 0.0921875
0 0.75546875 0.2125 0.171875 0.0578125
3 0.5796875 0.22890625 0.10625 0.0375
22 0.7828125 0.39375 0.1015625 0.1453125
22 0.3796875 0.41171875 0.1 0.171875
13 0.45859375 0.42109375 0.0703125 0.103125
11 0.61171875 0.4359375 0.0765625 0.0421875
12 0.7546875 0.453125 0.115625 0.05