9 0.728125 0.57890625 0.2203125 0.10625
6 0.39140625 0.596875 0.171875 0.103125
30 0.5375 0.59765625 0.175 0.084375
22 0.6109375 0.82109375 0.115625 0.16875
13 0.4078125 0.86953125 0.153125 0.1546875
0 0.75703125 0.8546875 0.1734375 0.1046875
22 0.7140625 0.15 0.0984375 0.1453125
35 0.33125 0.184375 0.109375 0.134375
1 0.72890625 0.20390625 0.2140625 0.0703125
7 0.4890625 0.21953125 0.225 0.065625
36 0.78984375 0.43515625 0.11875 0.084375
36 0.68671875 0.4421875 0.0828125 0.0515625
8 0.36640625 0.45859375 0.090625 0.06875
17 0.5609375 0.46171875 0.25 0.053125