1 0.43359375 0.60078125 0.175 0.1078125
9 0.75625 0.58671875 0.2109375 0.1078125
37 0.56484375 0.603125 0.1625 0.0953125
27 0.78046875 0.8453125 0.1546875 0.128125
30 0.50625 0.86640625 0.1546875 0.0859375
6 0.39375 0.9109375 0.1796875 0.1359375
33 0.35078125 0.19609375 0.253125 0.13125
14 0.6703125 0.20546875 0.11875 0.0640625
31 0.546875 0.22578125 0.1390625 0.0375
18 0.35390625 0.42890625 0.0703125 0.1078125
34 0.58203125 0.43359375 0.1390625 0.090625
0 0.71328125 0.43828125 0.159375 0.0828125
8 0.40625 0.46171875 0.13125 0.06875