3 0.47265625 0.4671875 0.1390625 0.05625
7 0.61875 0.47265625 0.1078125 0.0390625
13 0.43984375 0.5484375 0.1453125 0.1109375
6 0.5890625 0.575 0.171875 0.0875
11 0.76875 0.58671875 0.0828125 0.071875
9 0.44609375 0.60703125 0.28125 0.1171875
16 0.709375 0.62109375 0.2421875 0.0640625
22 0.76015625 0.82578125 0.103125 0.153125
30 0.40703125 0.85078125 0.15 0.0875
36 0.5484375 0.853125 0.1453125 0.08125
22 0.80625 0.85390625 0.1125 0.171875
35 0.671875 0.86328125 0.11875 0.14375
1 0.76953125 0.91796875 0.2125 0.128125
2 0.51328125 0.9328125 0.1359375 0.084375
33 0.35078125 0.15546875 0.1875 0.1875
35 0.77890625 0.1765625 0.096875 0.1296875
18 0.82890625 0.18984375 0.0671875 0.1125
27 0.6734375 0.1953125 0.1359375 0.0921875
37 0.4875 0.21484375 0.1703125 0.0671875
15 0.78359375 0.42578125 0.1671875 0.1578125
34 0.56953125 0.4390625 0.1328125 0.0734375
0 0.40703125 0.43984375 0.16875 0.0703125
7 0.74296875 0.459375 0.140625 0.075
14 0.33671875 0.4640625 0.0953125 0.0578125