27 0.5125 0.58828125 0.146875 0.1046875
6 0.73515625 0.57578125 0.18125 0.10625
23 0.3640625 0.6171875 0.1625 0.1015625
0 0.634375 0.88203125 0.10625 0.10625
33 0.4578125 0.90078125 0.284375 0.165625
0 0.775 0.8890625 0.096875 0.0765625
9 0.74609375 0.184375 0.2265625 0.09375
3 0.3359375 0.23671875 0.134375 0.0453125
31 0.49609375 0.23046875 0.13125 0.0390625
34 0.375 0.43828125 0.11875 0.0671875
8 0.51328125 0.45234375 0.115625 0.0640625
14 0.68203125 0.44140625 0.10625 0.0640625
11 0.78828125 0.4359375 0.0828125 0.065625
7 0.34921875 0.475 0.1890625 0.078125