22 0.24375 0.83671875 0.15625 0.21875
34 0.81796875 0.24453125 0.1125 0.0765625
6 0.51875 0.42109375 0.11171875 0.04296875
6 0.5234375 0.475 0.10234375 0.05625
21 0.68125 0.4796875 0.215625 0.0546875
26 0.84921875 0.44453125 0.0609375 0.06640625
21 0.92578125 0.34765625 0.0625 0.0421875
17 0.578125 0.58671875 0.059375 0.0421875
37 0.528125 0.6890625 0.0515625 0.0296875
37 0.55703125 0.66171875 0.0421875 0.0203125
20 0.80703125 0.71015625 0.1078125 0.0546875
20 0.884375 0.67578125 0.08203125 0.07109375
7 0.896875 0.73046875 0.05234375 0.0296875
8 0.61171875 0.34921875 0.1203125 0.05
26 0.68125 0.2140625 0.05390625 0.08359375
8 0.75078125 0.203125 0.13671875 0.10546875