22 0.9171875 0.78046875 0.165625 0.1984375
21 0.8484375 0.3625 0.1703125 0.196875
9 0.3625 0.53671875 0.1421875 0.0671875
29 0.38984375 0.4875 0.0875 0.05
37 0.31015625 0.49375 0.0640625 0.040625
24 0.16328125 0.31953125 0.1109375 0.109375
24 0.27109375 0.3140625 0.0890625 0.0921875
6 0.3171875 0.19375 0.0609375 0.1
6 0.25625 0.196875 0.0640625 0.1
8 0.36875 0.35390625 0.1 0.04375
20 0.290625 0.42890625 0.2078125 0.0875
37 0.35859375 0.6578125 0.0390625 0.03125
30 0.440625 0.64609375 0.0546875 0.028125
30 0.30703125 0.6640625 0.053125 0.0421875