22 0.61484375 0.24921875 0.1203125 0.1171875
24 0.53359375 0.52578125 0.0765625 0.0765625
6 0.7265625 0.54921875 0.08125 0.071875
6 0.36171875 0.38515625 0.10625 0.0640625
19 0.45859375 0.359375 0.053125 0.0296875
17 0.36875 0.73828125 0.10625 0.0453125
17 0.37734375 0.6265625 0.1203125 0.0390625
8 0.47734375 0.5828125 0.078125 0.04375
8 0.3859375 0.59453125 0.103125 0.0359375
9 0.63125 0.4265625 0.1296875 0.0484375
23 0.49765625 0.9 0.109375 0.1015625
5 0.3671875 0.89453125 0.1203125 0.090625
7 0.31875 0.96875 0.04375 0.0421875