6 0.4015625 0.19609375 0.0890625 0.05234375
24 0.40859375 0.36015625 0.06953125 0.0609375
8 0.59453125 0.31875 0.13046875 0.1390625
22 0.41015625 0.30234375 0.0796875 0.06328125
19 0.409375 0.43984375 0.0515625 0.02578125
12 0.66953125 0.4546875 0.10234375 0.05859375
9 0.57421875 0.4859375 0.12421875 0.0421875
6 0.67890625 0.59140625 0.06484375 0.0546875
8 0.45390625 0.64765625 0.07109375 0.059375
8 0.365625 0.6703125 0.103125 0.03828125
17 0.3671875 0.809375 0.096875 0.0359375
23 0.5109375 0.95859375 0.11015625 0.07734375
5 0.38671875 0.965625 0.1125 0.06875